Time,-0.1,-0.095,-0.09,-0.085,-0.08,-0.075,-0.07,-0.065,-0.06,-0.055,-0.05,-0.045,-0.04,-0.035,-0.03,-0.025,-0.02,-0.015,-0.01,-0.005,0,0.005,0.01,0.015,0.02,0.025,0.03,0.035,0.04,0.045,0.05,0.055,0.06,0.065,0.07,0.075,0.08,0.085,0.09,0.095,0.1,0.105,0.11,0.115,0.12,0.125,0.13,0.135,0.14,0.145,0.15,0.155,0.16,0.165,0.17,0.175,0.18,0.185,0.19,0.195,0.2,0.205,0.21,0.215,0.22,0.225,0.23,0.235,0.24,0.245,0.25,0.255,0.26,0.265,0.27,0.275,0.28,0.285,0.29,0.295,0.3,0.305,0.31,0.315,0.32,0.325,0.33,0.335,0.34,0.345,0.35,0.355,0.36,0.365,0.37,0.375,0.38,0.385,0.39,0.395,0.4,0.405,0.41,0.415,0.42,0.425,0.43,0.435,0.44,0.445,0.45,0.455,0.46,0.465,0.47,0.475,0.48,0.485,0.49,0.495,0.5,0.505,0.51,0.515,0.52,0.525,0.53,0.535,0.54,0.545,0.55,0.555,0.56,0.565,0.57,0.575,0.58,0.585,0.59,0.595,0.6,0.605,0.61,0.615,0.62,0.625,0.63,0.635,0.64,0.645,0.65,0.655,0.66,0.665,0.67,0.675,0.68,0.685,0.69,0.695,0.7,0.705,0.71,0.715,0.72,0.725,0.73,0.735,0.74,0.745,0.75,0.755,0.76,0.765,0.77,0.775,0.78,0.785,0.79,0.795,0.8,0.805,0.81,0.815,0.82,0.825,0.83,0.835,0.84,0.845,0.85,0.855,0.86,0.865,0.87,0.875,0.88,0.885,0.89,0.895,0.9,0.905,0.91,0.915,0.92,0.925,0.93,0.935,0.94,0.945,0.95,0.955,0.96,0.965,0.97,0.975,0.98,0.985,0.99,0.995,1,
FP1,4.306309023e-06,1.439490728e-05,1.809278549e-05,1.752137121e-05,1.311185168e-05,8.920978497e-06,7.198090521e-06,8.816568706e-06,1.116454595e-05,1.062107296e-05,5.334217062e-06,-2.627407069e-06,-9.194566171e-06,-1.233475025e-05,-1.390382128e-05,-1.691056670e-05,-2.112563419e-05,-2.232672241e-05,-1.663227217e-05,-5.401934451e-06,4.940116123e-06,8.481304515e-06,5.226109967e-06,8.458674843e-07,1.152282011e-06,6.846604269e-06,1.336630629e-05,1.539715768e-05,1.152809668e-05,5.121007567e-06,1.209582033e-06,2.323173809e-06,6.482277120e-06,8.769675232e-06,5.348168525e-06,-3.090377019e-06,-1.143507713e-05,-1.426425868e-05,-1.077587178e-05,-5.999933382e-06,-6.682791751e-06,-1.525548677e-05,-2.744603214e-05,-3.581973153e-05,-3.591814170e-05,-2.940397343e-05,-2.183514989e-05,-1.777970533e-05,-1.776568466e-05,-1.894564562e-05,-1.784425023e-05,-1.265429568e-05,-4.058878562e-06,5.147160374e-06,1.142507784e-05,1.266961975e-05,9.940584806e-06,6.765256084e-06,5.741274900e-06,5.374765180e-06,9.203807706e-07,-1.064108919e-05,-2.623305619e-05,-3.805697137e-05,-4.028364495e-05,-3.461796186e-05,-2.873768570e-05,-2.876853553e-05,-3.340371879e-05,-3.576580812e-05,-3.092533497e-05,-2.097088329e-05,-1.231963909e-05,-8.500832644e-06,-6.463246058e-06,-3.198539899e-07,1.183751595e-05,2.557848536e-05,3.457361608e-05,3.679690553e-05,3.602183336e-05,3.764778239e-05,4.372462519e-05,5.202325886e-05,5.911203388e-05,6.362423029e-05,6.680861409e-05,7.083050426e-05,7.695316780e-05,8.479130590e-05,9.259227558e-05,9.842428264e-05,1.020222979e-04,1.058648810e-04,1.135369332e-04,1.257031669e-04,1.374871586e-04,1.411150149e-04,1.326711430e-04,1.165917462e-04,1.026344195e-04,9.749291891e-05,9.915765659e-05,9.961217879e-05,9.288071158e-05,8.022022813e-05,6.793412859e-05,6.119700556e-05,6.047223016e-05,6.290893243e-05,6.556755130e-05,6.686406957e-05,6.631034484e-05,6.458489297e-05,6.391159295e-05,6.672599713e-05,7.262248054e-05,7.712935456e-05,7.515305205e-05,6.642489592e-05,5.667940719e-05,5.216818804e-05,5.289523452e-05,5.228432243e-05,4.424142075e-05,3.010683560e-05,1.774833841e-05,1.363751232e-05,1.643538930e-05,1.878592172e-05,1.507013823e-05,6.906812390e-06,1.210267895e-06,3.422214621e-06,1.260741937e-05,2.230749151e-05,2.557488013e-05,1.989270158e-05,8.781021180e-06,-5.825922250e-07,-2.224245507e-06,4.327976941e-06,1.358620921e-05,1.840157870e-05,1.581375079e-05,9.201787912e-06,4.529254811e-06,4.307229283e-06,5.405325363e-06,2.916300789e-06,-4.108535079e-06,-1.116279410e-05,-1.259422250e-05,-7.309116079e-06,-2.762569580e-07,1.454347009e-06,-5.468250460e-06,-1.788935475e-05,-2.823674537e-05,-2.976388444e-05,-2.129450924e-05,-8.208868860e-06,1.257297006e-06,2.014651974e-06,-4.165413026e-06,-1.047190387e-05,-1.099497556e-05,-5.434707294e-06,1.698204666e-06,6.180538187e-06,8.016305610e-06,1.034317475e-05,1.501036622e-05,1.987811121e-05,2.057464455e-05,1.454781020e-05,3.303275084e-06,-8.807487665e-06,-1.750166957e-05,-2.072577192e-05,-1.918686384e-05,-1.562309511e-05,-1.318276742e-05,-1.340332816e-05,-1.512591398e-05,-1.563428451e-05,-1.330442084e-05,-9.054341047e-06,-4.846246898e-06,-9.474743785e-07,4.531671754e-06,1.284961242e-05,2.178812559e-05,2.651747511e-05,2.383806297e-05,1.543081422e-05,6.649252034e-06,2.146853742e-06,2.665476417e-06,5.492852565e-06,7.193614519e-06,5.819788239e-06,1.552497235e-06,-3.585650522e-06,-6.627466677e-06,-5.471057679e-06,-7.954161488e-07,4.096249234e-06,6.317270621e-06,6.595078533e-06,8.711649803e-06,1.505761436e-05,2.283871104e-05,2.646660556e-05,2.221476032e-05,1.435597161e-05,8.281323774e-06,1.070097817e-05,1.549146844e-05,2.354005316e-05,1.339316263e-05
AFF5,5.475576000e-06,1.702040343e-05,1.998560623e-05,1.861469366e-05,1.370859261e-05,9.345614599e-06,6.793260033e-06,7.060267441e-06,8.498928986e-06,8.384723060e-06,4.477810648e-06,-2.274837919e-06,-8.358322397e-06,-1.123892497e-05,-1.218458939e-05,-1.462497282e-05,-1.945634436e-05,-2.281331155e-05,-1.952358117e-05,-8.917373740e-06,3.466398970e-06,1.053315810e-05,1.002245682e-05,6.165068658e-06,5.184144143e-06,9.384927501e-06,1.547900492e-05,1.818291756e-05,1.525408634e-05,9.426419160e-06,5.900494917e-06,7.751414504e-06,1.307285306e-05,1.628877376e-05,1.284972222e-05,3.543815633e-06,-5.602888660e-06,-8.363098590e-06,-4.054923852e-06,1.521479497e-06,1.232903018e-06,-6.896790462e-06,-1.808341518e-05,-2.537576149e-05,-2.559792888e-05,-2.097335074e-05,-1.579340572e-05,-1.241817190e-05,-1.046089477e-05,-8.652635433e-06,-6.289998578e-06,-2.950786842e-06,1.922508276e-06,8.141569013e-06,1.382984405e-05,1.652000011e-05,1.571516132e-05,1.368115351e-05,1.277386896e-05,1.206613933e-05,7.706763922e-06,-2.540872044e-06,-1.549506881e-05,-2.441224054e-05,-2.530603651e-05,-2.106255134e-05,-1.852684416e-05,-2.130794543e-05,-2.596372928e-05,-2.575475872e-05,-1.796518329e-05,-6.924716037e-06,4.308948589e-07,1.590839015e-06,6.356840678e-07,3.513594006e-06,1.168455501e-05,2.072592020e-05,2.491737637e-05,2.271596438e-05,1.772792737e-05,1.489202078e-05,1.621084101e-05,1.995845970e-05,2.321524659e-05,2.462933894e-05,2.503755981e-05,2.620169311e-05,2.928844250e-05,3.415046553e-05,3.953302776e-05,4.409014826e-05,4.782533823e-05,5.273882598e-05,6.130425300e-05,7.327914707e-05,8.391865481e-05,8.649419550e-05,7.799151300e-05,6.276479539e-05,4.983715035e-05,4.556139772e-05,4.839672507e-05,5.084838178e-05,4.657104792e-05,3.571415173e-05,2.391614790e-05,1.695162734e-05,1.660935293e-05,2.079077998e-05,2.612191451e-05,3.001935601e-05,3.142687412e-05,3.118290846e-05,3.195998053e-05,3.651299496e-05,4.460579767e-05,5.177540754e-05,5.247527300e-05,4.541216161e-05,3.543532300e-05,2.919638132e-05,2.863925647e-05,2.930236962e-05,2.543429649e-05,1.637411630e-05,7.213569785e-06,3.199089035e-06,4.228270627e-06,5.385851807e-06,2.590501001e-06,-2.935263833e-06,-5.894180866e-06,-2.185390953e-06,7.086799622e-06,1.623308694e-05,1.916364815e-05,1.366688024e-05,2.999669860e-06,-6.037176544e-06,-7.501622786e-06,-5.526913424e-07,9.698593242e-06,1.602893697e-05,1.492636673e-05,9.249342950e-06,5.022851268e-06,5.371130962e-06,7.659481692e-06,6.704345238e-06,5.843981876e-07,-7.052663867e-06,-1.048449877e-05,-7.532594288e-06,-1.763967050e-06,5.883030949e-07,-4.076660910e-06,-1.375823321e-05,-2.229836309e-05,-2.383624765e-05,-1.701407587e-05,-6.032815248e-06,2.300919488e-06,3.583713092e-06,-9.763282472e-07,-5.968967760e-06,-6.693577650e-06,-3.022038607e-06,1.454822031e-06,3.835534622e-06,4.966049340e-06,7.844620939e-06,1.334183528e-05,1.820180017e-05,1.767121297e-05,1.000293772e-05,-1.746192936e-06,-1.212106069e-05,-1.724491737e-05,-1.691146658e-05,-1.378929083e-05,-1.116987964e-05,-1.099261813e-05,-1.297221924e-05,-1.506541809e-05,-1.509625421e-05,-1.246797298e-05,-8.355019275e-06,-4.013966183e-06,9.016481816e-07,7.739049139e-06,1.629009937e-05,2.338340644e-05,2.490706459e-05,1.960734420e-05,1.062766339e-05,3.051074425e-06,4.311234677e-08,1.325099116e-06,4.574886867e-06,7.268231464e-06,7.229897883e-06,2.964246189e-06,-4.895156274e-06,-1.245708767e-05,-1.450605313e-05,-9.015257218e-06,3.583871744e-07,7.338271567e-06,9.031969921e-06,8.284543722e-06,9.593086406e-06,1.321382295e-05,1.511911447e-05,1.149489766e-05,5.365996745e-06,1.647937798e-06,5.792133947e-06,1.194485468e-05,1.905764407e-05,1.046021459e-05
AFz,4.957989602e-06,1.559346119e-05,2.051731817e-05,2.282024855e-05,2.057813007e-05,1.594269629e-05,1.093614544e-05,8.730111216e-06,9.108623230e-06,8.935921083e-06,4.700871221e-06,-3.231198093e-06,-1.075361778e-05,-1.442338033e-05,-1.531530999e-05,-1.747337957e-05,-2.240988202e-05,-2.612712792e-05,-2.265236861e-05,-1.063531498e-05,4.248542059e-06,1.402121208e-05,1.556487292e-05,1.301552905e-05,1.323722394e-05,1.912699210e-05,2.718591266e-05,3.120336884e-05,2.816438986e-05,2.092515063e-05,1.551556411e-05,1.567825614e-05,1.949054090e-05,2.108593559e-05,1.609515624e-05,5.973840205e-06,-2.964290075e-06,-5.272215490e-06,-1.596513830e-06,1.752716860e-06,-1.322565775e-06,-1.105126615e-05,-2.179673475e-05,-2.736495608e-05,-2.608013688e-05,-2.097060488e-05,-1.591244803e-05,-1.233179637e-05,-9.307170522e-06,-5.601210821e-06,-6.969393497e-07,5.638694396e-06,1.342623094e-05,2.144263385e-05,2.692089587e-05,2.759547491e-05,2.437575848e-05,2.101636142e-05,2.007912943e-05,1.935761194e-05,1.348747659e-05,1.202259354e-08,-1.646239037e-05,-2.724238700e-05,-2.740103139e-05,-2.052066342e-05,-1.509586925e-05,-1.606132397e-05,-2.018455750e-05,-2.003766631e-05,-1.218104760e-05,-8.359051685e-07,6.694141122e-06,7.751241640e-06,6.908883922e-06,1.080549976e-05,2.086736857e-05,3.158672385e-05,3.596639374e-05,3.231776492e-05,2.557856062e-05,2.229307409e-05,2.470398612e-05,2.962531690e-05,3.240173906e-05,3.142282007e-05,2.901525015e-05,2.875274769e-05,3.237617345e-05,3.892316765e-05,4.604507839e-05,5.194370890e-05,5.662452760e-05,6.186659633e-05,6.969677757e-05,7.996445650e-05,8.896483605e-05,9.118678284e-05,8.373043912e-05,6.965512340e-05,5.646389613e-05,5.028285682e-05,5.091125718e-05,5.251707848e-05,4.925240006e-05,4.027196839e-05,2.971114892e-05,2.258129726e-05,2.110054763e-05,2.427208115e-05,2.958706356e-05,3.449447214e-05,3.721893054e-05,3.780039253e-05,3.878322401e-05,4.360198451e-05,5.276414087e-05,6.162355823e-05,6.341058469e-05,5.572332416e-05,4.377997991e-05,3.606389210e-05,3.613075155e-05,3.917885448e-05,3.730229345e-05,2.790134582e-05,1.619114963e-05,9.323982553e-06,8.853471115e-06,9.746455458e-06,6.580537173e-06,-2.041035716e-07,-4.652809939e-06,-1.473462805e-06,8.522594861e-06,1.880372073e-05,2.237184306e-05,1.696658282e-05,6.358092219e-06,-2.519432505e-06,-4.219272043e-06,1.728030448e-06,1.065442587e-05,1.624245378e-05,1.535015821e-05,1.026668744e-05,6.191328466e-06,6.083469711e-06,7.876604135e-06,6.940461769e-06,1.319886713e-06,-5.706270418e-06,-8.505411644e-06,-4.608967906e-06,2.541446953e-06,6.220930149e-06,1.987218317e-06,-8.608239647e-06,-1.901477761e-05,-2.236505352e-05,-1.628737050e-05,-4.461428763e-06,6.116428351e-06,1.016456824e-05,7.637915846e-06,2.966495703e-06,8.087833935e-07,2.282980359e-06,5.126188979e-06,7.175443816e-06,9.097468309e-06,1.325357974e-05,2.001554696e-05,2.582401578e-05,2.548200697e-05,1.666423083e-05,2.342574508e-06,-1.105594989e-05,-1.802284611e-05,-1.734395879e-05,-1.229223956e-05,-7.973238687e-06,-7.791458866e-06,-1.130499531e-05,-1.493304389e-05,-1.509793970e-05,-1.124748918e-05,-5.884136840e-06,-1.426917960e-06,2.754116276e-06,9.543129459e-06,1.998889424e-05,3.049841197e-05,3.500206563e-05,3.037019735e-05,1.952148557e-05,8.995836666e-06,3.638484816e-06,3.665009778e-06,6.106700351e-06,7.919346744e-06,7.449881104e-06,4.200543573e-06,-1.150558999e-06,-6.227087586e-06,-7.831012994e-06,-4.708135729e-06,6.718260686e-07,4.229272258e-06,4.673330342e-06,5.020898163e-06,8.840091509e-06,1.513597211e-05,1.877051851e-05,1.521833824e-05,7.343499453e-06,8.901997981e-07,2.564568902e-06,7.895890763e-06,1.576140830e-05,9.478269514e-06
F1,7.401870971e-06,1.902118255e-05,2.097087998e-05,2.180478970e-05,1.961700379e-05,1.656462854e-05,1.240442454e-05,9.799629234e-06,9.182482238e-06,8.823967414e-06,5.375811164e-06,-1.768167428e-06,-9.478910012e-06,-1.421767939e-05,-1.618461299e-05,-1.885851628e-05,-2.399668063e-05,-2.807148644e-05,-2.500953463e-05,-1.281598072e-05,3.256679743e-06,1.490790159e-05,1.825524964e-05,1.689439470e-05,1.760320942e-05,2.334035388e-05,3.057464993e-05,3.317794265e-05,2.863048060e-05,2.052436924e-05,1.529018429e-05,1.640132364e-05,2.128811671e-05,2.361691713e-05,1.894053784e-05,8.797563388e-06,-4.694613746e-07,-3.342947562e-06,-2.026279406e-07,2.956632730e-06,7.994101206e-08,-9.305490315e-06,-1.969479032e-05,-2.461356608e-05,-2.198209657e-05,-1.492736749e-05,-8.126486965e-06,-3.947768483e-06,-1.776777720e-06,1.563667934e-07,3.255567449e-06,8.409142205e-06,1.587017493e-05,2.430888936e-05,3.052706540e-05,3.150840581e-05,2.744075454e-05,2.202859447e-05,1.874365148e-05,1.669044207e-05,1.122181104e-05,-4.508198812e-07,-1.460819049e-05,-2.319927339e-05,-2.146838942e-05,-1.308532727e-05,-6.811599173e-06,-7.738404732e-06,-1.232272100e-05,-1.261202797e-05,-5.102658417e-06,5.408744704e-06,1.111353303e-05,9.701264771e-06,6.713901783e-06,9.241913897e-06,1.794620736e-05,2.604839965e-05,2.621556104e-05,1.788435823e-05,7.536210885e-06,2.213191844e-06,3.334689895e-06,6.683293423e-06,7.494588453e-06,4.869493952e-06,1.637883004e-06,1.065070609e-06,4.282302580e-06,1.029289776e-05,1.737637262e-05,2.421012096e-05,3.042389767e-05,3.685111321e-05,4.494084414e-05,5.485538885e-05,6.366130486e-05,6.624731721e-05,5.943944574e-05,4.580124308e-05,3.269495330e-05,2.649556226e-05,2.719625038e-05,2.881514232e-05,2.526910203e-05,1.586175617e-05,5.286347478e-06,-1.049663829e-06,-1.240736668e-06,2.897498263e-06,8.415490668e-06,1.332726301e-05,1.697215805e-05,1.982614857e-05,2.347743449e-05,2.971251380e-05,3.822013985e-05,4.514169711e-05,4.530728621e-05,3.724734741e-05,2.588498973e-05,1.899808383e-05,2.003839281e-05,2.460941421e-05,2.476896301e-05,1.707647522e-05,6.002652671e-06,-8.998564937e-07,-8.555219156e-07,1.631217246e-06,1.411648431e-07,-6.335055232e-06,-1.193104991e-05,-9.801749232e-06,6.794939766e-07,1.258965755e-05,1.719186216e-05,1.128300498e-05,-3.704173569e-07,-9.202730870e-06,-9.582260370e-06,-2.451180066e-06,6.536510746e-06,1.205683860e-05,1.284961897e-05,1.142448819e-05,1.073777852e-05,1.120236789e-05,1.061979484e-05,6.767116050e-06,7.580816996e-08,-6.061611548e-06,-7.731841995e-06,-3.821158635e-06,2.441508771e-06,5.265621440e-06,5.796461274e-07,-1.022819415e-05,-2.042107826e-05,-2.258370709e-05,-1.455758885e-05,-1.522086837e-06,8.047635063e-06,9.253487451e-06,4.277106482e-06,-5.577598150e-07,-9.160908281e-07,2.397648976e-06,5.869919851e-06,7.843559845e-06,9.957928733e-06,1.429439335e-05,1.998236126e-05,2.321774833e-05,2.048309270e-05,1.148012696e-05,-7.189133940e-07,-1.164256615e-05,-1.754929294e-05,-1.690822711e-05,-1.130470876e-05,-5.117898648e-06,-3.036677286e-06,-6.493358978e-06,-1.230680981e-05,-1.550225949e-05,-1.383199549e-05,-9.167157135e-06,-4.262397025e-06,1.054268810e-06,9.349306777e-06,2.114649773e-05,3.216366924e-05,3.615528321e-05,3.063020560e-05,1.920255417e-05,8.248913728e-06,1.888678375e-06,3.286789486e-07,1.776109657e-06,4.247242312e-06,5.438430521e-06,2.834322518e-06,-4.008287914e-06,-1.137551200e-05,-1.351663620e-05,-8.268115909e-06,-3.046708670e-08,4.277635053e-06,2.529047234e-06,-4.238201984e-07,1.384373654e-06,7.654380971e-06,1.209148478e-05,9.168797170e-06,1.667828906e-06,-3.721771406e-06,-7.736345925e-07,5.838215894e-06,1.299560857e-05,7.389755167e-06
FC5,1.016269398e-05,2.349961687e-05,2.049818566e-05,1.618162804e-05,1.066542399e-05,7.096842617e-06,2.903334147e-06,3.149975351e-07,8.750805186e-07,4.200947772e-06,5.927809476e-06,2.908737493e-06,-3.454999254e-06,-9.130719186e-06,-1.247088123e-05,-1.543926871e-05,-1.944441168e-05,-2.168262883e-05,-1.752872713e-05,-6.529251533e-06,5.574418265e-06,1.182439926e-05,1.058885756e-05,6.429991668e-06,4.839911704e-06,7.063905506e-06,1.013763059e-05,1.085213030e-05,8.825005443e-06,6.283220166e-06,5.986287496e-06,9.297893505e-06,1.493030154e-05,1.880965543e-05,1.632772715e-05,6.628003200e-06,-4.978057823e-06,-1.047095074e-05,-6.630447331e-06,1.046126532e-06,3.247558769e-06,-3.760786279e-06,-1.438006818e-05,-1.987266508e-05,-1.750563254e-05,-1.233021019e-05,-1.021559192e-05,-1.107366589e-05,-1.027035436e-05,-5.544506463e-06,-5.892013341e-08,2.188814712e-06,2.097843844e-06,4.435087970e-06,1.130160105e-05,1.881891369e-05,2.156541009e-05,1.895435064e-05,1.509028913e-05,1.241501588e-05,8.062771552e-06,-1.503440197e-06,-1.342814032e-05,-1.919582328e-05,-1.402083035e-05,-3.921324163e-06,-7.390039914e-07,-9.393008394e-06,-2.176644600e-05,-2.486852833e-05,-1.459050172e-05,2.624503684e-07,7.911807427e-06,5.961938031e-06,2.486169568e-06,5.646382690e-06,1.447374791e-05,2.093295519e-05,1.962589658e-05,1.326376206e-05,8.329423604e-06,7.347513360e-06,7.231692222e-06,4.659461738e-06,8.334691400e-07,-2.619495783e-07,2.827934148e-06,7.303264535e-06,9.830674879e-06,1.037319156e-05,1.119889443e-05,1.313458321e-05,1.489996233e-05,1.664357273e-05,2.205365364e-05,3.437118825e-05,4.999125375e-05,5.834630359e-05,5.076293150e-05,3.002934146e-05,9.804013297e-06,3.064547075e-06,1.074665682e-05,2.190018399e-05,2.466695886e-05,1.656319997e-05,4.536808547e-06,-3.221547750e-06,-4.096373617e-06,-6.208833112e-07,4.132054724e-06,9.046881795e-06,1.381121238e-05,1.764677791e-05,2.031279602e-05,2.319657543e-05,2.762193484e-05,3.195061714e-05,3.200940179e-05,2.575608513e-05,1.697219041e-05,1.256942622e-05,1.531063110e-05,2.000379652e-05,1.829016177e-05,7.589486208e-06,-5.459758642e-06,-1.115698296e-05,-6.223897789e-06,3.237943694e-06,8.127959569e-06,5.162697869e-06,-7.447932859e-07,-2.239376577e-06,2.981613891e-06,1.022900880e-05,1.260756156e-05,7.444621827e-06,-1.448811654e-06,-7.175680322e-06,-5.508771459e-06,1.788883041e-06,8.607611706e-06,9.659529193e-06,4.904723788e-06,-5.728840604e-07,-1.299255865e-06,3.393250684e-06,8.596722830e-06,8.442867219e-06,1.845304805e-06,-6.208649357e-06,-9.223354601e-06,-5.333520788e-06,8.394144066e-07,2.378694500e-06,-3.607400649e-06,-1.330763099e-05,-1.946385572e-05,-1.752631281e-05,-9.318411200e-06,-1.226532939e-06,1.266364947e-06,-2.101761493e-06,-6.761360577e-06,-7.705790648e-06,-3.730296678e-06,2.198236922e-06,6.313720310e-06,7.554768826e-06,7.855132340e-06,9.406827130e-06,1.204247522e-05,1.332503366e-05,1.087764128e-05,4.461413629e-06,-3.845608580e-06,-1.094873794e-05,-1.428277494e-05,-1.301616079e-05,-8.715032678e-06,-4.833067073e-06,-4.553607199e-06,-8.168146862e-06,-1.252342521e-05,-1.366069929e-05,-1.037739328e-05,-4.996304569e-06,-4.411419823e-07,3.078827502e-06,7.910953609e-06,1.547921964e-05,2.355236685e-05,2.749386208e-05,2.423351704e-05,1.492123544e-05,4.051281633e-06,-3.507385908e-06,-5.003770797e-06,-8.755001413e-07,5.328191024e-06,8.466628198e-06,5.114159145e-06,-3.207787265e-06,-1.045885346e-05,-1.118088808e-05,-5.861116069e-06,-5.335606212e-07,-2.531700794e-07,-3.360489492e-06,-3.341044377e-06,3.384740332e-06,1.254474376e-05,1.623110091e-05,1.096921410e-05,2.149973299e-06,-2.902442319e-06,-1.845013243e-07,4.966272324e-06,9.684217754e-06,5.388127924e-06
FC1,8.186204300e-06,2.101950439e-05,2.318705281e-05,2.369202402e-05,2.017026338e-05,1.534285250e-05,9.539687673e-06,6.069220516e-06,5.453744056e-06,5.818909438e-06,3.567168038e-06,-2.176258437e-06,-8.701523929e-06,-1.288071839e-05,-1.492049451e-05,-1.780191735e-05,-2.280051020e-05,-2.653291154e-05,-2.355088247e-05,-1.208925261e-05,3.289434558e-06,1.523253563e-05,1.986690189e-05,1.964939634e-05,2.031422351e-05,2.517569643e-05,3.215116876e-05,3.593550884e-05,3.308822542e-05,2.544383649e-05,1.877827287e-05,1.769943281e-05,2.120241284e-05,2.323012080e-05,1.831276539e-05,7.249876530e-06,-2.989914891e-06,-5.702584224e-06,-1.143141216e-06,3.439341124e-06,7.951744620e-07,-9.276497601e-06,-1.990377535e-05,-2.382546828e-05,-1.968057802e-05,-1.193638401e-05,-5.701176939e-06,-2.518040048e-06,-7.838963024e-07,1.346136018e-06,4.611835425e-06,9.503398702e-06,1.664537567e-05,2.533963855e-05,3.253094821e-05,3.475990201e-05,3.166836013e-05,2.668744165e-05,2.327519595e-05,2.071564273e-05,1.481987848e-05,3.437026371e-06,-9.454136949e-06,-1.646072751e-05,-1.411390431e-05,-6.869735916e-06,-2.886365850e-06,-5.643932977e-06,-1.035644535e-05,-9.207299991e-06,8.929611666e-08,1.157558585e-05,1.709766027e-05,1.462756024e-05,1.003681445e-05,1.061592548e-05,1.736904677e-05,2.411652387e-05,2.397525741e-05,1.615817720e-05,6.265575003e-06,4.771494491e-07,1.116663091e-07,1.723656274e-06,1.548547582e-06,-9.273008970e-07,-3.407883995e-06,-3.579245463e-06,-8.212777574e-07,4.211350704e-06,1.055661098e-05,1.722554825e-05,2.342000753e-05,2.934858161e-05,3.646796052e-05,4.565712227e-05,5.454628309e-05,5.761498408e-05,5.058484721e-05,3.541579052e-05,2.016870321e-05,1.268516672e-05,1.387850044e-05,1.744896282e-05,1.630279915e-05,9.026447883e-06,2.075776110e-07,-4.680224268e-06,-3.869326671e-06,6.647122750e-07,6.087497717e-06,1.063817191e-05,1.360673152e-05,1.525977183e-05,1.744370499e-05,2.289161454e-05,3.212245544e-05,4.090948658e-05,4.253695721e-05,3.416948988e-05,2.084263000e-05,1.173605453e-05,1.159132273e-05,1.619269586e-05,1.702893525e-05,1.028454482e-05,4.759071445e-07,-4.950235742e-06,-3.758762862e-06,-8.502398654e-07,-2.287504081e-06,-8.363797346e-06,-1.315853382e-05,-1.066599773e-05,-9.337806742e-07,9.662025258e-06,1.371851164e-05,8.603535934e-06,-1.847179142e-06,-1.039954258e-05,-1.151404342e-05,-4.867937747e-06,4.913035749e-06,1.196682260e-05,1.352544698e-05,1.140677272e-05,9.489576040e-06,9.643639389e-06,1.010294538e-05,7.826577003e-06,2.295116647e-06,-3.273332025e-06,-4.637704532e-06,-6.016242358e-07,5.393413397e-06,7.652193049e-06,2.696568534e-06,-7.662457467e-06,-1.709292423e-05,-1.908745752e-05,-1.190494000e-05,-1.950885174e-07,8.457311718e-06,9.563220774e-06,5.078941628e-06,9.108185442e-07,1.059595055e-06,4.371544965e-06,7.039640440e-06,7.624233085e-06,8.642897483e-06,1.296309079e-05,1.943171615e-05,2.304647807e-05,1.959907301e-05,9.668316246e-06,-2.032717548e-06,-1.057412585e-05,-1.370348785e-05,-1.184288088e-05,-6.936101034e-06,-1.940422213e-06,-1.885166716e-07,-3.354414319e-06,-9.450697348e-06,-1.380961953e-05,-1.307549543e-05,-8.094981958e-06,-2.189751649e-06,3.219766199e-06,1.009095957e-05,2.019917945e-05,3.094817396e-05,3.625423096e-05,3.221428594e-05,2.129518388e-05,1.030924467e-05,4.538725423e-06,4.263602914e-06,6.355268780e-06,7.761184699e-06,6.929181648e-06,3.304492688e-06,-2.551181619e-06,-8.073314364e-06,-9.656211749e-06,-6.073660105e-06,-5.806137508e-07,1.919645999e-06,3.254821613e-07,-1.162745793e-06,1.921105582e-06,8.249694231e-06,1.149562997e-05,7.029126458e-06,-1.664682268e-06,-7.291973667e-06,-4.352258350e-06,2.605681007e-06,9.143243978e-06,5.201093502e-06
T7,3.532954635e-06,1.473457373e-05,2.066582810e-05,1.926330712e-05,1.144259619e-05,3.531323094e-06,3.976719379e-07,2.582773185e-06,5.429124411e-06,3.890846974e-06,-2.877872112e-06,-1.039467511e-05,-1.284159692e-05,-8.544017930e-06,-1.952675222e-06,4.825649771e-08,-5.438203149e-06,-1.402762181e-05,-1.744980483e-05,-1.112396543e-05,1.072289147e-06,9.886713161e-06,9.263464448e-06,2.130587065e-06,-2.682779027e-06,4.347287297e-07,8.156514888e-06,1.204521545e-05,7.861562882e-06,2.063677606e-07,-2.565331082e-06,2.559696802e-06,1.016824353e-05,1.239618030e-05,6.975527340e-06,-1.243809849e-06,-5.907003703e-06,-4.915387880e-06,-6.905628403e-07,3.409479139e-06,5.308826792e-06,3.629832179e-06,-2.499470108e-06,-1.143297968e-05,-1.795296347e-05,-1.678345332e-05,-8.286835589e-06,5.517299354e-07,2.520466276e-06,-2.311198037e-06,-6.598456797e-06,-3.703399740e-06,5.211486014e-06,1.290435663e-05,1.424249859e-05,1.130081655e-05,1.006677849e-05,1.338921934e-05,1.831416579e-05,1.976397234e-05,1.533212378e-05,6.323324154e-06,-4.158482202e-06,-1.266621838e-05,-1.595670395e-05,-1.266732384e-05,-5.624878544e-06,-9.241855298e-07,-2.449705061e-06,-7.125896880e-06,-7.463230340e-06,-4.430836082e-08,9.618107492e-06,1.255723738e-05,6.740371667e-06,1.159400492e-07,1.945300168e-06,1.200544404e-05,2.030976940e-05,1.789748905e-05,6.364516399e-06,-4.420844237e-06,-7.009625196e-06,-2.960792876e-06,1.099227152e-06,1.634559815e-06,6.049108579e-07,7.834289610e-07,1.493936372e-06,4.002684492e-07,-1.888348920e-06,-1.288210688e-06,5.130960943e-06,1.521752215e-05,2.337256164e-05,2.562626345e-05,2.237972039e-05,1.668415709e-05,1.119142746e-05,7.119967643e-06,4.848469613e-06,4.065261565e-06,3.485732682e-06,1.736830140e-06,-9.197304384e-07,-2.561660577e-06,-2.026071105e-06,-6.990085949e-07,-6.941547393e-07,-1.400343199e-06,5.311450420e-07,6.736354503e-06,1.379765657e-05,1.632151139e-05,1.358402642e-05,1.116030167e-05,1.428570075e-05,2.052154793e-05,2.153858286e-05,1.316767885e-05,1.844157481e-06,-1.367854456e-06,6.703017262e-06,1.680903199e-05,1.671245107e-05,4.388107276e-06,-9.709212983e-06,-1.353608508e-05,-5.199281662e-06,6.637132388e-06,1.243392855e-05,1.009630394e-05,4.328339469e-06,4.661063222e-07,5.804514515e-07,4.104555927e-06,9.263793412e-06,1.295527409e-05,1.145506710e-05,3.913640700e-06,-4.841692409e-06,-7.348422590e-06,-1.065908181e-06,7.857862056e-06,1.019402281e-05,3.433470711e-06,-5.270834994e-06,-6.881352860e-06,-3.964658770e-07,6.428312148e-06,6.282853627e-06,6.337473063e-07,-2.397594165e-06,2.120962801e-06,9.869442931e-06,1.176221974e-05,3.662559545e-06,-9.331389505e-06,-1.797580900e-05,-1.719397180e-05,-9.274349908e-06,-3.094400936e-07,4.990513283e-06,5.234148722e-06,1.233749225e-06,-5.102594290e-06,-1.077296373e-05,-1.227201280e-05,-7.795265396e-06,8.612878412e-07,9.310668648e-06,1.404656543e-05,1.485965503e-05,1.368963427e-05,1.155987979e-05,7.515781061e-06,9.158986247e-07,-6.034732010e-06,-9.371438265e-06,-7.616223529e-06,-4.248325374e-06,-4.627821256e-06,-9.883353548e-06,-1.465222106e-05,-1.222483005e-05,-2.356254989e-06,7.017056620e-06,7.188512568e-06,-1.852336380e-06,-1.020627535e-05,-7.296814552e-06,7.500621135e-06,2.381925701e-05,2.992609259e-05,2.303705859e-05,1.023005787e-05,3.833069493e-07,-3.415163878e-06,-3.751591451e-06,-3.502891071e-06,-2.802510634e-06,-1.237393027e-06,-6.464217267e-07,-3.549414040e-06,-9.015321682e-06,-1.214713834e-05,-9.057387511e-06,-1.671725944e-06,3.945028276e-06,4.319248280e-06,2.373976594e-06,3.514330313e-06,8.558400567e-06,1.229768850e-05,9.372286779e-06,1.384188710e-06,-4.795776969e-06,-3.235580312e-06,3.014250932e-06,7.890210258e-06,3.499549911e-06
C3,1.181939747e-05,2.392722072e-05,2.110806655e-05,2.039470730e-05,1.645470636e-05,1.146512283e-05,4.625966844e-06,1.317841890e-06,2.840983606e-06,6.446552810e-06,6.189475772e-06,1.641687677e-07,-7.963861790e-06,-1.336350175e-05,-1.537856619e-05,-1.715714669e-05,-2.049226617e-05,-2.266797613e-05,-1.927707871e-05,-9.480608763e-06,2.530670015e-06,1.128741177e-05,1.462490156e-05,1.462866169e-05,1.498615936e-05,1.789402557e-05,2.276835947e-05,2.685133564e-05,2.714927727e-05,2.300411980e-05,1.745272146e-05,1.516005669e-05,1.766054827e-05,2.068902105e-05,1.772155108e-05,7.219299212e-06,-4.380010129e-06,-8.420184565e-06,-3.162866665e-06,3.887721369e-06,3.672216320e-06,-4.937506684e-06,-1.436246854e-05,-1.681242899e-05,-1.212703864e-05,-6.438645234e-06,-4.338737863e-06,-4.379536796e-06,-2.550738563e-06,1.869886158e-06,5.913150542e-06,7.845733920e-06,1.012173104e-05,1.600895059e-05,2.439387917e-05,3.003382851e-05,2.942125639e-05,2.481160078e-05,2.104236255e-05,1.911397497e-05,1.499509210e-05,5.626226094e-06,-5.414286472e-06,-1.040924851e-05,-6.117029245e-06,1.644710636e-06,3.612055204e-06,-2.793628561e-06,-1.027174681e-05,-9.413708919e-06,8.985827717e-07,1.195844308e-05,1.434059959e-05,7.745855728e-06,1.014194617e-06,2.559640193e-06,1.166784537e-05,1.967365590e-05,1.913528797e-05,1.094927770e-05,2.414425702e-06,-6.470758795e-07,1.129916421e-06,3.113202702e-06,2.571053110e-06,1.059245932e-06,1.481644532e-06,4.326386790e-06,7.637846516e-06,9.934012679e-06,1.178936731e-05,1.433513675e-05,1.746073806e-05,2.062119967e-05,2.479053520e-05,3.171191244e-05,4.020590318e-05,4.445546414e-05,3.827985751e-05,2.219893787e-05,5.206345672e-06,-2.259528680e-06,2.174943482e-06,1.077964765e-05,1.355080180e-05,7.744871489e-06,-5.879278902e-07,-3.739122648e-06,2.114837391e-07,7.036956019e-06,1.180948440e-05,1.321834637e-05,1.295695117e-05,1.286945045e-05,1.395065435e-05,1.708691520e-05,2.257080700e-05,2.810626085e-05,2.884516803e-05,2.150535216e-05,8.879254191e-06,-1.172011474e-06,-2.665076162e-06,2.504644110e-06,6.366183980e-06,3.111988643e-06,-4.898815730e-06,-9.851354637e-06,-6.954453532e-06,4.406312771e-07,4.454072020e-06,1.049401507e-06,-5.650623610e-06,-7.507773144e-06,-7.342939115e-07,9.838109964e-06,1.478717045e-05,8.692334422e-06,-4.677068368e-06,-1.536924922e-05,-1.571759761e-05,-6.569126374e-06,4.245353656e-06,9.377738061e-06,8.065501472e-06,5.326166169e-06,5.844631360e-06,9.253934714e-06,1.137033915e-05,9.293080175e-06,4.548900225e-06,1.326038194e-06,2.317728160e-06,6.515210590e-06,1.034185046e-05,1.023706421e-05,4.703860614e-06,-4.580941797e-06,-1.285533003e-05,-1.461782488e-05,-7.951891112e-06,2.712990802e-06,9.341830294e-06,7.365395119e-06,2.210596167e-07,-4.069200824e-06,-1.194187212e-06,5.375767433e-06,9.190601205e-06,8.728503485e-06,8.834159702e-06,1.398023931e-05,2.174690558e-05,2.469914918e-05,1.851424303e-05,6.678210757e-06,-3.419090672e-06,-7.701704422e-06,-7.502836156e-06,-5.557149575e-06,-2.494201323e-06,1.647309754e-06,4.397190508e-06,2.163824499e-06,-4.934567070e-06,-1.154303355e-05,-1.205931093e-05,-6.502831665e-06,2.369678273e-07,4.957147451e-06,9.942228158e-06,1.884899827e-05,2.998657388e-05,3.612022364e-05,3.182515261e-05,1.974383233e-05,8.282540285e-06,3.633420865e-06,5.229650527e-06,8.555904644e-06,1.028780653e-05,9.600073732e-06,6.219316822e-06,2.322615055e-08,-6.909212942e-06,-1.018742930e-05,-7.241808393e-06,-1.049151781e-06,2.413802100e-06,1.118193420e-06,-2.741425595e-07,3.816428382e-06,1.208860174e-05,1.681740627e-05,1.204407437e-05,1.549686534e-06,-6.013680984e-06,-4.030068136e-06,2.725509460e-06,9.601743790e-06,5.631379809e-06
Cz,6.404289144e-06,1.891829258e-05,2.335935081e-05,2.559111538e-05,2.352114742e-05,1.887541784e-05,1.259083962e-05,8.375354327e-06,7.429116553e-06,7.870632494e-06,5.795631892e-06,-1.457233969e-07,-7.434998792e-06,-1.275893888e-05,-1.596858655e-05,-1.984854093e-05,-2.573411784e-05,-3.031638538e-05,-2.796318271e-05,-1.654877573e-05,-4.976987963e-07,1.251278196e-05,1.808460304e-05,1.845535560e-05,1.961092920e-05,2.522552062e-05,3.324262676e-05,3.804019726e-05,3.587570075e-05,2.851923764e-05,2.178228248e-05,2.024568054e-05,2.296887134e-05,2.428408689e-05,1.922983238e-05,8.626934753e-06,-1.274031946e-06,-4.592727570e-06,-1.547053770e-06,1.657028914e-06,-1.190648051e-06,-1.036138577e-05,-2.007771084e-05,-2.397130144e-05,-2.040836148e-05,-1.280804903e-05,-5.677034288e-06,-9.890747891e-07,2.051918312e-06,5.070862986e-06,9.229160242e-06,1.526407090e-05,2.334280059e-05,3.208173036e-05,3.836312974e-05,3.941158115e-05,3.556896743e-05,3.035057123e-05,2.687496853e-05,2.425988846e-05,1.843378967e-05,7.189148558e-06,-5.930558937e-06,-1.380008660e-05,-1.240742294e-05,-5.125120434e-06,3.891788251e-07,-1.548147107e-07,-3.468608931e-06,-2.528153229e-06,5.521025196e-06,1.590422450e-05,2.103123917e-05,1.845250717e-05,1.335397081e-05,1.287627953e-05,1.839816448e-05,2.405851891e-05,2.295647327e-05,1.426871089e-05,3.881411749e-06,-1.628043814e-06,-9.697409320e-07,1.789774836e-06,2.132316853e-06,-7.513690744e-07,-4.275340653e-06,-5.601089748e-06,-3.731550664e-06,7.908672404e-07,6.894469715e-06,1.328581685e-05,1.873594924e-05,2.312646042e-05,2.795870266e-05,3.455596010e-05,4.113390791e-05,4.262412780e-05,3.499730363e-05,2.028613862e-05,6.373377342e-06,6.006858715e-07,3.289434174e-06,7.943899046e-06,7.891989436e-06,2.325050604e-06,-4.097672531e-06,-6.536854632e-06,-3.931750005e-06,1.672767645e-06,7.920053524e-06,1.328816523e-05,1.660577369e-05,1.748982182e-05,1.782188550e-05,2.114386981e-05,2.867130283e-05,3.599087515e-05,3.568481945e-05,2.481285183e-05,9.364955889e-06,-3.149536107e-07,6.751698574e-07,7.123964290e-06,9.430676824e-06,3.585554010e-06,-5.391071178e-06,-9.823299769e-06,-7.938467946e-06,-5.134277692e-06,-7.200439755e-06,-1.355394782e-05,-1.777752518e-05,-1.432213966e-05,-4.106275230e-06,6.160093196e-06,9.475191186e-06,3.660738464e-06,-7.489442321e-06,-1.693478960e-05,-1.876730224e-05,-1.175328098e-05,6.012745583e-09,1.002103196e-05,1.414874191e-05,1.331138188e-05,1.169728732e-05,1.217676764e-05,1.357818376e-05,1.255753900e-05,7.862192786e-06,2.277680718e-06,1.703364047e-07,3.216630344e-06,8.573950365e-06,1.108743496e-05,7.406282844e-06,-1.360862228e-06,-1.026883074e-05,-1.387284119e-05,-1.005903317e-05,-1.683187530e-06,5.508733136e-06,7.435368133e-06,4.929706239e-06,2.528863397e-06,3.806800426e-06,7.984123489e-06,1.139457408e-05,1.205016748e-05,1.197926906e-05,1.456755134e-05,1.999896413e-05,2.415774413e-05,2.235313540e-05,1.381553234e-05,2.384382748e-06,-6.737951151e-06,-1.050588627e-05,-9.045355251e-06,-4.684477296e-06,-7.215304116e-07,-1.844184498e-07,-4.072670212e-06,-1.010238734e-05,-1.396284149e-05,-1.283694460e-05,-7.709319894e-06,-1.603723827e-06,4.373921618e-06,1.220282453e-05,2.344021981e-05,3.519253402e-05,4.103761104e-05,3.675890132e-05,2.480693253e-05,1.250111516e-05,5.893132608e-06,5.617305536e-06,8.091608764e-06,9.426860251e-06,7.710577179e-06,2.857640156e-06,-3.808382059e-06,-9.447284097e-06,-1.079436244e-05,-7.014649483e-06,-1.325264870e-06,1.656049444e-06,8.565388115e-07,1.385738990e-07,3.654069770e-06,1.012069367e-05,1.330886596e-05,8.577539435e-06,-1.012169618e-06,-7.865430690e-06,-6.351221893e-06,1.149687208e-07,5.880779157e-06,3.185563078e-06
CP5,1.150762594e-05,2.377845868e-05,1.968387427e-05,1.528222252e-05,8.992414173e-06,5.959127296e-06,4.082760700e-06,3.924856771e-06,4.017619856e-06,3.794197233e-06,1.830913165e-06,-1.997152277e-06,-6.379697471e-06,-9.681992742e-06,-1.175556962e-05,-1.387628741e-05,-1.658022605e-05,-1.803862136e-05,-1.537483842e-05,-7.911311379e-06,1.232949395e-06,7.301312853e-06,7.968242178e-06,5.387786142e-06,4.243651145e-06,7.610088539e-06,1.432442816e-05,2.007497194e-05,2.118303531e-05,1.783139010e-05,1.388577936e-05,1.323729498e-05,1.579096652e-05,1.706435402e-05,1.242079862e-05,2.290590309e-06,-7.040462196e-06,-8.703285595e-06,-1.932145813e-06,6.629521719e-06,8.805925895e-06,2.367977511e-06,-7.292557475e-06,-1.271117417e-05,-1.115378015e-05,-5.943513777e-06,-1.926182459e-06,-7.138876373e-07,-4.980442084e-07,6.707892558e-07,2.784312676e-06,5.054960414e-06,7.832313816e-06,1.213905346e-05,1.751831280e-05,2.157384834e-05,2.236893144e-05,2.071249516e-05,1.908862064e-05,1.831152641e-05,1.631637869e-05,1.111803698e-05,4.464874968e-06,1.149985246e-06,3.905858609e-06,9.615623799e-06,1.184326081e-05,7.607973945e-06,9.787457150e-07,-9.211104606e-07,4.491661343e-06,1.232494282e-05,1.525758115e-05,1.114473303e-05,5.005932207e-06,3.465402676e-06,7.857916361e-06,1.327099417e-05,1.402364925e-05,9.340327086e-06,3.491552377e-06,1.088846675e-06,2.974207991e-06,6.481030230e-06,8.681552440e-06,8.762988244e-06,7.815025507e-06,7.424616613e-06,8.775370025e-06,1.220324436e-05,1.663671180e-05,1.968718704e-05,1.950591199e-05,1.725477453e-05,1.695420788e-05,2.143544128e-05,2.801976273e-05,2.938460682e-05,2.027801270e-05,3.795697949e-06,-9.894564788e-06,-1.211869972e-05,-3.348953811e-06,7.709147203e-06,1.243843132e-05,9.477588671e-06,4.157575238e-06,2.178202105e-06,4.764379468e-06,9.356941762e-06,1.323843127e-05,1.542347872e-05,1.590464729e-05,1.489872969e-05,1.349142689e-05,1.375747727e-05,1.660070730e-05,1.939651186e-05,1.729136257e-05,8.166421206e-06,-3.931807908e-06,-1.157811631e-05,-1.093325315e-05,-5.575732726e-06,-2.771903345e-06,-5.974764114e-06,-1.156422059e-05,-1.315018172e-05,-8.524081402e-06,-1.780386924e-06,1.292336280e-06,-7.052433181e-07,-3.553642865e-06,-1.933647378e-06,5.080514009e-06,1.275750917e-05,1.455773639e-05,7.563713049e-06,-4.953484932e-06,-1.573493217e-05,-1.875902543e-05,-1.351405537e-05,-4.991561609e-06,6.155053804e-07,9.100674922e-07,-1.330324810e-06,-1.465043348e-06,2.317003933e-06,7.424379644e-06,9.682878791e-06,7.524330289e-06,3.497276247e-06,1.934308038e-06,5.117184678e-06,1.118842614e-05,1.529615031e-05,1.309857618e-05,4.299497815e-06,-6.366321704e-06,-1.203891221e-05,-9.018311447e-06,-1.737280457e-07,7.168549437e-06,7.698242564e-06,2.965134164e-06,-5.116692286e-07,1.817141987e-06,7.894086685e-06,1.181182868e-05,1.079417506e-05,8.327743958e-06,9.780037008e-06,1.561911429e-05,2.019831131e-05,1.761298252e-05,8.046416773e-06,-2.281435045e-06,-7.056383465e-06,-5.069943529e-06,1.165773455e-07,4.279974760e-06,5.480662262e-06,3.873030719e-06,4.619515125e-07,-3.158303412e-06,-4.854254654e-06,-3.240811907e-06,8.098269476e-07,4.865916867e-06,7.762404366e-06,1.116027547e-05,1.733162866e-05,2.536480468e-05,3.055816017e-05,2.845850424e-05,1.949042536e-05,9.135653173e-06,3.407471605e-06,4.192663504e-06,8.568106145e-06,1.176191625e-05,1.052165681e-05,4.693372443e-06,-2.952069870e-06,-8.149284623e-06,-7.739323508e-06,-2.311618582e-06,3.730663635e-06,5.900724649e-06,4.136218180e-06,3.033068379e-06,6.716346780e-06,1.356243775e-05,1.722371445e-05,1.297048234e-05,3.640343244e-06,-3.636556654e-06,-3.008397693e-06,2.389490613e-06,7.759446746e-06,4.074003281e-06
CP1,1.099008898e-05,2.600084932e-05,2.694138944e-05,2.654708116e-05,2.119305225e-05,1.478590277e-05,7.611073140e-06,3.778984392e-06,3.784081948e-06,5.559426435e-06,4.705970704e-06,-3.834882628e-07,-7.284519257e-06,-1.249647660e-05,-1.554743399e-05,-1.900861392e-05,-2.428818684e-05,-2.842273164e-05,-2.619655733e-05,-1.568984898e-05,-1.135601493e-06,1.031429333e-05,1.481357256e-05,1.485724561e-05,1.633459552e-05,2.269519764e-05,3.176374723e-05,3.788304441e-05,3.715748817e-05,3.102556345e-05,2.499886900e-05,2.361337979e-05,2.607067304e-05,2.676869658e-05,2.068764951e-05,8.786236569e-06,-2.071635371e-06,-5.186933380e-06,-4.711746047e-07,5.228540492e-06,4.509618615e-06,-3.738033533e-06,-1.369343675e-05,-1.836973722e-05,-1.563229806e-05,-8.821031519e-06,-2.515065283e-06,1.402564971e-06,3.856216461e-06,6.265076764e-06,9.228772493e-06,1.309032245e-05,1.835714182e-05,2.468670783e-05,3.000731693e-05,3.182123563e-05,2.977737228e-05,2.625202278e-05,2.363935894e-05,2.132975835e-05,1.636544209e-05,7.592763270e-06,-1.510996435e-06,-5.316645178e-06,-1.811009931e-06,4.707551101e-06,7.575651954e-06,4.624615304e-06,5.584667483e-07,1.921933717e-06,9.773872849e-06,1.796664820e-05,1.915513690e-05,1.237638852e-05,4.212613985e-06,2.240682955e-06,7.550940008e-06,1.397647693e-05,1.453956408e-05,8.243790163e-06,4.626687302e-07,-2.799112054e-06,-4.129676156e-07,3.867934924e-06,5.896606685e-06,4.896733989e-06,3.167342086e-06,3.207904378e-06,5.739339981e-06,9.905379324e-06,1.428022846e-05,1.745891140e-05,1.865489874e-05,1.867757142e-05,1.993765024e-05,2.409884264e-05,2.899684554e-05,2.883092803e-05,1.912813289e-05,2.260773856e-06,-1.279569805e-05,-1.751491476e-05,-1.121651624e-05,-1.295143135e-06,3.970307787e-06,2.609725244e-06,-7.485907014e-07,-6.400250479e-07,4.185917511e-06,1.101004071e-05,1.671934421e-05,2.001975106e-05,2.092823288e-05,1.997244118e-05,1.862907349e-05,1.920359340e-05,2.241556486e-05,2.495684306e-05,2.119917332e-05,8.966794089e-06,-6.590987708e-06,-1.642660083e-05,-1.591233705e-05,-9.402326753e-06,-5.746828800e-06,-9.283564458e-06,-1.593356275e-05,-1.835350524e-05,-1.412370399e-05,-7.995675834e-06,-6.233494402e-06,-9.707548274e-06,-1.315007071e-05,-1.088093025e-05,-2.744355353e-06,5.467414336e-06,6.949603404e-06,-5.859886494e-07,-1.316763935e-05,-2.337677904e-05,-2.530932901e-05,-1.829353797e-05,-6.959185666e-06,2.391463246e-06,6.440437909e-06,6.783533102e-06,7.506875509e-06,1.077406254e-05,1.475722598e-05,1.587563752e-05,1.287009588e-05,8.443841190e-06,6.846863258e-06,9.872190242e-06,1.505231857e-05,1.753151922e-05,1.389429457e-05,4.954827207e-06,-4.483726430e-06,-8.835463756e-06,-5.838259538e-06,1.535406993e-06,7.326484393e-06,7.605599285e-06,3.867322834e-06,1.326278458e-06,3.551542784e-06,8.939118770e-06,1.283778224e-05,1.296374479e-05,1.194412846e-05,1.403854095e-05,1.979338868e-05,2.478216568e-05,2.388709423e-05,1.638946008e-05,6.582484053e-06,-1.728981528e-07,-1.513171846e-06,1.209324271e-06,4.870505405e-06,6.548209448e-06,4.521019182e-06,-1.004155218e-06,-7.493816047e-06,-1.127399604e-05,-1.025880684e-05,-5.627101644e-06,-1.597873897e-07,5.203367956e-06,1.233683842e-05,2.276743161e-05,3.398577394e-05,4.013127820e-05,3.710031312e-05,2.676318429e-05,1.567654328e-05,9.651885265e-06,9.656071599e-06,1.235254038e-05,1.351402244e-05,1.069895717e-05,3.976964055e-06,-4.268083910e-06,-1.012286826e-05,-1.034489552e-05,-5.253942311e-06,8.118321222e-07,3.260956372e-06,2.033745943e-06,1.787961085e-06,6.386146707e-06,1.361327953e-05,1.660012335e-05,1.113796890e-05,6.686773263e-07,-6.706152825e-06,-6.320590996e-06,-9.705939185e-07,2.307277161e-06,4.002586095e-07
P7,1.002287613e-05,2.157786202e-05,1.899910021e-05,1.400820556e-05,4.355968238e-06,-3.829792745e-06,-8.715841688e-06,-7.113867929e-06,-1.122052500e-06,4.696227394e-06,5.244316320e-06,1.914195432e-07,-5.938515556e-06,-8.332318202e-06,-6.919809121e-06,-5.971474746e-06,-8.492570419e-06,-1.190266495e-05,-1.042947437e-05,-1.990090717e-06,8.211400278e-06,1.195475555e-05,6.133422337e-06,-3.741894165e-06,-8.515514578e-06,-3.961189084e-06,5.501913641e-06,1.136091258e-05,9.066094426e-06,1.768244120e-06,-3.452901467e-06,-2.724640264e-06,1.162794024e-06,2.084458078e-06,-2.865823219e-06,-1.013444279e-05,-1.292665636e-05,-7.682924512e-06,2.498970144e-06,1.067730873e-05,1.213664810e-05,7.804904047e-06,2.228197200e-06,-1.056672190e-06,-1.843708699e-06,-1.706312996e-06,-1.464700561e-06,-9.445318298e-07,-6.208004507e-07,-2.038273355e-06,-5.743629356e-06,-9.373204295e-06,-9.127926764e-06,-3.818855908e-06,3.129635391e-06,6.698707487e-06,5.523096332e-06,3.432514377e-06,5.095408533e-06,1.037175629e-05,1.392368906e-05,1.100813585e-05,3.230593850e-06,-2.393675364e-06,-5.361383002e-07,6.723452914e-06,1.192661427e-05,1.006852774e-05,3.846598392e-06,5.976214200e-07,4.212088291e-06,1.082988034e-05,1.301980724e-05,7.870153955e-06,1.624778595e-07,-2.763445161e-06,1.227455064e-06,7.059348052e-06,8.087867356e-06,2.996156845e-06,-3.377449497e-06,-5.565283191e-06,-2.862906386e-06,9.946444098e-07,2.608522636e-06,2.309250700e-06,2.816632476e-06,5.592586052e-06,9.349913384e-06,1.182572025e-05,1.207548573e-05,1.080262329e-05,9.273266830e-06,8.630087027e-06,9.715143239e-06,1.223092213e-05,1.363845758e-05,1.009762771e-05,1.173769293e-07,-1.246543220e-05,-2.039779057e-05,-1.914324564e-05,-1.115559798e-05,-3.392368229e-06,-5.041265238e-07,-1.100588708e-06,-8.181665798e-07,2.103024422e-06,5.529431034e-06,7.237783179e-06,8.044951519e-06,9.921212939e-06,1.209929963e-05,1.132654808e-05,6.679524090e-06,2.302128056e-06,3.129031973e-06,7.922902973e-06,8.824294891e-06,-3.582015940e-07,-1.603682451e-05,-2.705402337e-05,-2.590927705e-05,-1.673799707e-05,-1.079068175e-05,-1.421688235e-05,-2.174839475e-05,-2.307123444e-05,-1.433037298e-05,-1.932120666e-06,4.883052196e-06,3.713016396e-06,3.916202328e-07,1.623220845e-06,7.667207178e-06,1.255544639e-05,1.045024633e-05,9.943286924e-07,-1.092251783e-05,-1.936236128e-05,-2.118010024e-05,-1.721362744e-05,-1.123864921e-05,-7.691120495e-06,-8.896008488e-06,-1.321906725e-05,-1.604008267e-05,-1.359529318e-05,-6.575950817e-06,2.633047413e-07,2.621808498e-06,9.869826332e-07,2.225634214e-07,4.506966066e-06,1.257417318e-05,1.814843500e-05,1.548280183e-05,4.946080003e-06,-6.598731139e-06,-1.120701629e-05,-6.420789125e-06,2.763113405e-06,8.286457532e-06,5.902959578e-06,-1.608948477e-06,-7.657987702e-06,-8.181686770e-06,-4.897494320e-06,-2.506583867e-06,-3.167313477e-06,-4.274110281e-06,-1.806276035e-06,4.636954016e-06,1.075765195e-05,1.161350291e-05,6.432413842e-06,-7.224893634e-07,-4.720067807e-06,-3.512176914e-06,9.711044100e-07,5.066641331e-06,6.113653196e-06,3.754750630e-06,-2.428097476e-07,-3.108050566e-06,-2.853306804e-06,7.767977760e-08,2.942385920e-06,3.269388928e-06,1.743661759e-06,2.028557882e-06,6.922068507e-06,1.459441809e-05,1.932886634e-05,1.665754018e-05,7.822626250e-06,-1.099667677e-06,-4.546083103e-06,-1.938133726e-06,2.712399952e-06,4.870450325e-06,2.933232763e-06,-1.496780487e-06,-5.555199175e-06,-7.033777748e-06,-5.318806147e-06,-1.544881127e-06,2.081107757e-06,3.933755490e-06,4.554232526e-06,6.258386204e-06,1.043538347e-05,1.517605804e-05,1.603277410e-05,1.034711304e-05,-1.134543825e-07,-9.271821047e-06,-1.295296411e-05,-1.015830516e-05,-6.824853211e-06,-3.183419322e-06
P3,1.533365152e-05,3.252438094e-05,3.017133258e-05,2.735751949e-05,1.942535767e-05,1.289292201e-05,6.911067502e-06,4.513977161e-06,4.562954949e-06,5.480103431e-06,4.008127050e-06,-8.968139425e-07,-7.639935381e-06,-1.367240299e-05,-1.814985816e-05,-2.216201321e-05,-2.627041157e-05,-2.848382330e-05,-2.551196040e-05,-1.633896122e-05,-4.240791699e-06,5.285297679e-06,9.047222362e-06,8.906693990e-06,1.006133460e-05,1.625271581e-05,2.613226840e-05,3.413067647e-05,3.529184531e-05,2.985197818e-05,2.317646103e-05,2.068815728e-05,2.240343593e-05,2.269682841e-05,1.613005073e-05,3.782233065e-06,-6.699130648e-06,-8.049075848e-06,-5.883631859e-07,7.797586288e-06,9.072558329e-06,2.351806554e-06,-6.097750112e-06,-9.481452746e-06,-6.434055221e-06,-6.969782099e-07,3.765679583e-06,6.183704595e-06,7.931092495e-06,9.734087203e-06,1.113061354e-05,1.221702518e-05,1.437623692e-05,1.840783615e-05,2.261505648e-05,2.401022936e-05,2.175528675e-05,1.854504840e-05,1.770131925e-05,1.911284851e-05,1.907915603e-05,1.476159041e-05,8.235550508e-06,5.071789880e-06,8.481821468e-06,1.544030027e-05,1.942886175e-05,1.720327109e-05,1.229575984e-05,1.123962350e-05,1.635578024e-05,2.282442369e-05,2.335543837e-05,1.570636920e-05,5.202171071e-06,-3.949912792e-07,1.641259758e-06,6.805690925e-06,8.416653162e-06,4.415556009e-06,-1.028646471e-06,-2.259371275e-06,2.164834553e-06,8.596060272e-06,1.247270751e-05,1.267381432e-05,1.178939097e-05,1.287396129e-05,1.654299810e-05,2.095791542e-05,2.380784620e-05,2.400180274e-05,2.210195706e-05,1.991092491e-05,1.942079668e-05,2.100688417e-05,2.191672596e-05,1.729556735e-05,4.361897097e-06,-1.351282618e-05,-2.755225192e-05,-2.989614870e-05,-2.019202649e-05,-5.960803671e-06,3.916481151e-06,6.330953565e-06,5.070717193e-06,5.787137684e-06,1.062092845e-05,1.745496619e-05,2.304399691e-05,2.576867115e-05,2.577897266e-05,2.399380758e-05,2.179131596e-05,2.076233472e-05,2.117797196e-05,2.037765957e-05,1.406728476e-05,7.651936785e-07,-1.499766967e-05,-2.525005244e-05,-2.551529078e-05,-1.915144777e-05,-1.408387068e-05,-1.495397731e-05,-1.889634641e-05,-1.932274433e-05,-1.340091534e-05,-5.096569028e-06,-7.712215966e-07,-2.412150302e-06,-5.743525897e-06,-4.917238721e-06,1.297089814e-06,7.958852502e-06,8.239181424e-06,-6.286088651e-07,-1.484350626e-05,-2.670730721e-05,-3.005373457e-05,-2.427429212e-05,-1.413753162e-05,-5.784199585e-06,-2.112121497e-06,-1.201546192e-06,1.091638183e-06,6.848113192e-06,1.405033334e-05,1.859267352e-05,1.830222468e-05,1.512294760e-05,1.344656941e-05,1.613113376e-05,2.172769663e-05,2.532322905e-05,2.242949366e-05,1.289414592e-05,1.604716392e-06,-4.943765011e-06,-3.746572242e-06,2.273408929e-06,6.957072124e-06,6.563543458e-06,3.036238732e-06,1.543381988e-06,4.782278218e-06,1.012989859e-05,1.277842992e-05,1.135315094e-05,9.614489680e-06,1.220413797e-05,1.916273524e-05,2.535848736e-05,2.544773832e-05,1.898857088e-05,1.055874687e-05,5.374863859e-06,5.210904240e-06,8.027651599e-06,1.038547486e-05,9.758136334e-06,5.495365208e-06,-9.912860718e-07,-6.631941960e-06,-8.342362896e-06,-5.410852764e-06,-2.477728397e-07,4.038206132e-06,7.113274892e-06,1.182435635e-05,2.045218407e-05,3.080177136e-05,3.695560059e-05,3.451322105e-05,2.494321811e-05,1.446857067e-05,8.760078450e-06,8.785070249e-06,1.120412178e-05,1.179530646e-05,8.329816995e-06,1.355775113e-06,-6.335469216e-06,-1.093939804e-05,-9.808647194e-06,-3.741342835e-06,3.074598075e-06,6.575223868e-06,6.825111476e-06,7.859514373e-06,1.277003830e-05,1.934422502e-05,2.144865478e-05,1.570186831e-05,5.193995147e-06,-2.515203846e-06,-3.780095653e-06,-3.791562145e-07,6.132677597e-08,-1.762981183e-06
Pz,1.425394414e-05,3.195720375e-05,3.240536936e-05,3.230540832e-05,2.637570500e-05,1.972885459e-05,1.203364746e-05,7.581435774e-06,6.584594745e-06,7.389384228e-06,5.741423674e-06,-1.640074362e-07,-8.403074359e-06,-1.560118293e-05,-2.073076671e-05,-2.557256850e-05,-3.124347070e-05,-3.516717297e-05,-3.263724798e-05,-2.176519088e-05,-6.390831980e-06,6.581111599e-06,1.306170120e-05,1.509189941e-05,1.838875581e-05,2.658574132e-05,3.765087716e-05,4.570093454e-05,4.639028745e-05,4.089771767e-05,3.486594644e-05,3.319268938e-05,3.541672064e-05,3.613355430e-05,3.034621897e-05,1.880119450e-05,7.956130431e-06,4.208752738e-06,7.808815172e-06,1.250276702e-05,1.139894176e-05,3.336058523e-06,-6.353866522e-06,-1.101588278e-05,-8.356847948e-06,-1.402213426e-06,5.217095523e-06,9.242289189e-06,1.148993484e-05,1.384417514e-05,1.740523286e-05,2.224366344e-05,2.782051234e-05,3.297657809e-05,3.599902967e-05,3.571601589e-05,3.291409265e-05,3.008454374e-05,2.899134347e-05,2.846708811e-05,2.535066563e-05,1.823230810e-05,1.005444240e-05,6.156011341e-06,9.124551102e-06,1.576428120e-05,1.983292467e-05,1.819079832e-05,1.400392845e-05,1.334596875e-05,1.849323437e-05,2.500906170e-05,2.598247558e-05,1.919273593e-05,9.643987517e-06,4.651687182e-06,6.552621189e-06,1.065942185e-05,1.049167708e-05,4.639092672e-06,-1.874569994e-06,-2.792856961e-06,3.326737932e-06,1.223090546e-05,1.838768545e-05,1.967679255e-05,1.808699478e-05,1.692539325e-05,1.801244240e-05,2.100910769e-05,2.425939793e-05,2.587166682e-05,2.482102814e-05,2.197483448e-05,1.983109856e-05,2.006018692e-05,2.066981642e-05,1.648305711e-05,3.974027243e-06,-1.378675806e-05,-2.787810294e-05,-3.047959159e-05,-2.161625115e-05,-8.830665969e-06,-9.784686851e-08,2.747667680e-06,3.880952664e-06,7.981312844e-06,1.581375627e-05,2.476118230e-05,3.205463304e-05,3.646232112e-05,3.769317027e-05,3.597060362e-05,3.277605142e-05,3.060092334e-05,3.024031894e-05,2.839019432e-05,1.972737562e-05,2.851248444e-06,-1.623482851e-05,-2.814152994e-05,-2.852968104e-05,-2.218767080e-05,-1.806505011e-05,-2.036399378e-05,-2.511777173e-05,-2.549428761e-05,-1.952843466e-05,-1.187569431e-05,-8.317209510e-06,-9.558213293e-06,-1.087244460e-05,-7.362374918e-06,9.184962135e-07,8.721805820e-06,9.832572290e-06,1.840393943e-06,-1.197529817e-05,-2.451277680e-05,-2.913690587e-05,-2.381965464e-05,-1.233538736e-05,-1.287622675e-06,5.011942264e-06,7.500558450e-06,1.043556607e-05,1.650702552e-05,2.393940837e-05,2.845795646e-05,2.788576359e-05,2.451785632e-05,2.294783741e-05,2.568648628e-05,3.079437406e-05,3.346151401e-05,2.990577484e-05,2.041469917e-05,9.383177023e-06,2.363106474e-06,2.107255754e-06,6.539199252e-06,1.056675877e-05,1.060018330e-05,7.778248811e-06,6.568666495e-06,9.895645204e-06,1.587479465e-05,1.986039028e-05,1.970619201e-05,1.832866052e-05,2.050211056e-05,2.732355446e-05,3.448487749e-05,3.625206870e-05,3.084900317e-05,2.179821912e-05,1.445984231e-05,1.174017287e-05,1.273702157e-05,1.437094906e-05,1.367761676e-05,9.278749435e-06,2.069261791e-06,-4.957637341e-06,-8.338296043e-06,-6.643719034e-06,-1.524751942e-06,4.259828704e-06,9.970681642e-06,1.740031513e-05,2.774093293e-05,3.839096735e-05,4.393963644e-05,4.091754127e-05,3.133523960e-05,2.116058337e-05,1.539540527e-05,1.471773356e-05,1.625176969e-05,1.651098268e-05,1.341765929e-05,6.806715911e-06,-1.421249107e-06,-7.547201167e-06,-7.987520619e-06,-2.411350400e-06,5.293725474e-06,1.037156300e-05,1.197146993e-05,1.375415255e-05,1.891958408e-05,2.527019923e-05,2.624360563e-05,1.833769376e-05,4.936528747e-06,-5.092008560e-06,-7.918365646e-06,-4.697979677e-06,-4.852746087e-06,-4.366855553e-06
POz,1.531210671e-05,3.287987082e-05,3.129464734e-05,2.893212986e-05,2.073029168e-05,1.341471766e-05,7.002484385e-06,5.268105688e-06,6.928200820e-06,9.326736519e-06,8.134640690e-06,2.237588540e-06,-5.841835859e-06,-1.269868478e-05,-1.766843568e-05,-2.278478031e-05,-2.906384049e-05,-3.368626514e-05,-3.190490764e-05,-2.205274438e-05,-8.171438152e-06,2.954112832e-06,7.683347570e-06,8.565752011e-06,1.162479343e-05,2.053755460e-05,3.311358066e-05,4.311641230e-05,4.562615058e-05,4.116971683e-05,3.503202361e-05,3.235722942e-05,3.340802648e-05,3.343603746e-05,2.756862629e-05,1.623637507e-05,5.677005546e-06,2.526388750e-06,7.481777693e-06,1.434904080e-05,1.564160931e-05,9.340546537e-06,3.163518728e-07,-4.567564417e-06,-2.450205984e-06,4.071169040e-06,1.043597172e-05,1.420758436e-05,1.593899954e-05,1.723119584e-05,1.897878762e-05,2.134160670e-05,2.428982337e-05,2.734630274e-05,2.913930113e-05,2.822300992e-05,2.482367824e-05,2.125239879e-05,1.979788715e-05,2.013440171e-05,1.951568428e-05,1.613756080e-05,1.204802286e-05,1.182946387e-05,1.778905685e-05,2.672841306e-05,3.228824303e-05,3.101000254e-05,2.586543370e-05,2.321549634e-05,2.603821167e-05,3.049996377e-05,2.971510530e-05,2.097645110e-05,8.882386866e-06,9.463935392e-07,1.858706337e-07,2.417516567e-06,1.033528112e-06,-5.820435118e-06,-1.312057785e-05,-1.388677196e-05,-5.886144103e-06,6.537408240e-06,1.672730330e-05,2.129015989e-05,2.176481331e-05,2.183123554e-05,2.364561903e-05,2.659662213e-05,2.860546856e-05,2.805962802e-05,2.494518806e-05,2.088370576e-05,1.803973620e-05,1.708861501e-05,1.562487249e-05,9.174161462e-06,-4.851851245e-06,-2.342199633e-05,-3.858992708e-05,-4.307891713e-05,-3.597272180e-05,-2.303871865e-05,-1.141230945e-05,-3.985755506e-06,1.329288180e-06,7.792734058e-06,1.619552311e-05,2.476429580e-05,3.142500692e-05,3.525806790e-05,3.622508488e-05,3.476285545e-05,3.209214311e-05,2.985408488e-05,2.809447121e-05,2.368582997e-05,1.231801154e-05,-6.552564323e-06,-2.693737850e-05,-3.990012433e-05,-4.100062040e-05,-3.415969242e-05,-2.762344585e-05,-2.601405632e-05,-2.668745143e-05,-2.385028184e-05,-1.551061428e-05,-5.696791378e-06,-1.379374504e-08,1.980595531e-07,-1.101012629e-06,9.378695393e-07,7.008403907e-06,1.275677720e-05,1.238806967e-05,3.315169513e-06,-1.175262903e-05,-2.643913181e-05,-3.467589069e-05,-3.436837281e-05,-2.828410250e-05,-2.142784219e-05,-1.685060455e-05,-1.342625116e-05,-7.642958506e-06,2.296139877e-06,1.415043434e-05,2.348189285e-05,2.779519836e-05,2.877527203e-05,3.041064133e-05,3.491421495e-05,4.036829159e-05,4.219797384e-05,3.706904958e-05,2.588538623e-05,1.348842430e-05,5.288594459e-06,3.381911195e-06,5.216971694e-06,6.044518702e-06,3.237241485e-06,-1.364073596e-06,-3.410859973e-06,-5.191644801e-07,5.284347165e-06,9.795598879e-06,1.123434581e-05,1.220208051e-05,1.674890436e-05,2.563898107e-05,3.488580963e-05,3.908943121e-05,3.611426152e-05,2.861341173e-05,2.144884269e-05,1.788313056e-05,1.773679900e-05,1.824396734e-05,1.629709348e-05,1.059550957e-05,2.718877247e-06,-3.627625961e-06,-5.190418603e-06,-1.822620952e-06,3.425544751e-06,7.408064774e-06,1.023482507e-05,1.502533851e-05,2.386462764e-05,3.426889331e-05,4.040273214e-05,3.823181971e-05,2.936935513e-05,1.970324548e-05,1.438759924e-05,1.415500292e-05,1.581652265e-05,1.541413397e-05,1.085328246e-05,2.716729028e-06,-6.119438773e-06,-1.166408438e-05,-1.100145176e-05,-4.564313936e-06,3.869275220e-06,1.038667618e-05,1.453946970e-05,1.916044549e-05,2.604483009e-05,3.242759330e-05,3.249010575e-05,2.383604546e-05,9.979676840e-06,-8.720452542e-07,-5.418341015e-06,-4.054229724e-06,-5.487226514e-06,-4.878980397e-06
O1,1.761088675e-05,3.483983395e-05,2.907820842e-05,2.345760958e-05,1.296982432e-05,5.760090745e-06,5.600704586e-07,4.510602931e-08,2.045140173e-06,4.551662429e-06,4.046514405e-06,-4.362846134e-07,-6.969164901e-06,-1.243006509e-05,-1.558342161e-05,-1.780657097e-05,-2.056767574e-05,-2.267517796e-05,-2.088346502e-05,-1.364784401e-05,-3.911450296e-06,2.622513466e-06,2.598869513e-06,-1.468171211e-06,-3.045401716e-06,2.549592075e-06,1.364956970e-05,2.343276370e-05,2.588650155e-05,2.107472485e-05,1.474443685e-05,1.258833335e-05,1.468835099e-05,1.567766151e-05,1.061217164e-05,6.970556930e-07,-7.113020135e-06,-6.535599913e-06,1.931886844e-06,1.135840680e-05,1.475092609e-05,1.099887954e-05,4.784661409e-06,1.369396431e-06,2.076151055e-06,4.565851513e-06,6.320337715e-06,6.849277760e-06,6.784380293e-06,6.172218872e-06,4.660288981e-06,2.975798924e-06,2.956135700e-06,5.419882739e-06,8.566070642e-06,9.512778956e-06,7.690540136e-06,5.981569905e-06,7.728647328e-06,1.274463991e-05,1.712000581e-05,1.750871431e-05,1.520066416e-05,1.508766500e-05,2.023771531e-05,2.799061582e-05,3.218241859e-05,2.945788234e-05,2.292620200e-05,1.902822111e-05,2.075980662e-05,2.444410209e-05,2.357596083e-05,1.573618165e-05,5.278296031e-06,-1.026109055e-06,-7.589535669e-07,2.031725327e-06,1.417738843e-06,-4.093706916e-06,-1.002565653e-05,-1.044173937e-05,-3.601026755e-06,6.793941875e-06,1.535003685e-05,1.949021904e-05,2.056118764e-05,2.142006429e-05,2.352567470e-05,2.604892919e-05,2.700685634e-05,2.500218329e-05,2.044588274e-05,1.566700081e-05,1.345009128e-05,1.437395752e-05,1.506898477e-05,9.963995792e-06,-3.707572805e-06,-2.188692465e-05,-3.529942312e-05,-3.635448728e-05,-2.529891337e-05,-9.691201438e-06,2.258424611e-06,7.894550700e-06,1.027865086e-05,1.337900199e-05,1.804569753e-05,2.238461562e-05,2.462716764e-05,2.455470171e-05,2.262420682e-05,1.917696495e-05,1.510511108e-05,1.217961475e-05,1.116113153e-05,9.486347781e-06,2.417293007e-06,-1.194207062e-05,-2.882371068e-05,-3.938048113e-05,-3.825487206e-05,-2.858035672e-05,-1.889565912e-05,-1.498455362e-05,-1.515182655e-05,-1.354971957e-05,-7.342441644e-06,2.831938417e-07,4.094030646e-06,2.789766082e-06,2.745393994e-07,1.137242673e-06,5.441225145e-06,8.180196648e-06,3.675788145e-06,-9.381879208e-06,-2.650510539e-05,-4.032951162e-05,-4.536083965e-05,-4.121844349e-05,-3.237053135e-05,-2.463323338e-05,-2.087802869e-05,-1.919231368e-05,-1.508282541e-05,-5.929503870e-06,6.314516347e-06,1.675470375e-05,2.200083808e-05,2.312965440e-05,2.428930690e-05,2.832473860e-05,3.366191588e-05,3.542822170e-05,2.980602994e-05,1.771556882e-05,4.576533477e-06,-3.688247060e-06,-5.063402043e-06,-2.565403449e-06,-1.164402751e-06,-3.251961148e-06,-6.768757697e-06,-7.692375836e-06,-4.380276154e-06,6.578462163e-07,3.436987737e-06,2.847033709e-06,2.030148568e-06,5.204073019e-06,1.316889513e-05,2.212593250e-05,2.695794977e-05,2.562775862e-05,2.054877519e-05,1.607118585e-05,1.480500764e-05,1.593619015e-05,1.639741861e-05,1.349781700e-05,7.068435446e-06,-1.664281373e-07,-4.314295621e-06,-3.204507785e-06,1.717781798e-06,6.468508715e-06,8.112680644e-06,7.608727820e-06,8.806535519e-06,1.423654335e-05,2.192776343e-05,2.673157744e-05,2.497321975e-05,1.776234186e-05,9.831696207e-06,5.440165652e-06,5.406446540e-06,7.425768666e-06,8.373262238e-06,6.258876083e-06,1.031975662e-06,-5.353873487e-06,-9.667749831e-06,-9.323080093e-06,-4.539324333e-06,1.557363774e-06,5.758569437e-06,7.941879718e-06,1.086059386e-05,1.627202284e-05,2.182452987e-05,2.219860542e-05,1.510143363e-05,3.092836775e-06,-6.304406539e-06,-1.045893769e-05,-8.567604369e-06,-1.000658426e-05,-7.179680980e-06
FP2,3.241279802e-06,1.071918075e-05,1.596687455e-05,2.007846848e-05,2.006209112e-05,1.661082303e-05,1.208702823e-05,1.005359036e-05,1.048860431e-05,9.959051399e-06,5.030285881e-06,-3.461490161e-06,-1.108529206e-05,-1.462431678e-05,-1.551045565e-05,-1.763717068e-05,-2.197860352e-05,-2.442034995e-05,-1.969369322e-05,-7.341379531e-06,6.765773030e-06,1.513767922e-05,1.498840627e-05,1.021933388e-05,7.588407654e-06,1.084209048e-05,1.784350738e-05,2.273723016e-05,2.109577206e-05,1.381687319e-05,6.487088566e-06,4.465342480e-06,7.800709215e-06,1.089859697e-05,7.887163099e-06,-1.165015167e-06,-9.679319438e-06,-1.090595015e-05,-5.054844465e-06,3.236678068e-07,-2.521917332e-06,-1.408608164e-05,-2.737850377e-05,-3.473513320e-05,-3.430893739e-05,-3.005558031e-05,-2.654156316e-05,-2.485176611e-05,-2.322152690e-05,-2.005524991e-05,-1.517523364e-05,-8.739147947e-06,-6.314526489e-07,8.253877180e-06,1.506727114e-05,1.685845092e-05,1.375672574e-05,9.298092526e-06,6.578790584e-06,4.329720965e-06,-2.023635481e-06,-1.472210088e-05,-2.965317898e-05,-3.907707851e-05,-3.888883739e-05,-3.279057839e-05,-2.865182917e-05,-3.063472696e-05,-3.528152228e-05,-3.558017052e-05,-2.855906367e-05,-1.832886297e-05,-1.146713926e-05,-9.793552596e-06,-8.258361313e-06,-1.948704436e-07,1.553751282e-05,3.290779387e-05,4.423268360e-05,4.724627514e-05,4.674380224e-05,4.951352531e-05,5.792372196e-05,6.839480106e-05,7.563636055e-05,7.787837645e-05,7.802055562e-05,8.029629938e-05,8.634021672e-05,9.433953573e-05,1.013399803e-04,1.060006875e-04,1.094632630e-04,1.141252457e-04,1.215256430e-04,1.306767934e-04,1.379033062e-04,1.387849729e-04,1.314614267e-04,1.188231110e-04,1.071095865e-04,1.013131307e-04,1.011917560e-04,1.017257673e-04,9.777471980e-05,8.856495575e-05,7.795886953e-05,7.080985528e-05,6.925131415e-05,7.194339024e-05,7.584987571e-05,7.829758029e-05,7.816991025e-05,7.646995263e-05,7.604677163e-05,7.958991570e-05,8.653292935e-05,9.200873250e-05,9.032989412e-05,8.069253669e-05,6.906900570e-05,6.309512874e-05,6.436104727e-05,6.634857849e-05,6.093247600e-05,4.700701595e-05,3.197406739e-05,2.429374757e-05,2.500105605e-05,2.718845321e-05,2.376331787e-05,1.503523135e-05,8.295598233e-06,1.024731352e-05,2.018839701e-05,3.035161970e-05,3.244675805e-05,2.419151755e-05,1.068779997e-05,3.558667999e-07,-1.044731541e-06,5.829190737e-06,1.470336450e-05,1.847740079e-05,1.462519961e-05,6.904810233e-06,1.676738927e-06,1.919926449e-06,4.577533722e-06,3.953314789e-06,-2.149572314e-06,-9.795533463e-06,-1.255639007e-05,-7.832844438e-06,3.342782256e-07,4.530561219e-06,1.214091531e-07,-1.107709928e-05,-2.222652619e-05,-2.633767746e-05,-2.087536384e-05,-9.211512036e-06,1.752415182e-06,6.236923605e-06,3.422817416e-06,-2.395024508e-06,-5.595765278e-06,-3.774325825e-06,1.069736722e-06,5.622418455e-06,9.152861066e-06,1.389446381e-05,2.148933186e-05,2.955772231e-05,3.250065693e-05,2.615301786e-05,1.181693308e-05,-4.192528836e-06,-1.500639945e-05,-1.773915507e-05,-1.465318977e-05,-1.067785638e-05,-9.643347167e-06,-1.194269009e-05,-1.494193572e-05,-1.552809897e-05,-1.269990063e-05,-7.999658855e-06,-3.398256034e-06,1.180031791e-06,7.811784339e-06,1.765064311e-05,2.820901303e-05,3.427833389e-05,3.222069799e-05,2.347797497e-05,1.361941730e-05,7.803165884e-06,7.106144332e-06,8.890618336e-06,1.001045232e-05,9.284126101e-06,7.429295610e-06,5.686397634e-06,4.976293366e-06,5.755677992e-06,7.771638307e-06,9.888839690e-06,1.094343672e-05,1.129769455e-05,1.306128515e-05,1.786711440e-05,2.401614776e-05,2.742990196e-05,2.429145713e-05,1.716378186e-05,1.003254924e-05,1.015925988e-05,1.326237581e-05,2.160706035e-05,1.313366631e-05
AFF6,3.536326258e-06,1.029437095e-05,1.574261757e-05,2.185340180e-05,2.341207018e-05,1.925492913e-05,1.158056253e-05,6.194457984e-06,5.478814239e-06,6.476914225e-06,3.862262750e-06,-3.753445546e-06,-1.225735671e-05,-1.662517018e-05,-1.644038535e-05,-1.584851479e-05,-1.802684546e-05,-2.069546063e-05,-1.808473783e-05,-7.430067109e-06,7.138533550e-06,1.775697908e-05,2.000308126e-05,1.685256074e-05,1.550323164e-05,2.029046734e-05,2.862679235e-05,3.375094524e-05,3.143002218e-05,2.405955458e-05,1.823430020e-05,1.822005341e-05,2.176626546e-05,2.245421659e-05,1.632279675e-05,6.158662956e-06,-9.454184304e-07,-4.271940267e-07,5.288852140e-06,9.040077921e-06,5.451930816e-06,-4.669890131e-06,-1.581633940e-05,-2.283003719e-05,-2.438784254e-05,-2.243402765e-05,-1.946167786e-05,-1.673791696e-05,-1.427345101e-05,-1.127122876e-05,-6.351992947e-06,1.691181700e-06,1.230225010e-05,2.234045979e-05,2.783958127e-05,2.743653068e-05,2.393790805e-05,2.171079036e-05,2.202830952e-05,2.127049362e-05,1.438902512e-05,5.365388241e-07,-1.489169747e-05,-2.427007134e-05,-2.424033974e-05,-1.848501653e-05,-1.405742839e-05,-1.475748107e-05,-1.790999707e-05,-1.759828461e-05,-1.106205814e-05,-1.759733835e-06,4.162924864e-06,4.506260904e-06,3.766169983e-06,8.709993665e-06,2.101612790e-05,3.473625505e-05,4.166871644e-05,3.937358883e-05,3.348638790e-05,3.185728858e-05,3.671568955e-05,4.304799990e-05,4.451451552e-05,4.021672567e-05,3.523994319e-05,3.509078862e-05,4.047477097e-05,4.759291636e-05,5.263570458e-05,5.522041667e-05,5.782101406e-05,6.289293476e-05,7.084208677e-05,7.982454251e-05,8.648530035e-05,8.724662893e-05,8.046606673e-05,6.850201518e-05,5.720930613e-05,5.195123737e-05,5.316188604e-05,5.597668087e-05,5.473235494e-05,4.797694209e-05,3.913342384e-05,3.279811639e-05,3.104819783e-05,3.308513219e-05,3.711011884e-05,4.146037081e-05,4.451246132e-05,4.526352521e-05,4.494007750e-05,4.696375389e-05,5.350688892e-05,6.169667569e-05,6.473829634e-05,5.840961116e-05,4.636525423e-05,3.755091168e-05,3.739114646e-05,4.204454930e-05,4.239558631e-05,3.379897160e-05,2.097894926e-05,1.277701437e-05,1.270985496e-05,1.573461422e-05,1.443697112e-05,7.484233257e-06,1.148208981e-06,2.584074909e-06,1.216187100e-05,2.255622313e-05,2.509743308e-05,1.712515218e-05,3.941121952e-06,-5.702052091e-06,-6.353440096e-06,5.105320258e-07,8.394959504e-06,1.129606244e-05,8.248178680e-06,3.284656118e-06,1.137948246e-06,2.777267176e-06,4.935861017e-06,3.833252703e-06,-8.120906644e-07,-5.442290121e-06,-6.064001547e-06,-1.901988236e-06,3.922048964e-06,6.774098725e-06,3.698461554e-06,-4.652968909e-06,-1.412243824e-05,-1.918256105e-05,-1.644112430e-05,-7.469525358e-06,1.758613563e-06,5.346593896e-06,2.389963493e-06,-2.481664268e-06,-3.788769680e-06,-3.704006857e-07,4.425596194e-06,7.439429331e-06,9.590443557e-06,1.431352979e-05,2.246035004e-05,2.984211716e-05,3.050487139e-05,2.225061317e-05,8.642561862e-06,-4.066269794e-06,-1.145501928e-05,-1.290360718e-05,-1.062170628e-05,-7.831793161e-06,-7.299045917e-06,-9.939442242e-06,-1.392347922e-05,-1.578871585e-05,-1.353399572e-05,-8.656128111e-06,-4.242870665e-06,-7.606436697e-07,5.200359394e-06,1.670830212e-05,3.110119536e-05,4.025194381e-05,3.750334889e-05,2.439032295e-05,9.803013345e-06,2.231194085e-06,3.039245159e-06,7.077933554e-06,8.756810736e-06,6.677872860e-06,3.054837446e-06,4.069706521e-07,-2.289033193e-07,1.174351939e-06,4.172164529e-06,7.526311921e-06,9.552689861e-06,9.902929386e-06,1.060457897e-05,1.406872988e-05,1.942748583e-05,2.254170179e-05,1.893932962e-05,1.076330257e-05,2.760521545e-06,2.947371091e-06,7.669308500e-06,1.782376312e-05,1.174686171e-05
F2,6.199478632e-06,1.804838398e-05,2.293364743e-05,2.591376120e-05,2.442803043e-05,2.016119408e-05,1.397971165e-05,9.289987216e-06,7.148154697e-06,5.980345339e-06,2.487631124e-06,-4.185874463e-06,-1.135633293e-05,-1.580513920e-05,-1.762852712e-05,-1.994635521e-05,-2.438415713e-05,-2.769152664e-05,-2.411567647e-05,-1.161794027e-05,4.824523384e-06,1.692948059e-05,2.047861222e-05,1.891049939e-05,1.947428746e-05,2.584573954e-05,3.457509849e-05,3.872189731e-05,3.486348826e-05,2.651092964e-05,2.067753422e-05,2.106298760e-05,2.452964987e-05,2.429507940e-05,1.674404200e-05,5.238173679e-06,-2.820116585e-06,-2.878721884e-06,2.528508467e-06,6.161711151e-06,2.598064966e-06,-7.328382751e-06,-1.790854596e-05,-2.369954398e-05,-2.331370670e-05,-1.904917142e-05,-1.396535212e-05,-9.683040703e-06,-6.180564597e-06,-2.470544521e-06,2.895356487e-06,1.108617320e-05,2.158025229e-05,3.133665500e-05,3.637612458e-05,3.523860296e-05,3.087891636e-05,2.819112693e-05,2.886251684e-05,2.889506554e-05,2.217548341e-05,7.205062031e-06,-9.892050392e-06,-1.984181539e-05,-1.837427368e-05,-1.008521559e-05,-3.958757332e-06,-4.812245891e-06,-9.121819502e-06,-9.295746495e-06,-1.869873491e-06,8.851687798e-06,1.537650245e-05,1.488785988e-05,1.206111859e-05,1.388762488e-05,2.203611924e-05,3.084808543e-05,3.302900844e-05,2.697683405e-05,1.816346814e-05,1.347128525e-05,1.468481670e-05,1.769204607e-05,1.750727552e-05,1.337483588e-05,8.975560201e-06,8.436921106e-06,1.277004584e-05,1.986046584e-05,2.698640133e-05,3.294508907e-05,3.834621555e-05,4.464694698e-05,5.280521912e-05,6.195325448e-05,6.886201026e-05,6.941322815e-05,6.189485216e-05,4.939421674e-05,3.828261755e-05,3.331737453e-05,3.380077223e-05,3.468772435e-05,3.153104375e-05,2.423867348e-05,1.630351595e-05,1.123687539e-05,1.030148551e-05,1.298379193e-05,1.813198057e-05,2.397532634e-05,2.817492254e-05,2.960377789e-05,3.039382446e-05,3.471387422e-05,4.396992901e-05,5.346191650e-05,5.553014621e-05,4.722919192e-05,3.435650994e-05,2.651213190e-05,2.767066795e-05,3.233933330e-05,3.166208943e-05,2.288108178e-05,1.187248493e-05,6.323538936e-06,7.443516274e-06,9.267090031e-06,5.818017091e-06,-2.045194684e-06,-7.307421737e-06,-3.841901322e-06,7.519284452e-06,1.942036665e-05,2.386448871e-05,1.816998265e-05,6.613012836e-06,-2.795972742e-06,-3.810960221e-06,3.925985882e-06,1.489098118e-05,2.194397568e-05,2.170953730e-05,1.664077167e-05,1.198368534e-05,1.059877364e-05,1.069815645e-05,8.540028772e-06,3.007693677e-06,-2.762627872e-06,-4.261369837e-06,7.812813504e-09,6.794782248e-06,1.040059826e-05,6.959014186e-06,-2.514455094e-06,-1.238628429e-05,-1.599074628e-05,-1.042884138e-05,8.903988581e-07,1.050081440e-05,1.273719734e-05,8.269875763e-06,2.931009196e-06,1.850434673e-06,4.885710535e-06,8.035288841e-06,8.870883776e-06,9.496989814e-06,1.355889029e-05,2.093318607e-05,2.651074253e-05,2.468594727e-05,1.466082910e-05,1.084183500e-06,-9.992884292e-06,-1.525259237e-05,-1.495058222e-05,-1.137670528e-05,-7.473374353e-06,-6.046319212e-06,-8.418773497e-06,-1.296547633e-05,-1.578038321e-05,-1.397266596e-05,-8.363801251e-06,-2.145518817e-06,3.256995007e-06,9.933786282e-06,2.014422665e-05,3.167062036e-05,3.800728833e-05,3.416233550e-05,2.198206291e-05,9.017291589e-06,2.078104191e-06,2.223196686e-06,5.636248324e-06,8.097493332e-06,7.860727330e-06,5.202918128e-06,1.127516048e-06,-2.715178223e-06,-4.058235445e-06,-1.640454747e-06,3.004641267e-06,6.547066104e-06,7.400373498e-06,7.608403040e-06,1.019509093e-05,1.469819395e-05,1.704629040e-05,1.352307691e-05,6.587023802e-06,1.232753091e-06,2.842558012e-06,7.357619429e-06,1.329352270e-05,7.614771912e-06
FC2,7.218668690e-06,2.056022726e-05,2.602579104e-05,2.933024670e-05,2.720918756e-05,2.198351145e-05,1.499011145e-05,1.006939981e-05,8.040403092e-06,6.963156548e-06,3.154193747e-06,-4.450842456e-06,-1.308024875e-05,-1.891731912e-05,-2.115899395e-05,-2.253095592e-05,-2.544574872e-05,-2.815442843e-05,-2.562825640e-05,-1.478940235e-05,1.339719533e-06,1.530841547e-05,2.157485230e-05,2.138555319e-05,2.126873614e-05,2.644951361e-05,3.557152466e-05,4.194060474e-05,4.016148815e-05,3.166830594e-05,2.357604746e-05,2.179546365e-05,2.516915428e-05,2.661057125e-05,2.032993411e-05,7.982585630e-06,-2.560483922e-06,-4.759919154e-06,2.155862822e-07,4.607404825e-06,1.431639800e-06,-9.251930753e-06,-2.096180176e-05,-2.694528638e-05,-2.545413432e-05,-1.965282836e-05,-1.359570221e-05,-8.969365728e-06,-5.111287397e-06,-7.827008280e-07,4.853612101e-06,1.233484849e-05,2.160032945e-05,3.100422393e-05,3.739422740e-05,3.840406396e-05,3.504610007e-05,3.124635914e-05,2.984750823e-05,2.905404272e-05,2.378402330e-05,1.141804501e-05,-3.928722427e-06,-1.383320213e-05,-1.309622722e-05,-4.879568613e-06,2.215055261e-06,2.546857092e-06,-1.265445282e-06,-1.719491396e-06,5.117193301e-06,1.517240973e-05,2.074262496e-05,1.886715852e-05,1.450468147e-05,1.501917778e-05,2.201947194e-05,2.943558636e-05,2.981515875e-05,2.194934700e-05,1.183249794e-05,6.433568037e-06,7.217199247e-06,9.833636269e-06,9.316608387e-06,4.809396167e-06,-4.647979983e-07,-2.687079184e-06,-2.895843688e-07,5.841145379e-06,1.364664245e-05,2.107457760e-05,2.699428354e-05,3.195206173e-05,3.776767421e-05,4.527463696e-05,5.201625592e-05,5.310111398e-05,4.562222410e-05,3.247133351e-05,2.088402112e-05,1.634188124e-05,1.785743427e-05,1.955887992e-05,1.673533031e-05,9.897338164e-06,3.213297383e-06,1.233255581e-07,1.189003062e-06,5.303911747e-06,1.119363978e-05,1.713916946e-05,2.076671554e-05,2.112313561e-05,2.106976466e-05,2.563320679e-05,3.618474839e-05,4.671189820e-05,4.799703615e-05,3.689377662e-05,2.081767506e-05,1.148851507e-05,1.365718643e-05,2.071038554e-05,2.195601638e-05,1.369797756e-05,2.275810788e-06,-3.575797552e-06,-2.084325590e-06,5.584126948e-07,-2.192656446e-06,-9.881903697e-06,-1.559052660e-05,-1.304922689e-05,-2.716981842e-06,8.624781343e-06,1.346507612e-05,9.063941339e-06,-1.060706734e-06,-9.899395893e-06,-1.166510832e-05,-5.482457233e-06,4.290748193e-06,1.149577334e-05,1.289328151e-05,1.022729934e-05,7.766694651e-06,7.772235791e-06,8.474714638e-06,6.522939624e-06,1.129375028e-06,-4.534963246e-06,-6.096220107e-06,-2.062212655e-06,4.592609113e-06,8.537109009e-06,5.986557429e-06,-2.451116754e-06,-1.180758926e-05,-1.579859222e-05,-1.123515216e-05,-7.366715434e-07,8.869932232e-06,1.186396163e-05,8.289671931e-06,3.496740191e-06,2.834291640e-06,6.814180642e-06,1.164318696e-05,1.415151125e-05,1.533080761e-05,1.850966348e-05,2.451188277e-05,2.956686638e-05,2.845355493e-05,1.948852879e-05,6.267587856e-06,-5.135979548e-06,-1.042196757e-05,-9.265864521e-06,-4.713579306e-06,-1.063755407e-06,-1.456618501e-06,-5.977120935e-06,-1.146372108e-05,-1.382771885e-05,-1.142259308e-05,-6.160158136e-06,-8.612956862e-07,4.338407691e-06,1.205774302e-05,2.360907749e-05,3.546815260e-05,4.098150317e-05,3.619735057e-05,2.376351062e-05,1.078386504e-05,3.061796433e-06,1.529935291e-06,3.397967114e-06,5.347080723e-06,5.251286488e-06,2.241887088e-06,-3.021531451e-06,-7.845721751e-06,-8.770901946e-06,-4.763128271e-06,1.077407268e-06,4.232849799e-06,3.639389444e-06,2.954125639e-06,6.087611773e-06,1.185701535e-05,1.465967767e-05,1.021200700e-05,1.415919944e-06,-5.310458449e-06,-4.375688011e-06,9.204378740e-07,7.479164113e-06,4.950926733e-06
FC6,9.287020741e-06,1.843567371e-05,2.018287166e-05,2.710426634e-05,2.958604479e-05,2.522356105e-05,1.378650044e-05,4.091748034e-06,1.435187331e-06,3.856190317e-06,2.982342962e-06,-6.143833049e-06,-2.000566309e-05,-3.022768537e-05,-3.182736620e-05,-2.688021789e-05,-2.057164492e-05,-1.517391023e-05,-8.794724781e-06,6.488383313e-07,1.163951435e-05,1.985548710e-05,2.235190044e-05,2.047910527e-05,1.871136144e-05,2.072675916e-05,2.629050741e-05,3.143789616e-05,3.174437721e-05,2.611169507e-05,1.787403747e-05,1.193962197e-05,1.029736240e-05,1.035507743e-05,8.251505869e-06,3.906814720e-06,1.941678909e-06,6.597660659e-06,1.581159912e-05,2.148113448e-05,1.663321053e-05,2.319631994e-06,-1.315248614e-05,-2.186222549e-05,-2.265995409e-05,-2.007013337e-05,-1.812767971e-05,-1.665236684e-05,-1.342889373e-05,-8.264214615e-06,-3.292903775e-06,4.339963170e-07,4.925689865e-06,1.271802607e-05,2.301095602e-05,3.169549468e-05,3.553940399e-05,3.531133897e-05,3.384228196e-05,3.154737544e-05,2.541766893e-05,1.328686185e-05,-1.676709629e-06,-1.222685142e-05,-1.352136633e-05,-7.963278563e-06,-2.932686959e-06,-3.622139533e-06,-8.470094484e-06,-1.169800972e-05,-9.731209010e-06,-4.439180161e-06,-8.651721764e-08,2.075804178e-06,5.308449180e-06,1.330161363e-05,2.510224403e-05,3.478730014e-05,3.659828024e-05,3.047505271e-05,2.238921759e-05,1.902437954e-05,2.188864375e-05,2.637659654e-05,2.640878222e-05,2.004261784e-05,1.089412886e-05,4.511849358e-06,3.536026455e-06,6.156439713e-06,8.842044714e-06,1.031145460e-05,1.288586046e-05,2.005615971e-05,3.255067851e-05,4.645149589e-05,5.518174218e-05,5.403189014e-05,4.376233977e-05,3.036686095e-05,2.100359500e-05,1.918550649e-05,2.293505802e-05,2.707220739e-05,2.733622121e-05,2.287977763e-05,1.574544633e-05,8.809847521e-06,4.369055823e-06,3.825519159e-06,7.462467241e-06,1.394212465e-05,2.060368293e-05,2.527161277e-05,2.811342210e-05,3.116241489e-05,3.543012395e-05,3.876290133e-05,3.745691640e-05,3.049013404e-05,2.167784145e-05,1.671664976e-05,1.768493281e-05,2.079858050e-05,2.005350939e-05,1.310931478e-05,3.351159702e-06,-3.760872810e-06,-5.911133878e-06,-5.279725392e-06,-5.098562927e-06,-5.580918234e-06,-3.670253590e-06,3.256755578e-06,1.365090107e-05,2.182916347e-05,2.196815641e-05,1.274694729e-05,-1.153027398e-06,-1.199523151e-05,-1.429953358e-05,-8.575445816e-06,-5.983500857e-07,3.227415574e-06,6.652809508e-07,-5.307823933e-06,-9.790677599e-06,-1.030133831e-05,-8.210601250e-06,-6.395803029e-06,-5.913783049e-06,-5.064458361e-06,-1.492344854e-06,4.978097799e-06,1.147735748e-05,1.390220875e-05,9.928535875e-06,1.003075871e-06,-8.166932610e-06,-1.253241709e-05,-1.021222300e-05,-3.937153897e-06,1.008971594e-06,8.897617790e-07,-3.849380551e-06,-9.654952882e-06,-1.319709897e-05,-1.336021902e-05,-1.023887466e-05,-3.287314260e-06,8.292519892e-06,2.304037162e-05,3.603375244e-05,4.143079690e-05,3.682991287e-05,2.509861210e-05,1.190856458e-05,1.696442463e-06,-4.156454946e-06,-6.314136394e-06,-6.056130305e-06,-5.121190264e-06,-5.787124679e-06,-9.648386699e-06,-1.593254808e-05,-2.166784180e-05,-2.401160052e-05,-2.212506143e-05,-1.644694643e-05,-6.814700718e-06,7.312876873e-06,2.417778454e-05,3.826794649e-05,4.321997760e-05,3.706548145e-05,2.433352443e-05,1.245419220e-05,6.043725450e-06,4.649805158e-06,5.213233646e-06,5.429434594e-06,4.425021179e-06,1.549335576e-06,-3.663474714e-06,-9.920398216e-06,-1.380506086e-05,-1.230076510e-05,-5.724297039e-06,2.611571212e-06,9.813335543e-06,1.569501966e-05,2.115697885e-05,2.496050539e-05,2.407594554e-05,1.669472818e-05,6.637404626e-06,-9.112361574e-07,-6.498324777e-07,3.623348203e-06,1.101572526e-05,7.428490442e-06
C4,8.231980925e-06,2.160207109e-05,2.620127873e-05,2.974084463e-05,2.788575685e-05,2.253096042e-05,1.456418084e-05,8.521863465e-06,5.796697482e-06,4.557542206e-06,6.257202812e-07,-7.333319115e-06,-1.621672215e-05,-2.160851701e-05,-2.250510766e-05,-2.203125366e-05,-2.321242548e-05,-2.470587069e-05,-2.163160456e-05,-1.091095844e-05,4.658430346e-06,1.816205891e-05,2.456570020e-05,2.494768458e-05,2.485868238e-05,2.862561805e-05,3.525430032e-05,3.974774512e-05,3.830659752e-05,3.225320071e-05,2.687827196e-05,2.631381625e-05,2.939041839e-05,3.062115078e-05,2.558831888e-05,1.560956402e-05,6.987532388e-06,5.283862882e-06,1.000756429e-05,1.485517337e-05,1.328696539e-05,4.132664206e-06,-7.820806985e-06,-1.622092907e-05,-1.799186943e-05,-1.452040305e-05,-9.202586250e-06,-4.458441683e-06,-6.556971957e-07,3.213288393e-06,8.481269298e-06,1.596677617e-05,2.516395191e-05,3.386228808e-05,3.919173422e-05,3.993422073e-05,3.794615481e-05,3.657681594e-05,3.697796188e-05,3.614035097e-05,2.948170186e-05,1.610066074e-05,1.288525072e-06,-7.062852954e-06,-5.347930012e-06,2.306669866e-06,7.848582518e-06,6.922937576e-06,2.741376481e-06,2.230677774e-06,8.421832526e-06,1.704757312e-05,2.099458585e-05,1.793836173e-05,1.298112560e-05,1.331826487e-05,2.047418107e-05,2.835674037e-05,2.928742334e-05,2.175627764e-05,1.192221875e-05,7.534463049e-06,1.069858612e-05,1.660481016e-05,1.878929984e-05,1.512704646e-05,8.964754457e-06,5.351060575e-06,6.725454964e-06,1.171849535e-05,1.701986396e-05,2.001917584e-05,2.042032915e-05,2.027378325e-05,2.238111894e-05,2.764749533e-05,3.331766044e-05,3.439106827e-05,2.799010822e-05,1.685203426e-05,7.886226139e-06,6.368622034e-06,1.126163478e-05,1.647582222e-05,1.679371055e-05,1.236568480e-05,7.615139349e-06,6.577492242e-06,9.877216146e-06,1.556080486e-05,2.136786748e-05,2.555743487e-05,2.670706479e-05,2.452996327e-05,2.127138744e-05,2.078027823e-05,2.456066864e-05,2.886718592e-05,2.735206137e-05,1.776315079e-05,5.485611654e-06,-9.295885920e-07,1.731786367e-06,7.965054745e-06,9.272967370e-06,2.953125090e-06,-5.521984634e-06,-8.815512702e-06,-5.527670313e-06,-1.143853657e-06,-1.684801021e-06,-7.263513599e-06,-1.207886833e-05,-1.022125423e-05,-1.271498803e-06,9.155898360e-06,1.371064898e-05,8.677698422e-06,-3.308293029e-06,-1.483034947e-05,-1.864391628e-05,-1.285097813e-05,-2.301295055e-06,5.432626381e-06,6.438762818e-06,3.397366831e-06,2.165688238e-06,5.491739162e-06,1.040384514e-05,1.188068339e-05,8.604944808e-06,4.531053346e-06,4.800429157e-06,1.055669481e-05,1.786599565e-05,2.123707158e-05,1.792871106e-05,9.511821548e-06,3.803050499e-07,-5.003197310e-06,-4.572905581e-06,9.269123668e-08,4.659456411e-06,5.208812586e-06,1.622754611e-06,-2.109560982e-06,-1.561976617e-06,3.886396072e-06,1.077441709e-05,1.563401444e-05,1.877283269e-05,2.330371711e-05,3.049423466e-05,3.695011868e-05,3.716807530e-05,2.890787864e-05,1.572939485e-05,4.225111051e-06,-1.073257920e-06,-4.462376823e-07,2.247423385e-06,2.824735114e-06,-6.062507099e-07,-6.834076802e-06,-1.250608984e-05,-1.439324257e-05,-1.170981990e-05,-6.495142997e-06,-1.235564392e-06,4.117891113e-06,1.217992090e-05,2.446624023e-05,3.782770665e-05,4.551773444e-05,4.270155113e-05,3.106687711e-05,1.773474289e-05,9.517165249e-06,8.116483210e-06,1.025567024e-05,1.143892424e-05,9.263155287e-06,4.143776271e-06,-1.624063618e-06,-5.105235077e-06,-4.213928789e-06,6.670031622e-07,6.491869327e-06,9.993982900e-06,1.092970703e-05,1.232985415e-05,1.671235261e-05,2.216380442e-05,2.347516236e-05,1.721726569e-05,6.556202634e-06,-2.107412745e-06,-3.349058116e-06,2.668415582e-07,5.683284819e-06,3.945174385e-06
T8,3.860362102e-06,9.528905870e-06,1.338616340e-05,1.787113165e-05,1.814383777e-05,1.407061010e-05,6.946043244e-06,7.178432460e-07,-2.551037012e-06,-3.056742030e-06,-3.086177930e-06,-4.724745590e-06,-8.522184005e-06,-1.324104682e-05,-1.676543329e-05,-1.739609537e-05,-1.466877181e-05,-9.192942572e-06,-1.925914347e-06,6.090766989e-06,1.323494450e-05,1.722531649e-05,1.668575173e-05,1.333581689e-05,1.182422888e-05,1.586973843e-05,2.389104065e-05,2.934957673e-05,2.684589590e-05,1.820717329e-05,1.146834581e-05,1.273323036e-05,1.928000004e-05,2.197122969e-05,1.519847947e-05,3.778602032e-06,-1.189272900e-06,6.331017023e-06,2.067944158e-05,2.963188775e-05,2.584612483e-05,1.284326064e-05,1.935176253e-07,-5.928167862e-06,-6.846490905e-06,-7.282175239e-06,-9.137584256e-06,-1.017833468e-05,-7.767695832e-06,-2.162085231e-06,4.369244023e-06,1.051853137e-05,1.669935321e-05,2.292442594e-05,2.731020716e-05,2.784215633e-05,2.536841657e-05,2.356074976e-05,2.500222875e-05,2.764031998e-05,2.618942569e-05,1.775083647e-05,5.797207929e-06,-2.194971352e-06,-1.600602828e-06,4.888702018e-06,9.911356442e-06,8.662317683e-06,3.400210103e-06,7.320916720e-07,4.630117577e-06,1.243577923e-05,1.781410710e-05,1.731215282e-05,1.359949033e-05,1.224625490e-05,1.578149376e-05,2.139349542e-05,2.442930346e-05,2.359565520e-05,2.220304407e-05,2.428796087e-05,2.991714753e-05,3.464296459e-05,3.361087365e-05,2.614476432e-05,1.640965261e-05,9.749609186e-06,8.283768921e-06,9.703712689e-06,1.006960889e-05,7.880179746e-06,5.704522933e-06,7.840673907e-06,1.593911741e-05,2.649460814e-05,3.277239683e-05,2.993737475e-05,1.911641523e-05,6.803194686e-06,5.747417631e-08,1.614492432e-06,8.763689540e-06,1.616384151e-05,1.957153566e-05,1.772719509e-05,1.219345704e-05,6.368253724e-06,4.104685477e-06,7.568941162e-06,1.514023359e-05,2.170663980e-05,2.247058900e-05,1.751326711e-05,1.231228844e-05,1.268659370e-05,1.864983584e-05,2.366919940e-05,2.077365978e-05,9.701620347e-06,-2.239428386e-06,-6.719469131e-06,-1.940056909e-06,6.130704428e-06,9.714091716e-06,6.294588190e-06,1.742497221e-07,-2.346267035e-06,9.273360907e-07,6.374878827e-06,8.384496764e-06,4.818653871e-06,-9.112024724e-07,-2.967018447e-06,1.389960598e-06,8.829496137e-06,1.240592739e-05,7.556295590e-06,-3.610314832e-06,-1.377382496e-05,-1.656806330e-05,-1.200804345e-05,-6.275184036e-06,-6.053356983e-06,-1.249560508e-05,-2.010278443e-05,-2.138025281e-05,-1.325598955e-05,5.307702714e-08,1.010802015e-05,1.095849076e-05,4.189732429e-06,-2.113908058e-06,-2.528640116e-07,9.898088503e-06,2.010984380e-05,2.094192630e-05,1.061388564e-05,-3.070321251e-06,-1.003746981e-05,-7.323214601e-06,-9.757553042e-07,1.090240609e-06,-2.888050431e-06,-8.259563052e-06,-1.067496820e-05,-1.094976856e-05,-1.222906214e-05,-1.377625484e-05,-1.019355540e-05,2.138346870e-06,1.926433967e-05,3.218349317e-05,3.525462845e-05,3.069657823e-05,2.429445023e-05,1.836634815e-05,1.099582848e-05,1.749116078e-06,-4.851313246e-06,-3.923418129e-06,2.519564983e-06,5.784196009e-06,-4.390841739e-07,-1.240869796e-05,-1.969976795e-05,-1.632687223e-05,-6.797055072e-06,-1.160225595e-07,8.957953693e-07,2.226397769e-06,1.045404246e-05,2.385581898e-05,3.337382779e-05,3.196730559e-05,2.143129459e-05,9.667594158e-06,2.729853790e-06,7.539633503e-07,6.605775186e-07,4.847781793e-07,1.390014128e-07,-4.009763420e-07,-1.418197154e-06,-1.850102377e-06,6.731231159e-07,6.717548645e-06,1.281152426e-05,1.432487064e-05,1.121290601e-05,9.373703081e-06,1.447037056e-05,2.423096817e-05,2.918658487e-05,2.106865646e-05,3.671099692e-06,-1.171119869e-05,-1.236029164e-05,-2.103197954e-06,1.312809671e-05,9.771003691e-06
CP2,9.150972020e-06,2.339670205e-05,2.695589779e-05,2.919183521e-05,2.631889687e-05,2.098897974e-05,1.372804252e-05,8.648308844e-06,6.814923419e-06,6.622728842e-06,4.147973639e-06,-2.183874704e-06,-1.022264579e-05,-1.661910066e-05,-2.056715471e-05,-2.405459350e-05,-2.828297442e-05,-3.072868041e-05,-2.682179249e-05,-1.487535648e-05,1.094788012e-06,1.405569951e-05,1.981121710e-05,2.036737343e-05,2.160058778e-05,2.751413450e-05,3.648090878e-05,4.285768651e-05,4.235878828e-05,3.616755717e-05,2.991088878e-05,2.834527024e-05,3.073738563e-05,3.153409361e-05,2.596455780e-05,1.519909706e-05,5.748832717e-06,3.360106620e-06,7.339739274e-06,1.104394528e-05,8.117139298e-06,-1.679371619e-06,-1.255840547e-05,-1.808317514e-05,-1.625070447e-05,-9.876054872e-06,-3.101718125e-06,1.864717785e-06,5.247228132e-06,8.378270240e-06,1.261096559e-05,1.887831655e-05,2.705208517e-05,3.523038320e-05,4.037119117e-05,4.065902374e-05,3.746235206e-05,3.426582452e-05,3.301805681e-05,3.171617994e-05,2.637370213e-05,1.584346934e-05,4.334550755e-06,-1.651055028e-06,6.392108866e-07,7.364527294e-06,1.169355600e-05,1.044856333e-05,7.011771729e-06,7.418659394e-06,1.365892469e-05,2.123446053e-05,2.364747570e-05,1.917607663e-05,1.277411453e-05,1.099458963e-05,1.520433542e-05,2.019219549e-05,1.959363128e-05,1.243288073e-05,4.093764658e-06,1.017711450e-06,4.780455033e-06,1.127748195e-05,1.507352380e-05,1.406692639e-05,1.032196131e-05,7.422710268e-06,7.589479702e-06,1.072074664e-05,1.503300508e-05,1.824891146e-05,1.900614535e-05,1.807875092e-05,1.806229754e-05,2.077752991e-05,2.440619295e-05,2.397058100e-05,1.596296275e-05,2.896509503e-06,-7.590800465e-06,-9.178866294e-06,-2.635049036e-06,5.158118244e-06,7.945112365e-06,5.559244572e-06,2.867582495e-06,4.272721621e-06,1.002829074e-05,1.737123184e-05,2.368168124e-05,2.774601798e-05,2.904161079e-05,2.764258668e-05,2.523282919e-05,2.463056577e-05,2.662545066e-05,2.752222825e-05,2.168828684e-05,7.849356745e-06,-7.770444514e-06,-1.617930091e-05,-1.417801717e-05,-7.573126440e-06,-5.168504397e-06,-9.840898006e-06,-1.630098854e-05,-1.759915866e-05,-1.281244132e-05,-7.568207482e-06,-7.450468997e-06,-1.192470233e-05,-1.506115968e-05,-1.164256076e-05,-2.195743120e-06,7.384811177e-06,1.041876361e-05,4.126871490e-06,-8.538112509e-06,-2.051578456e-05,-2.475894872e-05,-1.872427464e-05,-6.199823473e-06,5.495071092e-06,1.121887550e-05,1.171752271e-05,1.180249319e-05,1.488678289e-05,1.957159874e-05,2.170984914e-05,1.938559614e-05,1.526137817e-05,1.391438915e-05,1.721257576e-05,2.245808161e-05,2.474724421e-05,2.096207790e-05,1.202053168e-05,2.148332039e-06,-3.871267073e-06,-3.717209480e-06,9.414449344e-07,5.665602647e-06,6.801845454e-06,4.640918515e-06,3.056887719e-06,5.574342860e-06,1.171367332e-05,1.758291062e-05,2.017877485e-05,2.060119320e-05,2.249214208e-05,2.744405598e-05,3.259457300e-05,3.311200201e-05,2.685392651e-05,1.640169968e-05,6.838311440e-06,1.895698603e-06,1.850197588e-06,4.067443237e-06,4.959846067e-06,2.098016146e-06,-4.215093744e-06,-1.081860251e-05,-1.374390816e-05,-1.130812904e-05,-5.322390287e-06,1.197824860e-06,7.518114286e-06,1.567524329e-05,2.697751950e-05,3.852760243e-05,4.436153609e-05,4.068235457e-05,2.973277360e-05,1.810884186e-05,1.133503902e-05,1.017611314e-05,1.155775725e-05,1.191016379e-05,9.332335582e-06,3.799802788e-06,-3.050388016e-06,-8.108143697e-06,-8.240904745e-06,-2.996991138e-06,4.264412709e-06,9.127804015e-06,1.053156991e-05,1.167835914e-05,1.572692573e-05,2.104131798e-05,2.189468853e-05,1.475289073e-05,2.636253014e-06,-6.782257465e-06,-8.921300249e-06,-5.168444101e-06,-2.099776669e-06,-1.228500752e-06
CP6,1.037999552e-05,2.385567994e-05,2.616935756e-05,2.859383033e-05,2.554889798e-05,2.001233808e-05,1.268561726e-05,7.896353610e-06,5.595482375e-06,3.234902655e-06,-2.759404468e-06,-1.204462900e-05,-2.056887735e-05,-2.457633116e-05,-2.432535083e-05,-2.308241348e-05,-2.268220491e-05,-2.096832233e-05,-1.419672625e-05,-1.732339693e-06,1.222550638e-05,2.186823341e-05,2.471180276e-05,2.343049680e-05,2.305275201e-05,2.634375033e-05,3.155675213e-05,3.434437005e-05,3.196916550e-05,2.603909104e-05,2.124138577e-05,2.105203063e-05,2.434138112e-05,2.632500912e-05,2.328589139e-05,1.651965961e-05,1.132115200e-05,1.173519159e-05,1.632938369e-05,1.938597755e-05,1.632085160e-05,7.828428160e-06,-1.148381009e-06,-6.016114325e-06,-5.859913926e-06,-2.831771158e-06,6.701361460e-07,3.751770932e-06,6.689548092e-06,9.987418298e-06,1.408790129e-05,1.928681584e-05,2.512845175e-05,2.999605382e-05,3.215014938e-05,3.168506726e-05,3.100556142e-05,3.248241909e-05,3.535054691e-05,3.557312355e-05,2.969681557e-05,1.916773411e-05,1.031644915e-05,9.192432417e-06,1.583498101e-05,2.371403195e-05,2.540121685e-05,1.941809650e-05,1.169364218e-05,9.947230144e-06,1.616773730e-05,2.452556377e-05,2.703481693e-05,2.158586890e-05,1.425311044e-05,1.325278635e-05,2.047701708e-05,2.932658564e-05,3.126872046e-05,2.445088215e-05,1.549121432e-05,1.274599090e-05,1.821956491e-05,2.628586133e-05,2.981509434e-05,2.679255142e-05,2.101154708e-05,1.739110035e-05,1.757186841e-05,1.970643394e-05,2.118984866e-05,2.085653044e-05,1.923875872e-05,1.785653169e-05,1.828952940e-05,2.078663563e-05,2.303984584e-05,2.115801021e-05,1.337868970e-05,3.208802719e-06,-2.324061671e-06,1.100777973e-06,1.052744271e-05,1.822481417e-05,1.916476345e-05,1.557406665e-05,1.379418656e-05,1.734556570e-05,2.399038859e-05,2.925321100e-05,3.126064592e-05,3.122931824e-05,3.033530651e-05,2.810106113e-05,2.428310641e-05,2.058039694e-05,1.865957662e-05,1.689490938e-05,1.121326414e-05,4.292027082e-07,-1.037909686e-05,-1.387556224e-05,-8.439022993e-06,-8.785455328e-07,9.563101681e-08,-7.064637732e-06,-1.519665068e-05,-1.611994030e-05,-9.038902896e-06,-7.442332665e-07,1.906392157e-06,-1.254013897e-06,-4.327144392e-06,-1.697083822e-06,6.617057100e-06,1.498263376e-05,1.652565971e-05,8.104184150e-06,-7.193934795e-06,-2.148305589e-05,-2.710221087e-05,-2.228764601e-05,-1.274772107e-05,-6.773980070e-06,-7.671530195e-06,-1.094326117e-05,-9.479183010e-06,-1.422428904e-06,7.879227451e-06,1.195057849e-05,1.031580253e-05,8.673768287e-06,1.231694808e-05,2.052049063e-05,2.777645898e-05,2.949613356e-05,2.546996242e-05,1.838869218e-05,1.083073557e-05,4.493450079e-06,9.190551093e-07,8.358528628e-07,2.427092859e-06,1.965594314e-06,-2.257490211e-06,-7.015366569e-06,-6.713340390e-06,5.153323302e-07,1.025987291e-05,1.640594707e-05,1.784037810e-05,1.928992872e-05,2.508708812e-05,3.321174482e-05,3.678703768e-05,3.145006653e-05,2.023276173e-05,1.066803003e-05,7.651173826e-06,9.688312495e-06,1.159156739e-05,9.720054451e-06,4.398982130e-06,-1.603516613e-06,-5.732624318e-06,-6.919353684e-06,-5.419027517e-06,-2.141905120e-06,2.240871831e-06,8.152531945e-06,1.683611668e-05,2.835379997e-05,3.956363354e-05,4.494747818e-05,4.069786534e-05,2.854369918e-05,1.522885042e-05,7.623631993e-06,7.799857979e-06,1.225395453e-05,1.530470752e-05,1.328856330e-05,6.557130992e-06,-1.221393856e-06,-5.416892141e-06,-3.276616643e-06,4.153189232e-06,1.266772151e-05,1.828330419e-05,2.063024401e-05,2.273400819e-05,2.695340129e-05,3.141157158e-05,3.130436398e-05,2.405126206e-05,1.266003925e-05,3.209980762e-06,-5.482899670e-07,-5.512456099e-08,1.045430200e-06,4.425847372e-07
P4,1.451644632e-05,3.197016859e-05,3.299216335e-05,3.434024897e-05,2.939611801e-05,2.290586236e-05,1.466532305e-05,9.199271900e-06,6.439692719e-06,4.582707797e-06,-5.734362497e-08,-8.129518412e-06,-1.691636182e-05,-2.316814359e-05,-2.645243982e-05,-2.879403168e-05,-3.110112280e-05,-3.086689587e-05,-2.429114389e-05,-1.078977568e-05,5.123313677e-06,1.699084850e-05,2.175770585e-05,2.217101260e-05,2.395219075e-05,3.037187373e-05,3.916855842e-05,4.457633497e-05,4.268012811e-05,3.528214206e-05,2.856965222e-05,2.747491712e-05,3.087902974e-05,3.253945717e-05,2.733906600e-05,1.688097112e-05,8.513321525e-06,8.268001661e-06,1.467783993e-05,1.991404446e-05,1.725284543e-05,7.339559263e-06,-2.858644033e-06,-6.783022140e-06,-3.579696387e-06,2.734234845e-06,8.045874929e-06,1.129726367e-05,1.363120953e-05,1.606612139e-05,1.889195102e-05,2.256393450e-05,2.765658396e-05,3.338499732e-05,3.713062297e-05,3.667997268e-05,3.303867958e-05,2.999795876e-05,3.009054247e-05,3.135812702e-05,2.921585278e-05,2.200860838e-05,1.403220141e-05,1.194873031e-05,1.783735896e-05,2.640307085e-05,2.986167301e-05,2.574362890e-05,1.937941152e-05,1.823636496e-05,2.393889850e-05,3.039037358e-05,3.004875145e-05,2.181331755e-05,1.228529813e-05,9.128095465e-06,1.345939642e-05,1.905630221e-05,1.895414590e-05,1.249790343e-05,5.817290436e-06,5.692259786e-06,1.324892327e-05,2.340917705e-05,2.982223502e-05,3.001174740e-05,2.631816781e-05,2.290845717e-05,2.231006473e-05,2.414471102e-05,2.612950916e-05,2.601866731e-05,2.329955149e-05,1.971844199e-05,1.789657943e-05,1.855010902e-05,1.879514910e-05,1.406606794e-05,2.833250118e-06,-1.044242402e-05,-1.799347286e-05,-1.534501625e-05,-5.411289003e-06,4.320063490e-06,8.770294041e-06,9.275706113e-06,1.091898976e-05,1.676341005e-05,2.530933787e-05,3.298804618e-05,3.775499232e-05,3.969095890e-05,3.922080410e-05,3.637446974e-05,3.197881029e-05,2.801389600e-05,2.531734813e-05,2.132567924e-05,1.189718368e-05,-3.498103700e-06,-1.915106649e-05,-2.726756166e-05,-2.540216497e-05,-1.907497238e-05,-1.620756962e-05,-1.912779758e-05,-2.278875170e-05,-2.093791361e-05,-1.320661935e-05,-5.420144534e-06,-3.216845246e-06,-6.185453062e-06,-8.548392135e-06,-5.148779601e-06,3.509800642e-06,1.160130698e-05,1.266850255e-05,4.421534769e-06,-9.665066534e-06,-2.251848180e-05,-2.783287033e-05,-2.399318873e-05,-1.487021398e-05,-6.552312545e-06,-2.359565333e-06,-4.980692113e-07,3.346584277e-06,1.102421779e-05,1.969980347e-05,2.473249038e-05,2.454911561e-05,2.233724077e-05,2.288147236e-05,2.791015481e-05,3.449224022e-05,3.761467151e-05,3.420764476e-05,2.526811376e-05,1.495110804e-05,7.751865981e-06,5.676592526e-06,7.091517673e-06,8.168092754e-06,6.207941923e-06,2.225663005e-06,1.591398573e-07,3.028014005e-06,9.753556300e-06,1.614390549e-05,1.923443900e-05,2.031486292e-05,2.319903789e-05,2.953860000e-05,3.634481912e-05,3.849193395e-05,3.359305665e-05,2.429246671e-05,1.596131082e-05,1.234303454e-05,1.306619562e-05,1.456247420e-05,1.300347849e-05,6.993218536e-06,-1.469896346e-06,-8.226929923e-06,-9.779222191e-06,-5.797516863e-06,9.339828397e-07,7.425441586e-06,1.347102030e-05,2.133213236e-05,3.209193169e-05,4.267637877e-05,4.733886817e-05,4.265494684e-05,3.100660763e-05,1.892720200e-05,1.198719220e-05,1.110690961e-05,1.308122064e-05,1.375959755e-05,1.072106588e-05,4.159598281e-06,-3.382479902e-06,-8.047791602e-06,-6.780265660e-06,2.810940153e-07,9.503730122e-06,1.672524008e-05,2.094396225e-05,2.458468607e-05,2.963509857e-05,3.408461133e-05,3.299321627e-05,2.410013887e-05,1.050911716e-05,-6.295918525e-07,-5.865226657e-06,-5.392925765e-06,-5.479808943e-06,-3.494125118e-06
P8,1.692544789e-05,3.304182134e-05,2.873306155e-05,2.646066325e-05,1.898214023e-05,1.184616060e-05,3.733344667e-06,-7.869253370e-07,-2.149491819e-06,-2.460094369e-06,-6.142210722e-06,-1.397244742e-05,-2.238732560e-05,-2.680924881e-05,-2.611798283e-05,-2.280364868e-05,-1.891985048e-05,-1.313814730e-05,-2.807512208e-06,1.141673672e-05,2.426111276e-05,3.001724458e-05,2.796212910e-05,2.315059598e-05,2.166309374e-05,2.513546631e-05,2.981352958e-05,3.057073209e-05,2.571288053e-05,1.825690907e-05,1.300653926e-05,1.235229628e-05,1.445004801e-05,1.524066385e-05,1.253587575e-05,8.498148328e-06,7.955587805e-06,1.368425932e-05,2.301343933e-05,2.940501671e-05,2.800017016e-05,1.994769998e-05,1.125610528e-05,7.376274475e-06,8.952691072e-06,1.257248711e-05,1.485335662e-05,1.512611684e-05,1.448610883e-05,1.352551145e-05,1.200160478e-05,1.037487084e-05,1.035320526e-05,1.309796080e-05,1.737698166e-05,2.052413502e-05,2.147302108e-05,2.203866615e-05,2.445340863e-05,2.801109603e-05,2.931980200e-05,2.649663894e-05,2.241896733e-05,2.253020258e-05,2.888465116e-05,3.702874447e-05,3.979367231e-05,3.447492056e-05,2.573091299e-05,2.085581849e-05,2.234022423e-05,2.567334265e-05,2.469080253e-05,1.858336266e-05,1.293181752e-05,1.367334889e-05,2.053827301e-05,2.699531603e-05,2.676680583e-05,2.014147067e-05,1.374696736e-05,1.427946893e-05,2.253041765e-05,3.315273536e-05,3.962680842e-05,3.929807791e-05,3.427954590e-05,2.850101276e-05,2.432333702e-05,2.150778811e-05,1.862629050e-05,1.514179210e-05,1.237109668e-05,1.256836997e-05,1.664450980e-05,2.226505282e-05,2.443214679e-05,1.904975995e-05,6.955152432e-06,-5.557013541e-06,-1.114105184e-05,-7.291444900e-06,1.803576247e-06,9.362440522e-06,1.201831033e-05,1.184228429e-05,1.292807091e-05,1.682189265e-05,2.168704722e-05,2.524125868e-05,2.728811002e-05,2.896341192e-05,3.043228329e-05,3.053354115e-05,2.871601832e-05,2.612454541e-05,2.381723192e-05,2.041651440e-05,1.296570444e-05,8.621816961e-07,-1.176442255e-05,-1.885037548e-05,-1.804178375e-05,-1.306814868e-05,-9.997313123e-06,-1.127838651e-05,-1.389039332e-05,-1.322485824e-05,-8.110470473e-06,-1.628355375e-06,2.600880058e-06,4.220866168e-06,6.123235091e-06,1.108277162e-05,1.861522339e-05,2.480676845e-05,2.495696107e-05,1.693718257e-05,3.054978195e-06,-1.088000096e-05,-1.908872383e-05,-1.980240202e-05,-1.646665107e-05,-1.462478039e-05,-1.682718826e-05,-2.029877869e-05,-1.981202880e-05,-1.299678746e-05,-2.677676297e-06,6.098901512e-06,1.107598199e-05,1.456017842e-05,2.034012595e-05,2.923574667e-05,3.784128090e-05,4.141286025e-05,3.784071318e-05,2.917056252e-05,1.984838617e-05,1.354147327e-05,1.092781394e-05,9.717002608e-06,6.684475511e-06,3.229879526e-07,-7.827666883e-06,-1.433513892e-05,-1.661298280e-05,-1.471715832e-05,-1.048703081e-05,-5.138125488e-06,1.837755539e-06,1.114556023e-05,2.141927487e-05,2.916271189e-05,3.137892735e-05,2.824613640e-05,2.306424223e-05,1.958581674e-05,1.933866383e-05,2.107086845e-05,2.214554118e-05,2.036202947e-05,1.516185601e-05,7.989085821e-06,1.641325105e-06,-1.406958311e-06,-7.150121681e-07,2.089687487e-06,5.362126179e-06,9.493198354e-06,1.632696848e-05,2.609611194e-05,3.528473394e-05,3.842096277e-05,3.265533123e-05,2.068083419e-05,9.006714408e-06,3.220676867e-06,4.505179539e-06,9.826183212e-06,1.461140124e-05,1.540665318e-05,1.134089080e-05,4.493407753e-06,-9.819156949e-07,-1.251326203e-06,4.472715465e-06,1.338678531e-05,2.173131479e-05,2.809373746e-05,3.367248799e-05,3.912716442e-05,4.202912762e-05,3.825873283e-05,2.694716353e-05,1.188376516e-05,-1.328652712e-08,-6.152150089e-06,-6.658114040e-06,-7.476754761e-06,-4.365182590e-06
O2,1.786204899e-05,3.624373804e-05,3.180457645e-05,2.844654995e-05,2.054094334e-05,1.460971543e-05,8.258465586e-06,4.592019654e-06,2.847434245e-06,2.139109924e-06,-8.412350190e-07,-7.317574643e-06,-1.540214021e-05,-2.169379514e-05,-2.470497679e-05,-2.572701419e-05,-2.609262959e-05,-2.438728537e-05,-1.750537456e-05,-4.801789682e-06,9.528721577e-06,1.919654822e-05,2.138581981e-05,1.942891149e-05,1.961393360e-05,2.513850915e-05,3.313300198e-05,3.758325914e-05,3.520102017e-05,2.855972895e-05,2.357827173e-05,2.384123912e-05,2.717940835e-05,2.778178306e-05,2.191057536e-05,1.183905850e-05,4.178586330e-06,3.999120047e-06,1.020444606e-05,1.653421638e-05,1.723833536e-05,1.206284122e-05,6.021730362e-06,4.577179254e-06,9.040702194e-06,1.620408554e-05,2.173078913e-05,2.356421326e-05,2.254453855e-05,2.073729415e-05,1.976130453e-05,2.029660664e-05,2.215232918e-05,2.420469403e-05,2.470138970e-05,2.256191780e-05,1.878639555e-05,1.608816942e-05,1.640567350e-05,1.869611175e-05,1.983468683e-05,1.827199040e-05,1.655358256e-05,1.931809366e-05,2.816653928e-05,3.880849845e-05,4.419798516e-05,4.111074059e-05,3.341883713e-05,2.825154125e-05,2.869589202e-05,3.068789744e-05,2.755961667e-05,1.750341364e-05,5.903213334e-06,-8.978902131e-08,1.049730293e-06,3.830788431e-06,1.850524191e-06,-5.156521238e-06,-1.073614382e-05,-8.009347783e-06,3.781772926e-06,1.878401925e-05,2.980078932e-05,3.367549602e-05,3.221959765e-05,2.922632636e-05,2.724678931e-05,2.655467356e-05,2.593354707e-05,2.397809260e-05,2.028989960e-05,1.612920514e-05,1.361323470e-05,1.335033391e-05,1.263023530e-05,6.953562859e-06,-5.416250538e-06,-2.027666932e-05,-2.982797686e-05,-2.913962489e-05,-2.040462349e-05,-1.045247763e-05,-4.129185388e-06,-5.479134693e-07,4.290226502e-06,1.221503087e-05,2.107092916e-05,2.765793626e-05,3.106613449e-05,3.245156557e-05,3.252928621e-05,3.080559500e-05,2.738706449e-05,2.394604811e-05,2.142212282e-05,1.721338861e-05,6.596047883e-06,-1.172229330e-05,-3.200486460e-05,-4.498291780e-05,-4.579424938e-05,-3.812238810e-05,-2.998212687e-05,-2.568319918e-05,-2.257173047e-05,-1.556445179e-05,-3.876254618e-06,7.567135506e-06,1.315968916e-05,1.225079833e-05,9.507080770e-06,1.010768037e-05,1.484572872e-05,1.950166115e-05,1.841213647e-05,8.889210426e-06,-6.736690372e-06,-2.253395044e-05,-3.273986335e-05,-3.536932331e-05,-3.301133169e-05,-2.997954175e-05,-2.809352181e-05,-2.501945879e-05,-1.697991929e-05,-3.257972076e-06,1.217197698e-05,2.376158394e-05,2.919337309e-05,3.106139052e-05,3.388329677e-05,3.955800052e-05,4.559277021e-05,4.740295476e-05,4.226463773e-05,3.153952843e-05,1.969759530e-05,1.116764430e-05,7.347632543e-06,5.894268313e-06,2.931869252e-06,-3.371522734e-06,-1.088686432e-05,-1.525207406e-05,-1.388680935e-05,-8.385143310e-06,-2.722602709e-06,9.291632251e-07,4.278989516e-06,1.057368284e-05,2.037898371e-05,3.011002594e-05,3.492296165e-05,3.295778603e-05,2.677150443e-05,2.095601026e-05,1.853834613e-05,1.919554543e-05,2.007831809e-05,1.805176423e-05,1.187525123e-05,3.270594183e-06,-3.890286825e-06,-6.215930665e-06,-3.473967098e-06,1.282935011e-06,4.764249917e-06,6.817310513e-06,1.035892981e-05,1.754685902e-05,2.625571287e-05,3.103144230e-05,2.796865506e-05,1.859545566e-05,8.830670402e-06,4.188886628e-06,5.857701407e-06,1.068602845e-05,1.407083841e-05,1.286433809e-05,6.755082627e-06,-1.724215780e-06,-8.335894041e-06,-9.464167483e-06,-4.558820442e-06,3.547600939e-06,1.131054741e-05,1.765198024e-05,2.400917016e-05,3.094913128e-05,3.558807239e-05,3.310424042e-05,2.246472977e-05,7.602955119e-06,-3.550249222e-06,-8.755462971e-06,-8.047232956e-06,-1.002363611e-05,-6.753797242e-06
HEOG,-5.189330041e-06,6.066588586e-06,9.095061421e-06,-4.565963751e-06,-2.008845694e-05,-2.543083741e-05,7.778960186e-06,1.001715108e-05,-8.039512912e-06,-7.649687304e-06,8.437638436e-06,4.252474786e-06,5.054840716e-07,7.167565103e-06,9.615349777e-06,6.632469847e-06,-2.477420223e-06,-5.936187889e-06,7.852916794e-06,3.526361552e-06,-4.741138796e-06,-1.254809781e-05,4.955454097e-07,5.571638082e-06,-1.872705097e-05,-1.414996636e-05,1.595455740e-06,-3.170167303e-06,-8.790240018e-06,-1.336064223e-05,4.211896957e-06,6.721155743e-06,-9.495917057e-06,-1.385714485e-05,5.107555492e-06,9.896505491e-06,-7.262860247e-06,-1.114594432e-05,5.045865900e-06,-6.747095789e-06,-8.670553453e-06,-5.787365162e-06,3.110475539e-06,4.146234252e-06,-5.635919839e-06,-2.316753928e-06,6.849847079e-06,9.936631258e-06,-5.507505134e-07,-5.409900847e-06,2.071294740e-06,1.182317392e-07,-7.500671294e-06,-6.090823861e-06,1.053033768e-06,2.870547825e-06,-5.029356761e-06,-1.133153823e-06,4.320701136e-06,6.401251587e-06,-4.871395445e-06,-2.984281775e-06,4.785420696e-06,9.404017021e-06,-7.668105401e-06,-1.130368838e-05,3.053958515e-06,3.303419901e-06,-4.940557767e-06,-3.907138871e-06,8.894816258e-06,2.227629776e-07,3.020330304e-07,-1.227504032e-07,1.549155451e-05,9.456610663e-06,-6.690876749e-06,-1.313489521e-05,9.183196510e-06,3.739488943e-06,-1.566349226e-05,-1.420846287e-05,-9.233836157e-06,-9.585233040e-06,-2.336362950e-05,-1.796740794e-05,7.398958969e-06,-7.026241682e-07,-8.520935905e-06,-2.723808319e-06,8.370251533e-06,7.581520258e-06,-4.522239832e-06,-9.610236732e-06,1.496714047e-05,8.496908060e-06,-6.591811583e-06,2.301418729e-06,4.413682872e-06,1.278654655e-05,2.222064204e-06,-6.642499878e-06,5.232885364e-06,1.085499103e-05,-1.460329827e-05,-1.252616990e-05,5.822341110e-06,2.698903594e-06,-1.017083355e-05,-6.242483005e-06,2.051588397e-06,5.050654678e-06,2.534087908e-06,-1.038222501e-06,8.080961150e-06,1.095484590e-05,7.656940701e-06,2.224766723e-06,1.277789280e-05,1.574792141e-05,1.777782945e-06,1.978019791e-06,4.110552481e-06,4.158411438e-06,4.315919203e-07,-4.358295207e-06,1.855930269e-05,1.159423808e-05,5.602769964e-06,6.246016434e-06,1.158057754e-05,5.908426465e-06,7.933862834e-06,8.117473178e-06,1.328607895e-05,1.727841685e-05,7.803450088e-06,1.135910224e-05,1.488133728e-05,2.037549192e-05,1.331169184e-05,1.216484207e-05,1.179501314e-05,2.405637154e-05,1.768776255e-05,9.948236742e-06,2.366905100e-05,1.686860638e-05,5.676988153e-06,-6.009802755e-06,1.648046496e-05,1.076148177e-05,2.617037905e-06,-1.066152677e-06,1.064235061e-05,1.218389177e-05,3.180068182e-06,-2.521067458e-06,1.917027118e-06,2.568736708e-06,-6.207207345e-06,-7.862394974e-06,5.904219924e-06,1.300032624e-05,-4.712903321e-07,8.408965958e-06,9.894189907e-06,1.139690865e-05,2.366648205e-06,-1.304533565e-06,2.705254482e-06,3.133163408e-07,-1.101920975e-05,-1.742880080e-05,-2.808519912e-06,-1.266100452e-05,-7.388652735e-06,-6.872547824e-06,-4.889801943e-06,3.816634014e-06,-8.957332660e-06,-4.096823995e-06,-1.604732143e-06,5.724151304e-06,-3.920905003e-06,-6.608972017e-06,1.388160410e-05,1.448811020e-05,5.930479184e-06,4.781835580e-06,9.261428849e-06,-1.787789498e-06,-8.994173988e-06,-1.906853591e-05,-9.944387820e-06,8.839347192e-07,-9.607937454e-06,-5.542036758e-06,1.481127491e-06,7.761620478e-06,-5.309346521e-06,-8.226016705e-06,6.735773645e-06,8.398066812e-06,-2.427860900e-05,-1.216636933e-05,5.120699736e-06,2.558378058e-06,-4.467138101e-06,-1.334640620e-05,4.664262736e-06,2.487739865e-06,-6.864693321e-06,-6.639095942e-06,-2.069761749e-07,6.377104549e-06,-5.232867934e-06,-2.399356991e-06,6.344127892e-06,4.732708430e-06,-4.016308212e-06
VEOG,-8.058463673e-07,6.224980218e-06,5.297439885e-06,-2.308419858e-06,3.592583400e-06,8.049851397e-06,3.917859039e-06,1.731352164e-06,4.743019335e-06,8.550277897e-07,1.920564654e-06,-2.204235106e-06,1.476172403e-06,4.677908710e-06,-9.477867923e-09,-8.216812544e-06,-7.127035343e-06,-4.553230240e-06,-1.051986025e-05,-6.596086408e-06,7.502615572e-07,2.135122408e-06,1.146510385e-06,6.877305299e-06,8.271984367e-06,1.135702270e-05,1.440826397e-05,1.035986893e-05,2.263967107e-05,1.259849030e-05,8.588025562e-06,9.139074135e-06,7.110580471e-06,1.039458771e-05,9.297814295e-06,-1.344049690e-06,3.783490851e-06,-4.072521724e-07,-2.151938578e-06,-4.356638840e-06,-3.201353625e-06,-3.123695477e-06,-9.604865477e-06,-8.414024765e-06,-3.313279799e-06,6.061983342e-08,-2.043944497e-06,-2.353283964e-06,3.987759714e-06,3.395941063e-06,5.022184471e-06,1.073291727e-05,1.244468321e-05,1.811914541e-05,1.492927432e-05,1.453041171e-05,2.056962310e-05,1.976939084e-05,1.311544747e-05,8.329117951e-06,1.258234423e-05,1.386269273e-05,7.964555497e-06,3.792817619e-06,6.662360689e-06,6.545468726e-06,6.258765591e-06,9.330597180e-06,1.004801210e-05,2.282018378e-05,2.025941045e-05,2.288773424e-05,2.513577478e-05,3.045515278e-05,4.149719799e-05,2.993644108e-05,5.289829147e-05,7.089260543e-05,7.836981170e-05,9.817677152e-05,1.088060763e-04,1.320629992e-04,1.477795032e-04,1.542926753e-04,1.727189405e-04,1.918144836e-04,2.084262600e-04,2.133745262e-04,2.248896949e-04,2.377108153e-04,2.409276674e-04,2.507623713e-04,2.581923742e-04,2.650673289e-04,2.662257024e-04,2.631861063e-04,2.662684593e-04,2.726654083e-04,2.665088354e-04,2.607516833e-04,2.621682806e-04,2.596272028e-04,2.447153142e-04,2.331380952e-04,2.283643919e-04,2.247279000e-04,2.149715399e-04,2.078024116e-04,2.082049043e-04,2.051220557e-04,1.969186579e-04,1.912128991e-04,1.880249391e-04,1.852056284e-04,1.807533051e-04,1.724397925e-04,1.684768227e-04,1.643165595e-04,1.565419206e-04,1.522780547e-04,1.453939856e-04,1.420725535e-04,1.344525566e-04,1.309059104e-04,1.221484202e-04,1.162023918e-04,1.111955550e-04,1.008089032e-04,9.882985010e-05,9.484075021e-05,8.394177855e-05,7.629998478e-05,7.712823078e-05,7.668631817e-05,7.221547493e-05,7.158485313e-05,7.174828979e-05,6.924993462e-05,5.907129808e-05,6.064026205e-05,6.254081316e-05,5.781771060e-05,5.820825756e-05,5.330462382e-05,5.621635635e-05,5.116095404e-05,4.751233296e-05,5.193302694e-05,4.913617131e-05,4.278825245e-05,4.061143079e-05,3.270264138e-05,3.089284416e-05,3.351970331e-05,2.988597701e-05,2.813142369e-05,2.719621745e-05,2.727963991e-05,2.123393546e-05,1.811169945e-05,2.229081071e-05,2.641931609e-05,2.995884262e-05,2.500120270e-05,3.000034473e-05,3.122777903e-05,2.551495469e-05,2.600875933e-05,2.453332352e-05,2.614296592e-05,2.477570050e-05,2.021739461e-05,2.223212978e-05,2.224227488e-05,1.751887452e-05,1.518449718e-05,1.546313016e-05,1.021439924e-05,4.476779131e-06,3.813516089e-06,6.322368143e-06,1.060358681e-05,1.245225904e-05,1.360553147e-05,1.391795783e-05,8.673509064e-06,8.129660337e-06,5.195354130e-06,1.085783495e-05,1.490434548e-05,2.060093386e-05,1.783889658e-05,1.495789815e-05,1.468763161e-05,1.542218557e-05,1.617046885e-05,1.843292139e-05,2.276377684e-05,1.328560567e-05,1.612651736e-05,1.162942709e-05,1.400705685e-05,1.380432471e-05,9.804859333e-06,9.388456307e-06,5.472476913e-06,2.746958977e-06,-3.312733549e-07,2.035159268e-06,2.238855218e-06,-1.791553783e-06,-5.990301750e-06,-3.076459846e-06,7.738955088e-07,2.225173670e-06,-2.332396185e-06,1.275416585e-06,5.175776232e-06,4.238090291e-06,-6.451315494e-07,8.038759498e-07
