Time,S1D1HbO,S1D1HbR,S1D1HbT,S2D2HbO,S2D2HbR,S2D2HbT,S3D3HbO,S3D3HbR,S3D3HbT,S4D4HbO,S4D4HbR,S4D4HbT,S5D5HbO,S5D5HbR,S5D5HbT,S6D6HbO,S6D6HbR,S6D6HbT,S7D7HbO,S7D7HbR,S7D7HbT,S8D8HbO,S8D8HbR,S8D8HbT,S9D9HbO,S9D9HbR,S9D9HbT,S10D10HbO,S10D10HbR,S10D10HbT,S11D11HbO,S11D11HbR,S11D11HbT,S12D12HbO,S12D12HbR,S12D12HbT,S13D13HbO,S13D13HbR,S13D13HbT,S14D14HbO,S14D14HbR,S14D14HbT,S15D15HbO,S15D15HbR,S15D15HbT,S16D16HbO,S16D16HbR,S16D16HbT,S17D17HbO,S17D17HbR,S17D17HbT,S18D18HbO,S18D18HbR,S18D18HbT,S19D19HbO,S19D19HbR,S19D19HbT,S20D20HbO,S20D20HbR,S20D20HbT,S21D21HbO,S21D21HbR,S21D21HbT,S22D22HbO,S22D22HbR,S22D22HbT,S23D23HbO,S23D23HbR,S23D23HbT,S24D24HbO,S24D24HbR,S24D24HbT,S25D25HbO,S25D25HbR,S25D25HbT,S26D26HbO,S26D26HbR,S26D26HbT,S27D27HbO,S27D27HbR,S27D27HbT,S28D28HbO,S28D28HbR,S28D28HbT,S29D29HbO,S29D29HbR,S29D29HbT,S30D30HbO,S30D30HbR,S30D30HbT,S31D31HbO,S31D31HbR,S31D31HbT,S32D32HbO,S32D32HbR,S32D32HbT,S33D33HbO,S33D33HbR,S33D33HbT,S34D34HbO,S34D34HbR,S34D34HbT,S35D35HbO,S35D35HbR,S35D35HbT,S36D36HbO,S36D36HbR,S36D36HbT
0.0,-0.0003938076895,0.0001917306846,-0.0002020770049,0.0008077875578,-0.0001632229903,0.0006445645675,-0.0002432191428,0.0002484441108,5.224967931e-06,0.0006327538632,2.927118219e-05,0.0006620250454,0.0007347035379,-6.106851058e-05,0.0006736350273,0.0005753051763,-0.000157682835,0.0004176223413,0.001178488489,-2.668267408e-05,0.001151805815,0.0005228714093,-6.935293773e-05,0.0004535184716,0.00114908595,-0.0001501194082,0.0009989665414,0.0009118538361,-5.867596939e-05,0.0008531778667,0.0002244887167,3.724018741e-05,0.0002617289041,3.976078009e-05,-0.0001396177853,-9.98570052e-05,0.001690637054,8.623670719e-05,0.001776873761,0.0003673248794,-0.000291883957,7.54409224e-05,0.001653860814,-0.0001640142044,0.00148984661,0.001044731845,9.249641455e-05,0.001137228259,0.0007975677224,-6.883348562e-05,0.0007287342368,0.0008975588054,-0.000101261277,0.0007962975284,0.0006429532179,-1.401807418e-05,0.0006289351437,0.0003187377747,-5.615049682e-05,0.0002625872779,0.0004831950483,-7.803281536e-05,0.000405162233,-0.0006167006447,0.0001833397746,-0.0004333608701,-0.0002115452758,5.534595324e-06,-0.0002060106805,-0.000667834013,7.377703959e-05,-0.0005940569734,-0.000293656321,2.0700324e-06,-0.0002915862886,0.0008207378738,-0.0003437324518,0.000477005422,0.0009476242608,-0.0004578197894,0.0004898044713,0.0011516358,-0.0001653470334,0.0009862887668,0.000115222868,0.000161698041,0.0002769209091,2.83783724e-05,0.0001071721355,0.0001355505079,-0.0002530955635,-2.957635995e-06,-0.0002560531995,-0.0002836662904,-3.933336644e-05,-0.0003229996568,0.000204409886,0.000308962575,0.000513372461,0.0010657466,-0.0001488956116,0.0009168509879,-0.0002096817981,1.990798962e-05,-0.0001897738085,0.0003862802315,4.530670195e-05,0.0004315869334
0.1,-0.0004028442412,0.0001950710032,-0.000207773238,0.0008056920462,-0.0001640249774,0.0006416670688,-0.00026633868,0.0002580593957,-8.279284219e-06,0.0006249984711,2.919985487e-05,0.000654198326,0.0007071153086,-6.064681766e-05,0.000646468491,0.0005488284665,-0.0001618414307,0.0003869870358,0.001167977778,-3.091427477e-05,0.001137063503,0.0005274905492,-7.197426274e-05,0.0004555162865,0.001132803993,-0.000154816061,0.0009779879319,0.0008948866416,-5.777349041e-05,0.0008371131512,0.0001982858754,4.258611844e-05,0.0002408719938,-2.409682575e-05,-0.0001363436822,-0.0001604405079,0.001645149998,8.283810263e-05,0.0017279881,0.0003328802697,-0.0002990973403,3.378292941e-05,0.001646996907,-0.0001884369835,0.001458559923,0.0009901348032,9.750807497e-05,0.001087642878,0.0007570897001,-5.450685879e-05,0.0007025828413,0.0008226828931,-9.452003516e-05,0.0007281628579,0.0005721399519,-2.791012104e-06,0.0005693489398,0.0002946081655,-5.804000201e-05,0.0002365681635,0.000468120852,-7.845089371e-05,0.0003896699583,-0.0006590233256,0.0001948207082,-0.0004642026175,-0.0002352153289,9.756252541e-06,-0.0002254590764,-0.0006736641253,8.234551393e-05,-0.0005913186114,-0.000370733131,1.727963002e-06,-0.000369005168,0.0008005952783,-0.0003531852669,0.0004474100114,0.0008956506356,-0.0004652978659,0.0004303527697,0.001142572106,-0.0001729160424,0.0009696560632,6.979817013e-05,0.0001666651213,0.0002364632914,-5.94783095e-05,0.0001184116238,5.893331434e-05,-0.0002637903771,-2.757273273e-06,-0.0002665476504,-0.0003428839794,-3.537775922e-05,-0.0003782617386,0.0001699192947,0.0003041038562,0.0004740231509,0.00101144923,-0.0001438016775,0.0008676475524,-0.0002702995451,1.922274601e-05,-0.0002510767991,0.0003150015273,3.611377714e-05,0.0003511153045
0.2,-0.0004121863347,0.0001982538556,-0.0002139324791,0.0008008216565,-0.0001641988904,0.0006366227661,-0.0002911819653,0.0002673360444,-2.384592089e-05,0.000613813798,2.921732216e-05,0.0006430311202,0.0006762909745,-5.958820163e-05,0.0006167027729,0.0005198679825,-0.0001658295962,0.0003540383863,0.001154313734,-3.496884557e-05,0.001119344888,0.000530247798,-7.431334001e-05,0.000455934458,0.001114445244,-0.0001588179446,0.0009556272991,0.0008762158782,-5.679758819e-05,0.00081941829,0.0001702451619,4.878956801e-05,0.0002190347299,-8.814933111e-05,-0.0001330848578,-0.000221234189,0.00159371555,7.864104994e-05,0.0016723566,0.0002973314655,-0.0003061128995,-8.781433994e-06,0.001634100467,-0.0002129205578,0.001421179909,0.000929367941,0.0001028214935,0.001032189435,0.0007103174027,-3.935515504e-05,0.0006709622477,0.0007429729466,-8.684268848e-05,0.0006561302582,0.0004956766086,9.273533039e-06,0.0005049501416,0.0002694835747,-5.957351788e-05,0.0002099100569,0.0004510675426,-7.845415647e-05,0.0003726133861,-0.0007016458929,0.0002063467401,-0.0004952991528,-0.000259124805,1.421739289e-05,-0.0002449074121,-0.0006785437186,9.086920332e-05,-0.0005876745153,-0.0004489406125,1.329052881e-06,-0.0004476115597,0.0007788318577,-0.0003620833239,0.0004167485338,0.0008363428433,-0.0004708064845,0.0003655363588,0.001128598539,-0.0001805380849,0.0009480604543,2.147415334e-05,0.0001715475049,0.0001930216583,-0.0001494628882,0.0001300934871,-1.936940111e-05,-0.0002780606047,-2.390780682e-06,-0.0002804513854,-0.0004043550065,-3.085406736e-05,-0.0004352090739,0.0001323793985,0.0002983468427,0.0004307262412,0.0009520498144,-0.0001373820273,0.0008146677871,-0.0003341129879,1.904757548e-05,-0.0003150654125,0.000239320434,2.749831187e-05,0.0002668187459
0.3,-0.000421773212,0.0002013008696,-0.0002204723423,0.0007931849918,-0.0001637326488,0.000629452343,-0.0003175821492,0.0002762629137,-4.131923552e-05,0.0005993337403,2.932785947e-05,0.0006286615998,0.0006423721925,-5.789782232e-05,0.0005844743702,0.0004886118574,-0.0001696474503,0.000318964407,0.001137577812,-3.88310793e-05,0.001098746732,0.0005311493058,-7.637021984e-05,0.0004547790859,0.00109413961,-0.000162122452,0.0009320171576,0.0008559320812,-5.578481301e-05,0.0008001472682,0.0001405452238,5.581048428e-05,0.0001963557081,-0.0001521649849,-0.0001299175984,-0.0002820825833,0.001536496126,7.372258855e-05,0.001610218714,0.0002608185639,-0.0003129546234,-5.213605953e-05,0.001615046905,-0.0002371123377,0.001377934568,0.000862684443,0.0001084243829,0.0009711088259,0.0006572927743,-2.336173505e-05,0.0006339310392,0.0006587884361,-7.830795906e-05,0.000580480477,0.0004138123345,2.21181862e-05,0.0004359305207,0.0002435316095,-6.074622963e-05,0.0001827853799,0.0004322170042,-7.803167736e-05,0.0003541853268,-0.0007443901898,0.0002178680125,-0.0005265221773,-0.0002831051861,1.889666472e-05,-0.0002642085214,-0.0006825004679,9.930760739e-05,-0.0005831928605,-0.0005279344414,8.250004765e-07,-0.0005271094409,0.0007555772904,-0.0003704325783,0.0003851447121,0.0007698671936,-0.0004744112536,0.00029545594,0.001109730118,-0.0001881830992,0.0009215470187,-2.966898779e-05,0.0001763565325,0.0001466875447,-0.0002412855642,0.0001421960193,-9.908954491e-05,-0.0002959707152,-1.851699993e-06,-0.0002978224152,-0.0004678412356,-2.580866206e-05,-0.0004936498976,9.186453741e-05,0.0002917579414,0.0003836224788,0.0008878713316,-0.0001296827525,0.0007581885791,-0.0004009298755,1.936673593e-05,-0.0003815631396,0.0001595857527,1.946559218e-05,0.0001790513449
0.4,-0.0004315459457,0.0002042381046,-0.0002273078411,0.0007828000415,-0.0001626173719,0.0006201826696,-0.0003453769089,0.0002848329056,-6.054400328e-05,0.0005817016637,2.953536747e-05,0.0006112370312,0.0006055034291,-5.558300409e-05,0.000549920425,0.0004552503726,-0.0001732938743,0.0002819564982,0.001117858638,-4.248586453e-05,0.001075372774,0.0005302063569,-7.81459784e-05,0.0004520603785,0.0010720058,-0.0001647332682,0.0009072725322,0.00083411827,-5.476959663e-05,0.0007793486734,0.0001093618129,6.360314959e-05,0.0001729649625,-0.0002159242995,-0.0001269189256,-0.0003428432251,0.00147366833,6.816992516e-05,0.001541838255,0.0002234625615,-0.0003196465026,-9.618394105e-05,0.001589728269,-0.0002606647009,0.001329063568,0.0007903563566,0.0001143020207,0.0009046583773,0.0005980786024,-6.525049773e-06,0.0005915535527,0.0005704976892,-6.900097941e-05,0.0005014967098,0.0003268211028,3.567274215e-05,0.0003624938449,0.0002169098839,-6.155421511e-05,0.0001553556688,0.0004117563395,-7.717477547e-05,0.0003345815641,-0.0007870881749,0.0002293345565,-0.0005577536184,-0.0003070050274,2.377255769e-05,-0.0002832324697,-0.0006855809871,0.0001076222221,-0.000577958765,-0.0006073881558,1.583391696e-07,-0.0006072298167,0.0007309516036,-0.0003782411608,0.0003527104429,0.0006964141613,-0.0004762036067,0.0002202105546,0.00108599457,-0.0001958175727,0.0008901769972,-8.355058779e-05,0.0001811050977,9.755450989e-05,-0.0003346719929,0.0001546999236,-0.0001799720693,-0.0003175753428,-1.134432123e-06,-0.0003187097749,-0.0005331107764,-2.028752303e-05,-0.0005533982994,4.845053647e-05,0.0002843981243,0.0003328486608,0.0008192470667,-0.0001207676018,0.0006984794649,-0.0004705557674,2.016071375e-05,-0.0004503950537,7.615109331e-05,1.201693197e-05,8.816802528e-05
0.5,-0.0004414485948,0.0002070955822,-0.0002343530127,0.0007696947934,-0.000160847722,0.0006088470714,-0.0003744111074,0.0002930429942,-8.136811326e-05,0.0005610681046,2.984337957e-05,0.0005909114842,0.0005658310207,-5.265317211e-05,0.0005131778486,0.000419973954,-0.0001767662479,0.0002432077061,0.001095250544,-4.591857413e-05,0.00104933197,0.0005274340948,-7.964255927e-05,0.0004477915356,0.001048149784,-0.0001666601741,0.0008814896096,0.0008108486508,-5.378372688e-05,0.0007570649239,7.686530427e-05,7.21169203e-05,0.0001489822246,-0.0002792231154,-0.0001241631711,-0.0004033862866,0.00140542194,6.207699729e-05,0.001467498938,0.0001853625265,-0.000326211942,-0.0001408494155,0.001558056863,-0.0002832452687,0.001274811594,0.0007126711861,0.0001204376334,0.0008331088195,0.0005327605977,1.113650871e-05,0.0005438971064,0.0004784737814,-5.901203945e-05,0.000419461742,0.0002350020957,4.98542172e-05,0.0002848563129,0.000189764829,-6.199421381e-05,0.0001277706152,0.0003898747707,-7.587725431e-05,0.0003139975164,-0.0008295842159,0.0002406970555,-0.0005888871604,-0.0003306927083,2.88235594e-05,-0.0003018691489,-0.0006878516607,0.0001157769703,-0.0005720746904,-0.0006869959533,-7.368176899e-07,-0.000687732771,0.0007050631136,-0.0003855182302,0.0003195448834,0.0006161978429,-0.0004762972127,0.0001399006302,0.001057431829,-0.0002034057732,0.0008540260554,-0.0001400909886,0.0001858072037,4.571621511e-05,-0.0004293671943,0.0001675885261,-0.0002617786682,-0.0003429201967,-2.340873077e-07,-0.000343154284,-0.0005999421098,-1.433502234e-05,-0.0006142771322,2.214984266e-06,0.0002763221241,0.0002785371083,0.0007465138956,-0.0001107166887,0.0006357972069,-0.0005427984039,2.140675515e-05,-0.0005213916488,-1.063728414e-05,5.157149928e-06,-5.480134212e-06
0.6,-0.0004514299066,0.0002099069622,-0.0002415229444,0.0007539063252,-0.0001584222254,0.0005954840998,-0.0004045399993,0.0003008942297,-0.0001036457696,0.0005375878565,3.025509342e-05,0.0005678429499,0.0005235001153,-4.911975618e-05,0.0004743803591,0.0003829704309,-0.0001800602634,0.0002029101674,0.00106984975,-4.911533433e-05,0.001020734415,0.0005228496298,-8.086243118e-05,0.0004419871987,0.001022661105,-0.0001679186742,0.0008547424313,0.0007861851905,-5.285588579e-05,0.0007333293047,4.321613309e-05,8.129703036e-05,0.0001245131635,-0.0003418777665,-0.0001217183302,-0.0004635960967,0.001331957576,5.554121502e-05,0.001387498791,0.0001465923222,-0.0003326739793,-0.0001860816571,0.00151996633,-0.0003045469183,0.001215419412,0.0006299276008,0.0001268122457,0.0007567398465,0.0004614471362,2.958091659e-05,0.0004910280528,0.0003830879719,-4.843526444e-05,0.0003346527075,0.0001386772494,6.456706589e-05,0.0002032443153,0.0001622299684,-6.206323358e-05,0.0001001667349,0.0003667593958,-7.413550655e-05,0.0002926238893,-0.000871738567,0.0002519076156,-0.0006198309514,-0.0003540597893,3.402830601e-05,-0.0003200314833,-0.0006894000146,0.0001237386242,-0.0005656613903,-0.0007664771002,-1.933561438e-06,-0.0007684106616,0.0006780042509,-0.0003922728672,0.0002857313837,0.0005294528683,-0.0004748254693,5.462739904e-05,0.001024091761,-0.0002109118384,0.000813179923,-0.0001992152115,0.0001904775542,-8.73765737e-06,-0.0005251415965,0.0001808481068,-0.0003442934897,-0.0003720445497,8.534924245e-07,-0.0003711910573,-0.0006681294218,-7.99319194e-06,-0.0006761226137,-4.676457245e-05,0.0002675784825,0.0002208139101,0.000670004676,-9.96251075e-05,0.0005703795685,-0.0006174734878,2.307922215e-05,-0.0005943942657,-0.0001004518277,-1.099786965e-06,-0.0001015516147
0.7,-0.0004614454871,0.0002127093508,-0.0002487361364,0.0007354784847,-0.00015534358,0.0005801349047,-0.0004356327311,0.0003083916749,-0.0001272410562,0.000511416598,3.077340393e-05,0.0005421900019,0.000478650175,-4.499607304e-05,0.0004336541019,0.0003444217131,-0.0001831697776,0.0001612519355,0.001041749132,-5.206323105e-05,0.0009896859005,0.0005164696954,-8.180806025e-05,0.0004346616352,0.0009956081308,-0.0001685294071,0.0008270787237,0.0007601731468,-5.201116571e-05,0.0007081619811,8.559110964e-06,9.108552103e-05,9.964463199e-05,-0.0004037310524,-0.0001196430333,-0.0005233740857,0.001253482779,4.86606975e-05,0.001302143477,0.0001071969946,-0.0003390561323,-0.0002318591377,0.001475410408,-0.0003242970119,0.001151113396,0.0005424305485,0.0001334040475,0.000675834596,0.0003842684843,4.87391798e-05,0.0004330076641,0.0002847014722,-3.736710742e-05,0.0002473343648,3.818595044e-05,7.970390476e-05,0.0001178898552,0.0001344237926,-6.175802536e-05,7.266576729e-05,0.0003425902089,-7.194849469e-05,0.0002706417142,-0.000913431479,0.0002629205431,-0.0006505109359,-0.0003770242343,3.936570702e-05,-0.0003376585273,-0.0006903361159,0.000131477145,-0.0005588589709,-0.0008455815033,-3.510815784e-06,-0.0008490923191,0.0006498460785,-0.0003985130086,0.0002513330699,0.0004364286457,-0.0004719398519,-3.55112062e-05,0.0009860307114,-0.0002183023238,0.0007677283876,-0.000260857406,0.0001951311635,-6.572624247e-05,-0.0006217976379,0.0001944682706,-0.0004273293673,-0.0004049846284,2.131657236e-06,-0.0004028529712,-0.0007374882207,-1.301692357e-06,-0.0007387899131,-9.84140508e-05,0.0002582100885,0.0001597960377,0.0005900403126,-8.760133438e-05,0.0005024389782,-0.0006944108725,2.514975983e-05,-0.0006692611127,-0.0001929925084,-6.728147798e-06,-0.0001997206562
0.8,-0.0004714601224,0.000215543148,-0.0002559169744,0.0007144586942,-0.0001516188911,0.0005628398031,-0.0004675756424,0.0003155442922,-0.0001520313502,0.0004827074274,3.140096275e-05,0.0005141083902,0.0004314102791,-4.029716821e-05,0.0003911131109,0.0003045003256,-0.0001860866438,0.0001184136819,0.001011033005,-5.475043674e-05,0.0009562825683,0.0005083081634,-8.248125501e-05,0.0004258269084,0.0009670338527,-0.0001685173991,0.0007985164536,0.0007328371299,-5.127057309e-05,0.0006815665568,-2.698189638e-05,0.0001014222775,7.444038115e-05,-0.0004646577227,-0.0001179844671,-0.0005826421898,0.00117020686,4.153174238e-05,0.001211738603,6.718959027e-05,-0.0003453835523,-0.000278193962,0.001424360429,-0.0003422653163,0.001082095113,0.0004504861053,0.0001401876483,0.0005906737536,0.0003013768812,6.851187842e-05,0.0003698887596,0.0001836568548,-2.590451802e-05,0.0001577523367,-6.612223049e-05,9.514708675e-05,2.902485625e-05,0.0001064476793,-6.10745917e-05,4.537308765e-05,0.0003175351162,-6.931774027e-05,0.0002482173759,-0.0009545670518,0.0002736930684,-0.0006808739834,-0.0003995326343,4.481505324e-05,-0.0003547175811,-0.0006907933329,0.0001389658806,-0.0005518274522,-0.0009240949898,-5.552537093e-06,-0.0009296475269,0.0006206329906,-0.0004042444891,0.0002163885015,0.0003373824289,-0.0004678092453,-0.0001304268164,0.00094330751,-0.000225548374,0.0007177591361,-0.0003249642662,0.0001997828824,-0.0001251813839,-0.0007191749599,0.000208442169,-0.0005107327908,-0.0004417768564,3.602819875e-06,-0.0004381740366,-0.0008078601735,5.70158412e-06,-0.0008021585894,-0.0001526672566,0.0002482552613,9.558800472e-05,0.0005069225517,-7.476539769e-05,0.000432157154,-0.0007734597607,2.758710975e-05,-0.0007458726509,-0.0002879923243,-1.169096748e-05,-0.0002996832918
0.9,-0.0004814497821,0.0002184518975,-0.0002629978846,0.0006908946604,-0.0001472597004,0.00054363496,-0.0005002747393,0.000322364806,-0.0001779099333,0.0004516078245,3.214027831e-05,0.0004837481029,0.0003818957475,-3.503959749e-05,0.00034685615,0.0002633664723,-0.0001888005444,7.456592783e-05,0.0009777736466,-5.71662881e-05,0.0009206073585,0.0004983738538,-8.288252923e-05,0.0004154913246,0.0009369542487,-0.0001679112921,0.0007690429566,0.0007041795033,-5.065061534e-05,0.0006535288879,-6.330715332e-05,0.0001122460845,4.893893119e-05,-0.000524568103,-0.0001167774766,-0.0006413455796,0.00108233566,3.42463271e-05,0.001116581987,2.654971537e-05,-0.000351684153,-0.0003251344376,0.001366803218,-0.0003582700665,0.001008533152,0.0003543968785,0.0001471334801,0.0005015303586,0.0002129477916,8.876575304e-05,0.0003017135446,8.027079034e-05,-1.414268404e-05,6.61281063e-05,-0.0001738952599,0.0001107711566,-6.31241033e-05,7.838444516e-05,-6.000784069e-05,1.837660447e-05,0.0002917458128,-6.624738235e-05,0.0002254984305,-0.000995075769,0.0002841859642,-0.0007108898047,-0.0004215605499,5.035617819e-05,-0.0003712043717,-0.000690927717,0.0001461816156,-0.0005447461014,-0.001001843234,-8.147173927e-06,-0.001009990408,0.0005903792707,-0.0004094702018,0.0001809090689,0.0002325733697,-0.0004626204556,-0.0002300470859,0.0008959801955,-0.0002326269433,0.0006633532522,-0.0003914956488,0.0002044468326,-0.0001870488162,-0.0008171522925,0.0002227664265,-0.000594385866,-0.000482459751,5.268273168e-06,-0.0004771914778,-0.0008791161174,1.297955781e-05,-0.0008661365596,-0.0002094702282,0.0002377492048,2.827897663e-05,0.0004209289858,-6.124714415e-05,0.0003596818417,-0.0008544915074,3.035628358e-05,-0.0008241352238,-0.0003852191703,-1.594331417e-05,-0.0004011624845
1.0,-0.0004914027261,0.0002214821073,-0.0002699206187,0.0006648319424,-0.0001422817235,0.0005225502188,-0.0005336566695,0.0003288694925,-0.000204787177,0.0004182576556,3.299379641e-05,0.000451251452,0.0003302076208,-2.924118386e-05,0.0003009664369,0.00022116641,-0.0001912989089,2.98675011e-05,0.0009420311592,-5.930136622e-05,0.000882729793,0.000486669146,-8.301067329e-05,0.0004036584727,0.0009053610002,-0.0001667426456,0.0007386183547,0.0006741827247,-5.016303848e-05,0.0006240196862,-0.0001003404822,0.0001234956362,2.315515402e-05,-0.0005834082591,-0.0001160453558,-0.0006994536149,0.0009900682172,2.688961461e-05,0.001016957832,-1.477493088e-05,-0.0003579894659,-0.0003727643968,0.001302741156,-0.0003721818413,0.0009305593143,0.0002544592754,0.0001542073526,0.000408666628,0.000119182041,0.0001093312771,0.0002285133181,-2.51699425e-05,-2.172477251e-06,-2.734241975e-05,-0.0002847849908,0.0001264458948,-0.000158339096,5.029809399e-05,-5.855136626e-05,-8.253272269e-06,0.0002653553354,-6.274421536e-05,0.0002026111201,-0.001034914745,0.00029436409,-0.0007405506548,-0.0004431102988,5.596972414e-05,-0.0003871405746,-0.000690915339,0.0001531045146,-0.0005378108244,-0.001078693968,-1.13859576e-05,-0.001090079925,0.0005590690151,-0.0004141893755,0.0001448796396,0.0001222588922,-0.0004565791156,-0.0003343202234,0.0008441055106,-0.0002395212356,0.000604584275,-0.0004604210993,0.0002091358635,-0.0002512852357,-0.0009156446411,0.0002374407527,-0.0006782038884,-0.0005270733287,7.127998415e-06,-0.0005199453303,-0.000951156239,2.049495066e-05,-0.0009306612883,-0.0002687837201,0.000226725285,-4.205843504e-05,0.0003323114074,-4.718486797e-05,0.0002851265394,-0.0009373989712,3.341712508e-05,-0.0009039818461,-0.0004844740069,-1.943723423e-05,-0.0005039112411
1.1,-0.0005013192033,0.0002246829266,-0.0002766362767,0.0006363132961,-0.0001367043921,0.0004996089041,-0.0005676677648,0.0003350778032,-0.0002325899616,0.0003827886932,3.396386812e-05,0.0004167525613,0.0002764358824,-2.292083165e-05,0.0002535150507,0.0001780326618,-0.0001935669933,-1.553433143e-05,0.0009038573536,-6.114760926e-05,0.0008427097443,0.0004731897648,-8.286265465e-05,0.0003903271101,0.0008722290454,-0.0001650453218,0.0007071837236,0.0006428160234,-4.981470792e-05,0.0005930013155,-0.000138024461,0.0001351104968,-2.913964224e-06,-0.0006411561428,-0.0001158020976,-0.0007569582403,0.0008935974806,1.953706329e-05,0.0009131345439,-5.68636223e-05,-0.0003643350722,-0.0004211986945,0.001232195135,-0.0003839251432,0.0008482699922,0.0001509635543,0.0001613701428,0.0003123336971,2.030917005e-05,0.0001300022028,0.0001503113729,-0.0001324077227,9.921972815e-06,-0.0001224857499,-0.0003984504637,0.0001420395718,-0.0002564108919,2.22350936e-05,-5.669733872e-05,-3.446224512e-05,0.0002384777281,-5.881761876e-05,0.0001796601094,-0.001074065317,0.0003041969006,-0.0007698684164,-0.000464206243,6.163744931e-05,-0.0004025687937,-0.0006909473436,0.0001597180359,-0.0005312293076,-0.001154557178,-1.535901651e-05,-0.001169916194,0.0005266602298,-0.0004183970463,0.0001082631835,6.693633848e-06,-0.0004499093247,-0.0004432156909,0.000787742693,-0.0002462208361,0.0005415218568,-0.0005317123157,0.0002138610642,-0.0003178512515,-0.001014595715,0.0002524673159,-0.0007621283995,-0.0005756554219,9.180427777e-06,-0.0005664749942,-0.001023906974,2.820948976e-05,-0.0009956974844,-0.000330582584,0.0002152161118,-0.0001153664721,0.0002412974419,-3.272395677e-05,0.0002085734851,-0.001022092227,3.672279969e-05,-0.0009853694271,-0.0005855859059,-2.212651846e-05,-0.0006077124244
1.2,-0.0005112097234,0.0002281055306,-0.0002831041928,0.0006053801453,-0.0001305504151,0.0004748297302,-0.000602271372,0.0003410117944,-0.0002612595775,0.0003453255831,3.505257809e-05,0.0003803781612,0.0002206657581,-1.609845362e-05,0.0002045673045,0.0001340859249,-0.0001955881351,-6.150221023e-05,0.000863302499,-6.26984519e-05,0.0008006040471,0.0004579257274,-8.243382165e-05,0.0003754919058,0.0008375270939,-0.0001628549383,0.0006746721556,0.0006100447678,-4.960761511e-05,0.0005604371527,-0.000176312903,0.0001470320036,-2.928089943e-05,-0.0006978153167,-0.000116054614,-0.0008138699307,0.0007931153956,1.225086236e-05,0.000805366258,-9.981513709e-05,-0.0003707604528,-0.0004705755899,0.001155209522,-0.0003934777766,0.0007617317456,4.419637435e-05,0.0001685777627,0.000212774137,-8.340713064e-05,0.0001505371638,6.71300332e-05,-0.0002412088887,2.206515198e-05,-0.0002191437367,-0.000514557736,0.0001574222416,-0.0003571354944,-5.772993935e-06,-5.443660756e-05,-6.020960149e-05,0.0002112095063,-5.447945205e-05,0.0001567300542,-0.001112528618,0.0003136588259,-0.0007988697921,-0.0004848887372,6.734243507e-05,-0.0004175463021,-0.0006912232973,0.0001660088873,-0.00052521441,-0.001229383124,-2.014968617e-05,-0.00124953281,0.0004930924809,-0.0004220838104,7.10086705e-05,-0.0001138692025,-0.0004428509448,-0.0005567201473,0.0007269605995,-0.0002527215879,0.0004742390116,-0.0006053335527,0.0002186312622,-0.0003867022905,-0.001113967493,0.0002678499642,-0.0008461175283,-0.0006282354886,1.142201454e-05,-0.0006168134741,-0.001097315479,3.608356994e-05,-0.001061231909,-0.0003948526012,0.0002032551173,-0.0001915974839,0.0001480944253,-1.801488738e-05,0.0001300795379,-0.001108491632,4.021877094e-05,-0.001068272861,-0.0006884051246,-2.396991325e-05,-0.0007123750378
1.3,-0.0005210926183,0.0002318021558,-0.0002892904625,0.0005720755366,-0.0001238454922,0.0004482300445,-0.0006374444104,0.0003466954319,-0.0002907489786,0.0003059875405,3.626150451e-05,0.000342249045,0.0001629848668,-8.794998287e-06,0.0001541898685,8.943783462e-05,-0.0001973441612,-0.0001079063266,0.0008204223258,-6.3948967e-05,0.0007564733588,0.0004408630765,-8.171827402e-05,0.0003591448025,0.0008012276628,-0.0001602083888,0.000641019274,0.0005758394978,-4.95390387e-05,0.0005263004591,-0.0002151634863,0.0001592040536,-5.59594327e-05,-0.0007534087666,-0.000116803755,-0.0008702125216,0.0006888203729,5.076380211e-06,0.0006938967532,-0.0001437395939,-0.0003773080811,-0.0005210476749,0.001071857404,-0.0004008682987,0.0006709891048,-6.555553756e-05,0.0001757816753,0.0001102261378,-0.0001916623179,0.0001706629735,-2.099934445e-05,-0.0003513563072,3.419138201e-05,-0.0003171649251,-0.000632777808,0.0001724691655,-0.0004603086426,-3.370625605e-05,-5.175912728e-05,-8.546538333e-05,0.000183631892,-4.974406638e-05,0.0001338878256,-0.001150320511,0.0003227293507,-0.0008275911607,-0.0005052085533,7.306912391e-05,-0.0004321394293,-0.0006919440305,0.0001719670785,-0.0005199769521,-0.001303158651,-2.582818395e-05,-0.001328986835,0.0004582959255,-0.0004252358175,3.306010805e-05,-0.0002391743916,-0.0004356549668,-0.0006748293585,0.000661845111,-0.0002590249445,0.0004028201665,-0.0006812330934,0.0002234524945,-0.0004577805989,-0.001213729941,0.0002835933868,-0.0009301365543,-0.0006848276529,1.384651265e-05,-0.0006709811403,-0.001171343534,4.40764854e-05,-0.001127267049,-0.0004615865508,0.0001908790639,-0.0002707074869,5.289444211e-05,-3.210289974e-06,4.968415214e-05,-0.001196520056,4.384245467e-05,-0.001152677601,-0.0007927952953,-2.493307853e-05,-0.0008177283739
1.4,-0.0005309920105,0.00023582482,-0.0002951671905,0.0005364472484,-0.0001166181364,0.0004198291121,-0.0006731743177,0.0003521538582,-0.0003210204595,0.0002648898003,3.759149589e-05,0.0003024812962,0.0001034886611,-1.032527709e-06,0.0001024561334,4.419351448e-05,-0.0001988159312,-0.0001546224168,0.0007752827276,-6.489599267e-05,0.0007103867349,0.000421985923,-8.070923908e-05,0.0003412766839,0.0007633136582,-0.0001571434419,0.0006061702164,0.0005401820297,-4.960188609e-05,0.0004905801436,-0.0002545330479,0.0001715737133,-8.295933468e-05,-0.000807974171,-0.0001180445884,-0.0009260187594,0.0005809245452,-1.96028772e-06,0.0005789642575,-0.0001887514239,-0.0003840217412,-0.0005727731651,0.0009822446092,-0.0004061717803,0.0005760728289,-0.00017800227,0.0001829302029,4.927932953e-06,-0.0003041061811,0.0001900797526,-0.0001140264285,-0.0004626426252,4.624562764e-05,-0.0004163969976,-0.0007527851096,0.0001870643845,-0.0005657207252,-6.155350176e-05,-4.865464031e-05,-0.0001102081421,0.0001558126401,-4.462844467e-05,0.0001111841954,-0.001187467289,0.0003313927463,-0.0008560745428,-0.0005252232214,7.880324197e-05,-0.0004464199795,-0.0006933050895,0.0001775861064,-0.0005157189831,-0.001375902795,-3.244575125e-05,-0.001408348546,0.0004221991339,-0.0004278349118,-5.635777894e-06,-0.0003689601068,-0.0004285780353,-0.000797538142,0.0005925038503,-0.0002651367015,0.0003273671488,-0.0007593382302,0.0002283275383,-0.0005310106919,-0.001313853307,0.0002997023804,-0.001014150926,-0.0007454249854,1.64440868e-05,-0.0007289808986,-0.001245962552,5.214715596e-05,-0.001193815396,-0.0005307810986,0.0001781312012,-0.0003526498974,-4.412021559e-05,1.153865221e-05,-3.258156338e-05,-0.001286096095,4.752366338e-05,-0.001238572431,-0.0008986256924,-2.49903604e-05,-0.0009236160528
1.5,-0.0005409370295,0.0002402238019,-0.0003007132276,0.0004985498625,-0.0001088995173,0.0003896503452,-0.0007094571712,0.0003574126516,-0.0003520445196,0.0002221441317,3.904247915e-05,0.0002611866108,4.228259513e-05,7.165685518e-06,4.944828065e-05,-1.546858612e-06,-0.0001999840002,-0.0002015308588,0.0007279609183,-6.553823444e-05,0.0006624226838,0.0004012784355,-7.939933897e-05,0.0003218790965,0.0007237801935,-0.0001536983778,0.0005700818158,0.0005030675676,-4.978516018e-05,0.0004532824074,-0.0002943766474,0.0001840916761,-0.0001102849713,-0.000861560738,-0.0001197669826,-0.0009813277206,0.0004696592086,-8.853070803e-06,0.0004608061378,-0.0002349645854,-0.0003909443083,-0.0006259088937,0.000886511539,-0.0004095040167,0.0004770075223,-0.0002928493344,0.0001899705993,-0.0001028787351,-0.0004203428243,0.0002084681259,-0.0002118746984,-0.0005748662424,5.818416293e-05,-0.0005166820794,-0.0008742580852,0.0002011041513,-0.000673153934,-8.931038069e-05,-4.511338843e-05,-0.0001344237691,0.0001278066833,-3.91523151e-05,8.865436817e-05,-0.001224002988,0.0003396375917,-0.0008843653962,-0.0005449957229,8.453166765e-05,-0.0004604640552,-0.0006954913863,0.0001828632574,-0.0005126281289,-0.001447662699,-4.002994771e-05,-0.001487692647,0.0003847341695,-0.0004298589753,-4.512480578e-05,-0.0005029538698,-0.0004218767991,-0.0009248306689,0.0005190666924,-0.0002710651754,0.0002480015171,-0.0008395545002,0.0002332555461,-0.0006062989541,-0.001414303743,0.0003161813158,-0.001098122427,-0.0008099963343,1.920058139e-05,-0.0007907957529,-0.001321150386,6.025518047e-05,-0.001260895205,-0.0006024351191,0.0001650644136,-0.0004373707055,-0.0001427717109,2.608594038e-05,-0.0001166857706,-0.001377129447,5.118598871e-05,-0.001325943458,-0.00100576451,-2.412671861e-05,-0.001029891228
1.6,-0.0005509624471,0.0002450459889,-0.0003059164582,0.0004584452575,-0.0001007232881,0.0003577219694,-0.0007462971814,0.0003624970723,-0.0003838001091,0.0001778582239,4.061327125e-05,0.0002184714951,-2.051916685e-05,1.577505099e-05,-4.744115855e-06,-4.768774606e-05,-0.0002008293196,-0.0002485170656,0.0006785432108,-6.587631759e-05,0.0006126668932,0.000378726559,-7.778071408e-05,0.000300945845,0.0006826319335,-0.0001499115975,0.000532720336,0.0004645031403,-5.007443326e-05,0.0004144287071,-0.000334650145,0.0001967126624,-0.0001379374826,-0.0009142275789,-0.0001219565693,-0.001036184148,0.0003552775478,-1.561473021e-05,0.0003396628176,-0.0002824903817,-0.000398115294,-0.0006806056757,0.0007848324244,-0.0004110143476,0.0003738180768,-0.0004097983351,0.0001968514735,-0.0002129468616,-0.0005399359213,0.0002254980506,-0.0003144378707,-0.0006878305664,6.997510349e-05,-0.0006178554629,-0.0009968820093,0.0002144998282,-0.0007823821811,-0.0001169787478,-4.11266758e-05,-0.0001581054236,9.965548256e-05,-3.333811482e-05,6.631736775e-05,-0.001259968481,0.0003474562673,-0.0009125122142,-0.0005645950494,9.024223273e-05,-0.0004743528167,-0.0006986731915,0.0001877999124,-0.0005108732791,-0.001518510763,-4.85812166e-05,-0.001567091979,0.0003458388069,-0.0004312825933,-8.544378643e-05,-0.0006408702368,-0.0004158024815,-0.001056672718,0.0004416820922,-0.0002768189418,0.0001648631504,-0.0009217684478,0.0002382317365,-0.0006835367113,-0.00151504175,0.0003330336111,-0.001182008139,-0.0008784859364,2.209723082e-05,-0.0008563887056,-0.001396889811,6.836201664e-05,-0.001328527795,-0.000676549112,0.0001517436565,-0.0005248054555,-0.0002428819716,4.02940811e-05,-0.0002025878905,-0.001469518708,5.474894787e-05,-0.001414769761,-0.001114073521,-2.233964929e-05,-0.00113641317
1.7,-0.0005611103059,0.0002503332752,-0.0003107770307,0.0004162016209,-9.212539962e-05,0.0003240762213,-0.000783707265,0.0003674313451,-0.0004162759199,0.0001321341497,4.230140663e-05,0.0001744355564,-8.479766368e-05,2.476956798e-05,-6.00280957e-05,-9.413904049e-05,-0.000201333851,-0.0002954728915,0.0006271205148,-6.591275187e-05,0.0005612077629,0.0003543193766,-7.584503149e-05,0.0002784743451,0.0006398773923,-0.0001458211742,0.0004940562181,0.0004245035496,-5.045225559e-05,0.000374051294,-0.0003753151078,0.0002093958181,-0.0001659192896,-0.0009660435911,-0.0001245954438,-0.001090639035,0.0002380539761,-2.227372531e-05,0.0002157802508,-0.0003314376716,-0.0004055683358,-0.0007370060073,0.0006774122635,-0.00041087741,0.0002665348534,-0.000528549298,0.0002035250165,-0.0003250242815,-0.0006624178325,0.0002408386226,-0.0004215792098,-0.0008013459518,8.159861413e-05,-0.0007197473376,-0.001120353296,0.0002271799485,-0.0008931733474,-0.0001445669754,-3.668729126e-05,-0.0001812542666,7.13855322e-05,-2.721084718e-05,4.417468502e-05,-0.001295411893,0.0003548444888,-0.0009405674045,-0.0005840976606,9.592343561e-05,-0.000488174225,-0.0007030034091,0.0001924017,-0.0005106017091,-0.001588543657,-5.80704512e-05,-0.001646614108,0.0003054565562,-0.0004320780031,-0.000126621447,-0.0007824104754,-0.0004105959529,-0.001193006428,0.0003605105939,-0.0002824044368,7.810615711e-05,-0.001005852412,0.0002432471764,-0.0007626052357,-0.001616022335,0.0003502609223,-0.001265761412,-0.0009508151509,2.511085547e-05,-0.0009257042955,-0.001473168192,7.643205508e-05,-0.001396736137,-0.0007531250385,0.0001382472924,-0.0006148777461,-0.0003442691524,5.403651067e-05,-0.0002902326417,-0.001563151172,5.813034767e-05,-0.001505020824,-0.001223403929,-1.96412759e-05,-0.001243045205
1.8,-0.0005714318469,0.0002561212361,-0.0003153106109,0.0003718915219,-8.314386491e-05,0.000288747657,-0.0008217100957,0.0003722380798,-0.0004494720158,8.506634461e-05,4.410303513e-05,0.0001291693797,-0.0001504342632,3.412179372e-05,-0.0001163124695,-0.0001408175011,-0.0002014810203,-0.0003422985214,0.000573783121,-6.565179579e-05,0.0005081313252,0.0003280501722,-7.358344101e-05,0.0002544667312,0.0005955222924,-0.0001414644033,0.0004540578891,0.0003830865132,-5.08985269e-05,0.0003321879863,-0.0004163443219,0.0002221050739,-0.000194239248,-0.001017088124,-0.0001276623836,-0.001144750508,0.0001182800218,-2.886969389e-05,8.941032792e-05,-0.0003819145455,-0.0004133287508,-0.0007952432964,0.0005644822447,-0.0004092842352,0.0001551980095,-0.0006488038248,0.0002099486929,-0.0004388551318,-0.0007873008142,0.0002541689901,-0.0005331318241,-0.0009152331087,9.304668875e-05,-0.00082218642,-0.001244384066,0.000239091189,-0.001005292877,-0.0001720906555,-3.178987129e-05,-0.0002038805268,4.300674011e-05,-2.079793019e-05,2.220880991e-05,-0.001330389503,0.0003618008608,-0.0009685886418,-0.0006035887779,0.0001015641317,-0.0005020246462,-0.0007086158956,0.0001966784108,-0.0005119374848,-0.001657882982,-6.843733633e-05,-0.001726320318,0.0002635354266,-0.0004322161085,-0.0001686806818,-0.000927264294,-0.0004064829236,-0.001333747218,0.0002757176737,-0.0002878238145,-1.210614079e-05,-0.001091669639,0.0002482888627,-0.0008433807763,-0.001717195713,0.0003678620822,-0.001349333631,-0.001026885241,2.821447394e-05,-0.0009986707671,-0.001549977658,8.443339034e-05,-0.001465544267,-0.0008321661889,0.0001246675757,-0.0007074986132,-0.000446745413,6.719892171e-05,-0.0003795464913,-0.001657903704,6.124836618e-05,-0.001596655338,-0.001333593455,-1.606071353e-05,-0.001349654169
1.9,-0.0005819890304,0.0002624382246,-0.0003195508058,0.0003255898574,-7.381838633e-05,0.000251771471,-0.0008603388653,0.000376937874,-0.0004834009914,3.673969343e-05,4.601290782e-05,8.275260124e-05,-0.0002173153081,4.380289226e-05,-0.0001735124158,-0.0001876481524,-0.0002012560474,-0.0003889041998,0.0005186165526,-6.50992492e-05,0.0004535173034,0.0002999174193,-7.098656771e-05,0.0002289308516,0.0005495643757,-0.0001368774294,0.0004126869463,0.0003402689506,-5.139089152e-05,0.0002888780591,-0.0004577259453,0.0002348093838,-0.0002229165615,-0.001067450924,-0.0001311329864,-0.00119858391,-3.742160209e-06,-3.54484662e-05,-3.919062641e-05,-0.0004340298305,-0.0004214113936,-0.0008554412242,0.0004462949412,-0.0004064330433,3.986189791e-05,-0.0007702681128,0.000216086326,-0.0005541817868,-0.0009140890501,0.0002651912572,-0.000648897793,-0.001029326376,0.0001043225282,-0.0009250038479,-0.001368705466,0.0002501980944,-0.001118507372,-0.0001995730754,-2.643118721e-05,-0.0002260042626,1.451145448e-05,-1.412901388e-05,3.824405971e-07,-0.001364966184,0.0003683264935,-0.0009966396906,-0.0006231625012,0.0001071533267,-0.0005160091745,-0.0007156243168,0.0002006436864,-0.0005149806304,-0.001726676082,-7.958956011e-05,-0.001806265642,0.0002200265117,-0.0004316672824,-0.0002116407707,-0.001075113657,-0.0004036684101,-0.001478782067,0.0001874680333,-0.0002930731473,-0.000105605114,-0.001179077961,0.000253340279,-0.000925737682,-0.001818507244,0.0003858321264,-0.001432675118,-0.00110658002,3.137833391e-05,-0.001075201686,-0.001627314884,9.233819739e-05,-0.001534976687,-0.0009136769745,0.0001111108823,-0.0008025660922,-0.0005501154777,7.967976377e-05,-0.0004704357139,-0.001753643675,6.402333832e-05,-0.001689620337,-0.001444464785,-1.164617672e-05,-0.001456110962
2.0,-0.0005928549324,0.0002693048514,-0.0003235500809,0.0002773726182,-6.418979497e-05,0.0002131828233,-0.0008996369372,0.0003815490282,-0.000518087909,-1.277156182e-05,4.802439076e-05,3.525282894e-05,-0.0002853345021,5.378273099e-05,-0.0002315517711,-0.0002345648299,-0.0002006462337,-0.0004352110636,0.000461700292,-6.426221388e-05,0.0003974380782,0.0002699260249,-6.804463565e-05,0.0002018813892,0.0005019920225,-0.0001320949621,0.0003698970604,0.0002960663668,-5.190516166e-05,0.0002441612051,-0.0004994643474,0.0002474828206,-0.0002519815268,-0.00111722985,-0.0001349800296,-0.001252209879,-0.0001277063629,-4.205733561e-05,-0.0001697636985,-0.0004878927131,-0.0004298190068,-0.0009177117199,0.0003231212238,-0.0004025204188,-7.939919503e-05,-0.0008926549901,0.000221908716,-0.0006707462741,-0.001042290713,0.0002736457006,-0.0007686450125,-0.001143474857,0.0001154395325,-0.001028035324,-0.001493068306,0.0002604815883,-0.001232586718,-0.0002270448229,-2.061027893e-05,-0.0002476551018,-1.412506752e-05,-7.235653574e-06,-2.13607211e-05,-0.001399214393,0.0003744247869,-0.001024789606,-0.0006429198125,0.000112680143,-0.0005302396695,-0.0007241207896,0.0002043145252,-0.0005198062643,-0.001795094771,-9.140354281e-05,-0.001886498314,0.0001748837478,-0.0004304017834,-0.0002555180356,-0.001225637715,-0.0004023302523,-0.001627967967,9.592309659e-05,-0.0002981408656,-0.000202217769,-0.001267930303,0.0002583823733,-0.00100954793,-0.001919895116,0.0004041616275,-0.001515733488,-0.001189767163,3.457139302e-05,-0.00115519577,-0.001705179257,0.0001001227668,-0.00160505649,-0.0009976620982,9.769783796e-05,-0.0008999642602,-0.0006541749931,9.139043424e-05,-0.0005627845589,-0.001850229192,6.637979052e-05,-0.001783849402,-0.001555824637,-6.466173334e-06,-0.00156229081
2.1,-0.0006041123239,0.0002767336626,-0.0003273786614,0.0002273174069,-5.429938289e-05,0.000173018024,-0.0009396557304,0.0003860872541,-0.0005535684764,-6.340341254e-05,5.012943224e-05,-1.32739803e-05,-0.0003543916127,6.402997388e-05,-0.0002903616388,-0.0002815091518,-0.0001996412468,-0.0004811503987,0.0004031106905,-6.314884367e-05,0.0003399618468,0.0002380891007,-6.474778224e-05,0.0001733413185,0.000452788237,-0.0001271500406,0.0003256381964,0.0002504966064,-5.241573528e-05,0.0001980808711,-0.0005415763396,0.0002601045533,-0.0002814717862,-0.001166525669,-0.0001391737286,-0.001305699398,-0.0002533065952,-4.874070244e-05,-0.0003020472977,-0.0005436094717,-0.0004385410493,-0.000982150521,0.0001952511043,-0.0003977340878,-0.0002024829836,-0.001015684312,0.0002273940051,-0.0007882903069,-0.001171429121,0.0002793267614,-0.0008921023596,-0.001257539604,0.0001264199348,-0.001131119669,-0.001617240062,0.0002699365225,-0.001347303539,-0.0002545419323,-1.432848063e-05,-0.0002688704129,-4.294205792e-05,-1.508221658e-07,-4.309288009e-05,-0.001433210895,0.0003801013486,-0.001053109546,-0.0006629639815,0.0001181338898,-0.0005448300917,-0.0007341736686,0.0002077106487,-0.0005264630199,-0.001863329905,-0.0001037276875,-0.001967057592,0.0001280662171,-0.0004283898106,-0.0003003235935,-0.001378516665,-0.0004026122315,-0.001781128896,1.243040625e-06,-0.0003030066745,-0.0003017636338,-0.001358071012,0.0002633947029,-0.001094676309,-0.002021284798,0.0004228362065,-0.001598448591,-0.001276297227,3.776313635e-05,-0.001238534091,-0.001783568563,0.0001077674379,-0.001675801125,-0.001084123694,8.456268684e-05,-0.0009995610075,-0.0007587079862,0.0001022555267,-0.0006564524595,-0.001947508325,6.824929119e-05,-0.001879259034,-0.001667462385,-6.094396301e-07,-0.001668071825
2.2,-0.0006158501374,0.0002847288751,-0.0003311212623,0.0001755061777,-4.418829557e-05,0.0001313178821,-0.0009804507169,0.0003905653229,-0.000589885394,-0.0001150998855,5.231848481e-05,-6.278140065e-05,-0.0004243873174,7.451214687e-05,-0.0003498751705,-0.0003284276975,-0.0001982334003,-0.0005266610979,0.0003429278225,-6.176809781e-05,0.0002811597247,0.0002044302658,-6.108656389e-05,0.000143343702,0.000401939445,-0.0001220738502,0.0002798655948,0.0002035874632,-5.289602832e-05,0.0001506914349,-0.0005840832545,0.0002726587034,-0.0003114245511,-0.001215434401,-0.0001436813475,-0.001359115749,-0.0003802379793,-5.553580857e-05,-0.0004357737879,-0.0006012774633,-0.0004475529749,-0.001048830438,6.299923866e-05,-0.0003922482399,-0.0003292490012,-0.001139081411,0.0002325278429,-0.0009065535683,-0.001301051557,0.0002820966538,-0.001018954903,-0.001371386586,0.000137293236,-0.00123409335,-0.001740998437,0.0002785687806,-0.001462429657,-0.0002821023987,-7.589528239e-06,-0.0002896919269,-7.198839517e-05,7.091597108e-06,-6.489679806e-05,-0.001467031245,0.0003853638351,-0.00108166741,-0.0006833939768,0.0001235040706,-0.0005598899062,-0.0007458245438,0.0002108538073,-0.0005349707365,-0.001931580896,-0.000116388591,-0.002047969487,7.954346658e-05,-0.0004256014184,-0.0003460579518,-0.001533432514,-0.0004046173508,-0.001938049865,-9.640649531e-05,-0.0003076414198,-0.0004040479152,-0.001449328926,0.0002683564833,-0.001180972443,-0.002122580905,0.0004418359697,-0.001680744936,-0.001366000303,4.092539447e-05,-0.001325074909,-0.001862472471,0.0001152567143,-0.001747215757,-0.001173055253,7.185098081e-05,-0.001101204273,-0.0008634836004,0.0001122133254,-0.0007512702749,-0.002045317354,6.957397806e-05,-0.001975743376,-0.00177914833,5.816724018e-06,-0.001773331606
2.3,-0.0006281583235,0.0002932861815,-0.000334872142,0.0001220297172,-3.389708989e-05,8.813262733e-05,-0.001022076211,0.000394992697,-0.000627083514,-0.0001678094455,5.458045465e-05,-0.0001132289908,-0.0004952158354,8.519568073e-05,-0.0004100201547,-0.0003752679272,-0.0001964179293,-0.0005716858565,0.0002812440866,-6.012952765e-05,0.000221114559,0.0001689861262,-5.705258486e-05,0.0001119335414,0.0003494461254,-0.0001168956471,0.0002325504783,0.0001553855654,-5.331900828e-05,0.0001020665571,-0.000627001358,0.0002851340166,-0.0003418673414,-0.001264038754,-0.0001484661897,-0.001412504943,-0.0005081946275,-6.246881491e-05,-0.0005706634425,-0.000660977823,-0.0004568158464,-0.001117793669,-7.328686996e-05,-0.0003862212442,-0.0004595081142,-0.001262573985,0.0002373032488,-0.001025270736,-0.001430734508,0.0002818935044,-0.001148841004,-0.001484877429,0.0001480946772,-0.001336782752,-0.001864123142,0.0002863926596,-0.001577730483,-0.0003097616133,-3.998643493e-07,-0.0003101614777,-0.0001013163502,1.445721041e-05,-8.685913979e-05,-0.00150074319,0.0003902216003,-0.00111052159,-0.0007042975816,0.0001287802224,-0.0005755173592,-0.0007590854076,0.0002137671209,-0.0005453182867,-0.002000041137,-0.0001291995169,-0.002129240654,2.93026804e-05,-0.0004220066006,-0.0003927039202,-0.001690066311,-0.00040840192,-0.002098468231,-0.0001968450379,-0.0003120079204,-0.0005088529583,-0.001541510071,0.0002732474641,-0.001268262607,-0.002223658927,0.0004611348267,-0.0017625241,-0.001458681506,4.403381563e-05,-0.00141464769,-0.001941865313,0.0001225795887,-0.001819285725,-0.001264432985,5.971524276e-05,-0.001204717742,-0.0009682532476,0.0001212166784,-0.0008470365692,-0.002143478493,7.030987767e-05,-0.002073168615,-0.001890632717,1.269002178e-05,-0.001877942695
2.4,-0.0006411222382,0.0003023927079,-0.0003387295302,6.699251117e-05,-2.34654325e-05,4.352707867e-05,-0.001064580161,0.0003993751992,-0.0006652049614,-0.000221480898,5.690273196e-05,-0.000164578166,-0.0005667580645,9.604593977e-05,-0.0004707121247,-0.0004219738746,-0.0001941932805,-0.0006161671551,0.0002181715289,-5.824312651e-05,0.0001599284023,0.000131808401,-5.263911206e-05,7.916928891e-05,0.0002953315923,-0.0001116427919,0.0001836888005,0.0001059633366,-5.365787041e-05,5.230546617e-05,-0.0006703337085,0.000297523323,-0.0003728103855,-0.001312400636,-0.0001534867765,-0.001465887412,-0.0006368656456,-6.955224891e-05,-0.0007064178946,-0.0007227690357,-0.0004662758395,-0.001189044875,-0.0002132195514,-0.0003797948038,-0.0005930143551,-0.001385888651,0.0002417201874,-0.001144168463,-0.001560085406,0.000278732795,-0.001281352611,-0.001597861086,0.0001588638578,-0.001438997229,-0.001986388347,0.0002934289516,-0.001692959395,-0.0003375477846,7.230980676e-06,-0.0003303168039,-0.0001309753337,2.191145539e-05,-0.0001090638783,-0.001534400793,0.0003946852988,-0.001139715494,-0.000725746047,0.0001339516079,-0.0005917944391,-0.0007739372195,0.0002164745024,-0.0005574627172,-0.002068881997,-0.0001419696813,-0.002210851678,-2.264458953e-05,-0.0004175757754,-0.0004402203649,-0.001848092859,-0.0004139718682,-0.002262064727,-0.0002998687596,-0.0003160622306,-0.0006159309902,-0.001634393103,0.0002780486999,-0.001356344404,-0.002324359633,0.0004806998492,-0.001843659784,-0.001554117235,4.706891561e-05,-0.00150704832,-0.002021700044,0.0001297298377,-0.001891970206,-0.001358206896,4.830903957e-05,-0.001309897857,-0.00107274969,0.0001292342379,-0.0009435154522,-0.00224179799,7.042914287e-05,-0.002171368847,-0.002001646543,1.987845659e-05,-0.001981768087
2.5,-0.0006548176785,0.0003120271315,-0.000342790547,1.051653412e-05,-1.293186062e-05,-2.4153265e-06,-0.001108000028,0.0004037147451,-0.0007042852828,-0.0002760597141,5.927129165e-05,-0.0002167884225,-0.0006388774806,0.0001070272381,-0.0005318502425,-0.0004684826119,-0.0001915614027,-0.0006600440146,0.0001538457199,-5.611923236e-05,9.772648753e-05,9.296526603e-05,-4.784151661e-05,4.512374942e-05,0.0002396465472,-0.0001063407915,0.0001333057556,5.542198025e-05,-5.388676423e-05,1.535216018e-06,-0.0007140655241,0.0003098228617,-0.0004042426623,-0.001360556275,-0.0001586971532,-0.001519253428,-0.0007659310755,-7.678456208e-05,-0.0008427156375,-0.0007866828954,-0.0004758634094,-0.001262546305,-0.0003563673978,-0.0003730937772,-0.000729461175,-0.001508748652,0.0002457850351,-0.001262963617,-0.001688742397,0.0002727031989,-0.001416039198,-0.001710168785,0.0001696433874,-0.001540525397,-0.002107557613,0.000299703485,-0.001807854128,-0.0003654783189,1.529015791e-05,-0.000350188161,-0.0001610068851,2.942001859e-05,-0.0001315868665,-0.001568040621,0.0003987666633,-0.001169273958,-0.0007477912915,0.0001390068383,-0.0006087844532,-0.0007903305805,0.0002190001417,-0.0005713304388,-0.002138238554,-0.0001545128464,-0.002292751401,-7.62582636e-05,-0.0004122806999,-0.0004885389635,-0.002007174518,-0.0004212829041,-0.002428457422,-0.0004052457596,-0.0003197548595,-0.0007250006192,-0.001727729013,0.0002827431811,-0.001444985832,-0.002424487774,0.0005004908501,-0.001923996924,-0.001652053721,5.001678956e-05,-0.001602036931,-0.00210190462,0.0001367060937,-0.001965198526,-0.001454293979,3.778048898e-05,-0.00141651349,-0.001176688963,0.0001362517354,-0.001040437227,-0.002340065705,6.992100741e-05,-0.002270144698,-0.002111905017,2.724691533e-05,-0.002084658102
2.6,-0.0006693072261,0.0003221598771,-0.000347147349,-4.725689975e-05,-2.333577407e-06,-4.959047716e-05,-0.001152360305,0.0004080091637,-0.0007443511411,-0.0003314853841,6.167084705e-05,-0.0002698145371,-0.0007114197255,0.0001181028671,-0.0005933168585,-0.0005147221055,-0.0001885279551,-0.0007032500605,8.842553354e-05,-5.376843324e-05,3.465710031e-05,5.254174072e-05,-4.265744928e-05,9.884291446e-06,0.0001824688368,-0.0001010132348,8.145560193e-05,3.890095178e-06,-5.398141733e-05,-5.009132215e-05,-0.0007581635723,0.0003220315988,-0.0004361319736,-0.001408514596,-0.0001640485188,-0.001572563115,-0.0008950597242,-8.415154582e-05,-0.0009792112701,-0.0008527229592,-0.000485492835,-0.001338215794,-0.0005022562984,-0.0003662266238,-0.0008684829222,-0.001630873626,0.0002495100521,-0.001381363573,-0.001816373573,0.0002639589255,-0.001552414648,-0.001821612984,0.0001804774291,-0.001641135555,-0.002227381831,0.0003052456459,-0.001922136185,-0.0003935576628,2.37614981e-05,-0.0003697961647,-0.0001914415266,3.694933126e-05,-0.0001544921953,-0.001601680454,0.0004024784639,-0.001199201991,-0.0007704657105,0.0001439334815,-0.0006265322289,-0.000808188511,0.0002213679929,-0.0005868205181,-0.002208199316,-0.0001666542564,-0.002374853573,-0.0001314691919,-0.0004060956985,-0.0005375648903,-0.002166955983,-0.0004302446003,-0.002597200584,-0.0005127162939,-0.0003230318824,-0.0008357481763,-0.00182124485,0.0002873161524,-0.001533928697,-0.002523815224,0.000520460269,-0.002003354955,-0.001752208301,5.28694807e-05,-0.00169933882,-0.002182381182,0.0001435117076,-0.002038869474,-0.001552575135,2.826650067e-05,-0.001524308635,-0.001279774833,0.0001422726548,-0.001137502179,-0.002438056877,6.879179579e-05,-0.002369265081,-0.002221114342,3.466484954e-05,-0.002186449492
2.7,-0.0006846381576,0.000332753397,-0.0003518847606,-0.000106167365,8.293682102e-06,-9.787368287e-05,-0.001197671703,0.0004122521655,-0.0007854195373,-0.000387690035,6.408509443e-05,-0.0003236049405,-0.0007842156036,0.0001292351966,-0.000654980407,-0.0005606106503,-0.0001851023433,-0.0007457129937,2.208938344e-05,-5.120143384e-05,-2.91120504e-05,1.063916335e-05,-3.70867701e-05,-2.644760675e-05,0.0001238991849,-9.568161447e-05,2.821757044e-05,-4.848124882e-05,-5.391958772e-05,-0.0001024008365,-0.0008025789631,0.0003341506107,-0.0004684283523,-0.001456258813,-0.0001694914917,-0.001625750304,-0.001023909832,-9.1628879e-05,-0.001115538711,-0.0009208646534,-0.0004950633283,-0.001415927982,-0.0006503743984,-0.0003592866474,-0.001009661046,-0.001751981416,0.0002529127639,-0.001499068652,-0.001942675807,0.0002527100979,-0.001689965709,-0.001931990079,0.000191410184,-0.001740579895,-0.002345599953,0.0003100868392,-0.002035513113,-0.0004217766498,3.26256303e-05,-0.0003891510195,-0.0002222975214,4.446700362e-05,-0.0001778305178,-0.001635320183,0.0004058344602,-0.001229485723,-0.0007937840729,0.0001487177029,-0.00064506637,-0.0008274108681,0.0002236012404,-0.0006038096277,-0.002278800697,-0.0001782357581,-0.002457036455,-0.0001881821168,-0.0003989990317,-0.0005871811485,-0.002327061982,-0.0004407268318,-0.002767788813,-0.000621997458,-0.0003258360899,-0.000947833548,-0.001914650319,0.0002917551236,-0.001622895195,-0.002622087682,0.0005405533076,-0.002081534374,-0.001854273068,5.56249839e-05,-0.001798648085,-0.002263007706,0.0001501543977,-0.002112853308,-0.001652896228,1.988857661e-05,-0.001633007652,-0.001381704704,0.0001473176958,-0.001234387008,-0.002535536076,6.706433409e-05,-0.002468471742,-0.002328981273,4.201450362e-05,-0.00228696677
2.8,-0.0007008419174,0.0003437626799,-0.0003570792375,-0.0001660373227,1.891568025e-05,-0.0001471216425,-0.001243931757,0.0004164335142,-0.0008274982429,-0.0004445982227,6.649710282e-05,-0.0003781011199,-0.0008570864891,0.0001403859082,-0.0007167005809,-0.000606057698,-0.0001812975744,-0.0007873552724,-4.497084285e-05,-4.842889281e-05,-9.339973566e-05,-3.262607861e-05,-3.113132993e-05,-6.375740855e-05,6.405442064e-05,-9.036513324e-05,-2.63107126e-05,-0.0001015254951,-5.368138893e-05,-0.000155206884,-0.000847252073,0.0003461825181,-0.0005010695549,-0.001503750551,-0.0001749781542,-0.001678728705,-0.001152132172,-9.918525e-05,-0.001251317422,-0.0009910561838,-0.0005044622232,-0.001495518407,-0.0008001795902,-0.0003523539443,-0.001152533534,-0.001871791345,0.0002560151661,-0.001615776179,-0.002067372916,0.0002392119077,-0.001828161008,-0.00204108611,0.0002024845785,-0.001838601531,-0.002461942287,0.0003142592976,-0.002147682989,-0.0004501131465,4.186013163e-05,-0.0004082530149,-0.0002535812148,5.194211602e-05,-0.0002016390988,-0.001668944231,0.0004088492039,-0.001260095028,-0.00081774668,0.0001533440208,-0.0006644026592,-0.0008478797397,0.0002257217799,-0.0006221579598,-0.002350025829,-0.0001891194675,-0.002539145297,-0.0002462812084,-0.0003909741622,-0.0006372553706,-0.002487098354,-0.0004525674811,-0.002939665835,-0.0007327906138,-0.0003281084339,-0.001060899048,-0.002007645959,0.0002960498821,-0.001711596077,-0.002719033365,0.0005607081767,-0.002158325188,-0.001957920082,5.82869635e-05,-0.001899633119,-0.002343641342,0.000156645565,-0.002186995777,-0.001755071984,1.274994785e-05,-0.001742322037,-0.001482175993,0.0001514228224,-0.001330753171,-0.00263226267,6.477694679e-05,-0.002567485724,-0.002435223113,4.919801557e-05,-0.002386025097
2.9,-0.0007179348055,0.0003551360837,-0.0003627987218,-0.0002266753485,2.949962067e-05,-0.0001971757278,-0.00129112634,0.0004205393708,-0.000870586969,-0.0005021275234,6.888983407e-05,-0.0004332376893,-0.0009298507566,0.0001515163475,-0.0007783344091,-0.0006509655908,-0.00017713002,-0.0008280956109,-0.0001125565625,-4.546127845e-05,-0.0001580178409,-7.712432938e-05,-2.479471452e-05,-0.0001019190439,3.060097976e-06,-8.508058178e-05,-8.20204838e-05,-0.0001550678886,-5.324954338e-05,-0.0002083174319,-0.0008921179917,0.0003581309395,-0.0005339870522,-0.001550935303,-0.000180463359,-0.001731398662,-0.001279374609,-0.0001067855066,-0.001386160116,-0.001063219715,-0.0005135697361,-0.001576789451,-0.0009511076944,-0.0003454979246,-0.001296605619,-0.001990028194,0.0002588428504,-0.001731185343,-0.002190213601,0.0002237533895,-0.001966460212,-0.002148684248,0.0002137413663,-0.001934942881,-0.002576135985,0.0003177956094,-0.002258340375,-0.0004785336494,5.143977199e-05,-0.0004270938774,-0.0002852884027,5.934545316e-05,-0.0002259429495,-0.001702524718,0.0004115377761,-0.001290986942,-0.0008423427579,0.0001577952575,-0.0006845475004,-0.0008694650714,0.0002277497645,-0.0006417153069,-0.002421806467,-0.0001991904141,-0.002620996881,-0.0003056367178,-0.0003820106964,-0.0006876474143,-0.00264665492,-0.0004655816581,-0.003112236578,-0.0008447890554,-0.0003297901822,-0.001174579238,-0.002099931475,0.000300192813,-0.001799738662,-0.00281437187,0.0005808564652,-0.002233515405,-0.002062807079,6.086426889e-05,-0.00200194281,-0.002424122493,0.0001629993204,-0.002261123172,-0.001858890713,6.933299618e-06,-0.001851957413,-0.001580892413,0.0001546362272,-0.001426256186,-0.002727996756,6.198210137e-05,-0.002666014655,-0.002539575551,5.614154398e-05,-0.002483434007
3.0,-0.0007359191755,0.0003668163908,-0.0003691027847,-0.0002878798279,4.001403385e-05,-0.0002478657941,-0.001339231338,0.0004245527122,-0.0009146786253,-0.0005601893194,7.124669862e-05,-0.0004889426208,-0.001002329583,0.0001625879289,-0.0008397416542,-0.0006952315146,-0.0001726191646,-0.0008678506792,-0.0001804681795,-4.230877474e-05,-0.0002227769543,-0.0001227146224,-1.808204154e-05,-0.0001407966639,-5.895536714e-05,-7.984229542e-05,-0.0001387976626,-0.0002089311914,-5.260955603e-05,-0.0002615407475,-0.0009371106489,0.0003699999847,-0.0005671106642,-0.001597747498,-0.0001859052604,-0.001783652758,-0.001405287262,-0.0001143930041,-0.001519680266,-0.001137252157,-0.0005222644496,-0.001659516607,-0.001102579505,-0.0003387802792,-0.001441359784,-0.002106425996,0.0002614241509,-0.001845001845,-0.002310969632,0.0002066469449,-0.002104322687,-0.002254572164,0.00022521861,-0.002029353554,-0.00268791166,0.000320728919,-0.002367182741,-0.0005069952447,6.133692331e-05,-0.0004456583214,-0.0003174058857,6.664978751e-05,-0.0002507560982,-0.001736024471,0.0004139156616,-0.00132210881,-0.0008675529132,0.0001620527113,-0.0007055002018,-0.0008920296705,0.000229703194,-0.0006623264765,-0.002494026454,-0.0002083584991,-0.002702384953,-0.0003661109857,-0.0003721049464,-0.0007382159321,-0.002805308358,-0.0004795721809,-0.003284880539,-0.0009576835879,-0.0003308258812,-0.001288509469,-0.002191212448,0.0003041795332,-0.001887032914,-0.002907821524,0.0006009239135,-0.00230689761,-0.002168582422,6.337021589e-05,-0.002105212206,-0.002504278596,0.0001692314919,-0.002335047105,-0.00196411838,2.498773372e-06,-0.001961619607,-0.001677569494,0.000157014929,-0.001520554565,-0.00282250425,5.874459849e-05,-0.002763759651,-0.002641797086,6.279598818e-05,-0.002579001098
3.1,-0.0007547842755,0.0003787418983,-0.0003760423772,-0.0003494421537,5.042858686e-05,-0.0002990135669,-0.001388213626,0.0004284537556,-0.0009597598701,-0.0006186890918,7.355205601e-05,-0.0005451370358,-0.001074350398,0.0001735625413,-0.0009007878569,-0.0007387489237,-0.0001677873247,-0.0009065362483,-0.0002485078747,-3.898122481e-05,-0.0002874890995,-0.0001692464011,-1.099986926e-05,-0.0001802462704,-0.0001218629522,-7.466217778e-05,-0.00019652513,-0.0002629380651,-5.1749789e-05,-0.0003146878541,-0.0009821638223,0.000381793816,-0.0006003700063,-0.001644113233,-0.0001912655226,-0.001835378756,-0.001529527116,-0.000121970631,-0.001651497747,-0.001213024607,-0.000530428871,-0.001743453478,-0.001254005638,-0.0003322579877,-0.001586263625,-0.002220730526,0.0002637892565,-0.001956941269,-0.002429433643,0.0001882192272,-0.002241214416,-0.002358547028,0.0002369512984,-0.00212159573,-0.002797009245,0.0003230933675,-0.002473915877,-0.0005354470973,7.152201531e-05,-0.0004639250819,-0.0003499121632,7.383015262e-05,-0.0002760820106,-0.001769398887,0.0004159988363,-0.001353400051,-0.0008933495667,0.0001660965081,-0.0007272530586,-0.000915432697,0.0002315974877,-0.0006838352093,-0.002566525442,-0.0002165598943,-0.002783085337,-0.000427562117,-0.0003612601368,-0.0007888222538,-0.002962624638,-0.0004943395557,-0.003456964194,-0.001071164845,-0.0003311663366,-0.001402331182,-0.002281203677,0.0003080095936,-0.001973194083,-0.002999103815,0.0006208318458,-0.002378271969,-0.002274888055,6.582151498e-05,-0.00220906654,-0.002583926424,0.0001753587507,-0.002408567673,-0.002070501529,-5.172266526e-07,-0.002071018756,-0.001771938441,0.0001586217282,-0.001613316713,-0.002915559877,5.513927075e-05,-0.002860420607,-0.002741669892,6.913525721e-05,-0.002672534635
3.2,-0.0007745060345,0.0003908474623,-0.0003836585723,-0.0004111485375,6.071381537e-05,-0.0003504347221,-0.001438030697,0.0004322204129,-0.001005810285,-0.0006775256909,7.579163641e-05,-0.0006017340544,-0.001145746779,0.0001844029524,-0.0009613438268,-0.0007814078848,-0.0001626593014,-0.0009440671862,-0.0003164784967,-3.548809259e-05,-0.0003519665893,-0.0002165606745,-3.556253289e-06,-0.0002201169278,-0.0001855306679,-6.954985384e-05,-0.0002550805217,-0.0003169093208,-5.06614915e-05,-0.0003675708123,-0.001027208162,0.0003935162363,-0.0006336919255,-0.001689949361,-0.0001965096863,-0.001886459047,-0.00165176042,-0.0001294810327,-0.001781241453,-0.001290380107,-0.000537954439,-0.001828334546,-0.001404789095,-0.0003259860044,-0.001730775099,-0.002332699534,0.0002659692443,-0.00206673029,-0.002545415202,0.0001688032545,-0.002376611947,-0.002460416397,0.0002489708762,-0.002211445521,-0.002903181059,0.0003249243389,-0.00257825672,-0.0005638308131,8.196381753e-05,-0.0004818669956,-0.0003827765268,8.086394114e-05,-0.0003019125857,-0.001802595891,0.000417803925,-0.001384791966,-0.0009196950084,0.0001699060496,-0.0007497889589,-0.0009395311612,0.0002334450579,-0.0007060861033,-0.00263910201,-0.0002237576149,-0.002862859625,-0.0004898443038,-0.0003494862168,-0.0008393305206,-0.003118160923,-0.0005096897698,-0.003627850693,-0.00118492238,-0.0003307705026,-0.001515692883,-0.002369628554,0.0003116870003,-0.002057941554,-0.003087944274,0.0006404991019,-0.002447445172,-0.002381360027,6.823684015e-05,-0.002313123187,-0.002662872046,0.0001813977533,-0.002481474292,-0.002177768884,-2.101623181e-06,-0.002179870507,-0.001863747602,0.0001595229112,-0.001704224691,-0.003006947432,5.124844226e-05,-0.00295569899,-0.002838997406,7.515324045e-05,-0.002763844166
3.3,-0.0007950456443,0.0004030655555,-0.0003919800888,-0.0004727801467,7.084086413e-05,-0.0004019392826,-0.001488628908,0.0004358288321,-0.001052800076,-0.0007365895502,7.795289312e-05,-0.000658636657,-0.00121635503,0.0001950732017,-0.001021281828,-0.0008230943137,-0.0001572619886,-0.0009803563023,-0.0003841793404,-3.183846413e-05,-0.0004160178045,-0.0002644905676,4.239017394e-06,-0.0002602515502,-0.0002498178845,-6.451304845e-05,-0.000314330933,-0.0003706592203,-4.933889401e-05,-0.0004199981143,-0.00107216533,0.0004051702106,-0.0006669951195,-0.001735159394,-0.0002016076991,-0.001936767094,-0.001771661981,-0.0001368870316,-0.001908549013,-0.001369130685,-0.000544745281,-0.001913875966,-0.001554326271,-0.0003200196853,-0.001874345956,-0.002442100651,0.0002679951012,-0.00217410555,-0.002658734636,0.0001487317155,-0.00251000292,-0.00255999501,0.0002613046092,-0.002298690401,-0.003006191374,0.0003262584461,-0.002679932927,-0.0005920797532,9.262949652e-05,-0.0004994502567,-0.0004159567729,8.773077837e-05,-0.0003282259946,-0.001835554244,0.0004193482406,-0.001416206003,-0.0009465379642,0.0001734604599,-0.0007730775043,-0.0009641798763,0.0002352550181,-0.0007289248582,-0.002711515986,-0.0002299408114,-0.002941456798,-0.0005528050656,-0.0003367992565,-0.0008896043222,-0.00327146647,-0.0005254395628,-0.003796906033,-0.00129864144,-0.000329606008,-0.001628247448,-0.002456215973,0.0003152204836,-0.00214099549,-0.003174070721,0.0006598439723,-0.002514226749,-0.002487627425,7.063529653e-05,-0.002416992128,-0.002740909033,0.0001873642807,-0.002553544752,-0.002285631283,-2.2627312e-06,-0.002287894014,-0.001952761636,0.0001597867254,-0.001792974911,-0.003096457767,4.715946317e-05,-0.003049298304,-0.002933599423,8.086021567e-05,-0.002852739207
3.4,-0.0008163475134,0.0004153274233,-0.0004010200901,-0.0005341121745,8.078135469e-05,-0.0004533308198,-0.001539941001,0.0004392540172,-0.001100686984,-0.0007957604227,8.002527305e-05,-0.0007157351496,-0.001286009389,0.0002055389413,-0.001080470448,-0.000863688709,-0.0001516239923,-0.001015312701,-0.0004514013184,-2.804112386e-05,-0.0004794424422,-0.0003128615652,1.23740174e-05,-0.0003004875478,-0.0003145695498,-5.955816897e-05,-0.0003741277187,-0.0004239906949,-4.777941438e-05,-0.0004717701093,-0.001116941998,0.0004167572889,-0.0007001847094,-0.001779628374,-0.0002065343539,-0.001986162727,-0.001888912804,-0.0001441524389,-0.002033065243,-0.001449055201,-0.0005507204363,-0.001999775637,-0.001702007664,-0.0003144171152,-0.002016424779,-0.002548708002,0.0002698967619,-0.00227881124,-0.002769215841,0.0001283318223,-0.002640884019,-0.002657099557,0.0002739747417,-0.002383124815,-0.003105813805,0.0003271334533,-0.002778680352,-0.0006201181139,0.0001034846413,-0.0005166334726,-0.0004493966564,9.441230917e-05,-0.0003549843472,-0.001868201478,0.0004206496752,-0.001447551803,-0.0009738104108,0.0001767389364,-0.0007970714744,-0.0009892310695,0.0002370331351,-0.0007521979344,-0.002783490693,-0.000235122545,-0.003018613238,-0.0006162810793,-0.0003232206225,-0.0009395017018,-0.003422082765,-0.0005414195946,-0.003963502359,-0.001411999224,-0.0003276488718,-0.001739648096,-0.002540697552,0.0003186235974,-0.002222073955,-0.003257211286,0.0006787857999,-0.002578425486,-0.002593311454,7.303513549e-05,-0.002520276319,-0.002817816655,0.0001932725271,-0.002624544128,-0.002393779823,-1.027959958e-06,-0.002394807783,-0.002038759479,0.0001594825207,-0.001879276959,-0.00318388607,4.29625747e-05,-0.003140923496,-0.003025306583,8.627928865e-05,-0.002939027294
3.5,-0.0008383375817,0.0004275643341,-0.0004107732476,-0.0005949130358,9.050742533e-05,-0.0005044056104,-0.001591883934,0.0004424704656,-0.001149413468,-0.0008549055428,8.200038292e-05,-0.0007729051599,-0.001354538465,0.0002157676932,-0.001138770772,-0.00090306531,-0.0001457752582,-0.001048840568,-0.0005179242644,-2.41046856e-05,-0.00054202895,-0.0003614919228,2.083423954e-05,-0.0003406576833,-0.0003796133697,-5.469091624e-05,-0.000434304286,-0.0004766932962,-4.598390076e-05,-0.000522677197,-0.001161426388,0.0004282770153,-0.0007331493724,-0.001823219127,-0.0002112695824,-0.002034488709,-0.002003198989,-0.0001512424328,-0.002154441421,-0.001529899252,-0.0005558148295,-0.002085714082,-0.00184721967,-0.0003092411856,-0.002156460855,-0.002652299181,0.000271702189,-0.002380596992,-0.002876679783,0.000107921453,-0.00276875833,-0.002751544132,0.0002869972926,-0.002464546839,-0.00320182899,0.0003275882528,-0.002874240737,-0.0006478606988,0.0001144934607,-0.0005333672382,-0.0004830243377,0.0001008920483,-0.0003821322894,-0.001900452984,0.0004217265258,-0.001478726458,-0.00100142614,0.0001797209581,-0.0008217051815,-0.001014534785,0.0002387819974,-0.0007757527876,-0.002854716774,-0.0002393359712,-0.003094052745,-0.0006800947919,-0.0003087763354,-0.0009888711273,-0.003569544412,-0.0005574757919,-0.004127020204,-0.001524662862,-0.0003248828888,-0.00184954575,-0.002622807466,0.0003219147466,-0.00230089272,-0.003337094573,0.0006972462849,-0.002639848288,-0.00269802608,7.545286012e-05,-0.00262257322,-0.002893359801,0.0001991346688,-0.002694225132,-0.002501882932,1.557625409e-06,-0.002500325306,-0.002121532724,0.0001586805126,-0.001962852211,-0.003269030338,3.874936555e-05,-0.003230280973,-0.003113956366,9.144333733e-05,-0.003022513029
3.6,-0.0008609228239,0.0004397088473,-0.0004212139766,-0.0006549447615,9.999190469e-05,-0.0005549528568,-0.001644357809,0.0004454528065,-0.001198905002,-0.0009138789642,8.387207711e-05,-0.0008300068871,-0.001421764648,0.0002257290503,-0.001196035598,-0.000941092446,-0.0001397466324,-0.001080839078,-0.0005835178727,-2.003770109e-05,-0.0006035555738,-0.0004101936688,2.960231733e-05,-0.0003805913515,-0.000444761369,-4.991674236e-05,-0.0004946781114,-0.0005285452051,-4.395679101e-05,-0.0005725019961,-0.001205488695,0.0004397264351,-0.0007657622597,-0.001865771329,-0.0002157988357,-0.002081570164,-0.002114214009,-0.0001581226783,-0.002272336688,-0.001611377905,-0.000559979386,-0.002171357291,-0.001989348653,-0.0003045607901,-0.002293909443,-0.002752654033,0.0002734366811,-0.002479217352,-0.002980939657,8.780528979e-05,-0.002893134367,-0.002843138341,0.0003003804535,-0.002542757888,-0.003294024416,0.0003276629321,-0.002966361484,-0.0006752138895,0.0001256191363,-0.0005495947532,-0.0005167525294,0.000107155285,-0.0004095972444,-0.001932213146,0.0004225972833,-0.001509615863,-0.001029281717,0.0001823863853,-0.0008468953314,-0.001039940589,0.0002405012925,-0.0007994392966,-0.002924859129,-0.0002426289113,-0.00316748804,-0.0007440533414,-0.0002934969787,-0.00103755032,-0.00371338271,-0.0005734688378,-0.004286851548,-0.001636290643,-0.000321298756,-0.001957589398,-0.002702285681,0.0003251171604,-0.00237716852,-0.003413452916,0.0007151506804,-0.002698302236,-0.002801380788,7.790263798e-05,-0.00272347815,-0.002967291431,0.0002049607043,-0.002762330726,-0.002609583767,5.431348671e-06,-0.002604152418,-0.002200885671,0.0001574520719,-0.002043433599,-0.003351692323,3.461181822e-05,-0.003317080505,-0.003199391477,9.639233371e-05,-0.003102999143
3.7,-0.0008839923436,0.000451696054,-0.0004322962896,-0.0007139650957,0.000109208578,-0.0006047565177,-0.001697246308,0.0004481764945,-0.001249069814,-0.000972522409,8.563653677e-05,-0.0008868858723,-0.001487506936,0.000235394895,-0.001252112041,-0.0009776343926,-0.0001335693179,-0.001111203711,-0.0006479462724,-1.584868128e-05,-0.0006637949537,-0.0004587744146,3.865806538e-05,-0.0004201163492,-0.0005098155808,-4.524110533e-05,-0.0005550566862,-0.0005793190536,-4.170613126e-05,-0.0006210251849,-0.001248985316,0.000451099736,-0.0007978855799,-0.00190710352,-0.0002201138144,-0.002127217335,-0.002221664497,-0.0001647572339,-0.002386421731,-0.001693181423,-0.0005631805815,-0.002256362004,-0.002127788313,-0.0003004500608,-0.002428238374,-0.002849555846,0.0002751226322,-0.002574433214,-0.003081798142,6.826987125e-05,-0.00301352827,-0.00293168889,0.0003141229304,-0.00261756596,-0.003382196978,0.0003273989027,-0.003054798075,-0.0007020778707,0.0001368241617,-0.000565253709,-0.0005504804572,0.0001131889424,-0.0004372915149,-0.001963378616,0.0004232803216,-0.001540098295,-0.001057259705,0.0001847155422,-0.0008725441631,-0.001065300531,0.0002421881299,-0.0008231124014,-0.002993567137,-0.0002450573208,-0.003238624458,-0.0008079502803,-0.0002774181929,-0.001085368473,-0.003853133188,-0.0005892717396,-0.004442404927,-0.00174653689,-0.0003168928998,-0.00206342979,-0.002778884166,0.0003282587277,-0.002450625438,-0.003486028339,0.0007324289296,-0.00275359941,-0.002902985435,8.039592871e-05,-0.002822589506,-0.003039357489,0.0002107584511,-0.002828599038,-0.002716499513,1.051199171e-05,-0.002705987521,-0.002276637235,0.0001558700874,-0.002120767147,-0.003431681082,3.064150168e-05,-0.00340103958,-0.003281460395,0.0001011705188,-0.003180289877
3.8,-0.0009074200665,0.0004634648203,-0.0004439552461,-0.0007717312432,0.0001181325447,-0.0006535986985,-0.001750418574,0.0004506185934,-0.00129979998,-0.001030667575,8.729237483e-05,-0.0009433752001,-0.001551586512,0.0002447396792,-0.001306846833,-0.001012554594,-0.0001272742852,-0.001139828879,-0.0007109752643,-1.154602875e-05,-0.0007225212931,-0.0005070399513,4.797882284e-05,-0.0004590611285,-0.0005745766117,-4.06695794e-05,-0.0006152461911,-0.0006287903486,-3.924346619e-05,-0.0006680338148,-0.001291765868,0.0004623879943,-0.0008293778732,-0.001947017893,-0.0002242134546,-0.002171231348,-0.002325278104,-0.0001711060613,-0.002496384165,-0.001774983305,-0.0005653997898,-0.002340383095,-0.002261950556,-0.0002969848832,-0.002558935439,-0.002942794645,0.0002767797252,-0.00266601492,-0.003179047081,4.957793701e-05,-0.003129469144,-0.003017004411,0.0003282127363,-0.002688791675,-0.00346615753,0.0003268388094,-0.00313931872,-0.000728349947,0.0001480706032,-0.0005802793439,-0.000584097394,0.0001189813937,-0.0004651160003,-0.001993843287,0.000423793505,-0.001570049782,-0.001085233508,0.0001866893863,-0.0008985441214,-0.001090473006,0.000243837419,-0.0008466355872,-0.003060486877,-0.0002466789046,-0.003307165782,-0.0008715699273,-0.0002605814098,-0.001132151337,-0.003988346955,-0.0006047659118,-0.004593112866,-0.001855060164,-0.000311665943,-0.002166726107,-0.002852374911,0.0003313715964,-0.002521003315,-0.003554580151,0.0007490166645,-0.002805563487,-0.003002456788,8.294134312e-05,-0.002919515445,-0.003109303691,0.0002165335821,-0.002892770109,-0.002822223808,1.669901856e-05,-0.002805524789,-0.002348623836,0.0001540086245,-0.002194615211,-0.003508818241,2.69283454e-05,-0.003481889896,-0.003360019956,0.0001058232892,-0.003254196667
3.9,-0.0009310686871,0.0004749590013,-0.0004561096858,-0.0008280048212,0.0001267406413,-0.0007012641799,-0.001803732186,0.000452758596,-0.00135097359,-0.001088139563,8.884071492e-05,-0.0009992988477,-0.001613833884,0.0002537407462,-0.001360093138,-0.001045719813,-0.0001208917346,-0.001166611547,-0.0007723807726,-7.137920094e-06,-0.0007795186927,-0.0005547974121,5.753997316e-05,-0.000497257439,-0.0006388533495,-3.620788052e-05,-0.00067506123,-0.000676746864,-3.658360817e-05,-0.0007133304722,-0.001333681531,0.0004735790295,-0.0008601025015,-0.001985307734,-0.0002281045368,-0.002213412271,-0.002424811525,-0.0001771231302,-0.002601934656,-0.001856449394,-0.0005666326471,-0.002423082041,-0.002391278734,-0.0002942369911,-0.002685515725,-0.003032171677,0.0002784253238,-0.002753746353,-0.003272469569,3.196353504e-05,-0.003240506034,-0.003098902397,0.000342626744,-0.002756275653,-0.003545736085,0.0003260257718,-0.003219710314,-0.0007539286378,0.0001593203915,-0.0005946082463,-0.0006174872676,0.0001245223629,-0.0004929649047,-0.002023504308,0.0004241539149,-0.001599350393,-0.001113072884,0.000188289808,-0.000924783076,-0.001115326937,0.0002454422947,-0.0008698846427,-0.003125273667,-0.0002475481346,-0.003372821801,-0.0009346937246,-0.0002430343597,-0.001177728084,-0.004118603999,-0.0006198369763,-0.004738440976,-0.001961533843,-0.0003056207869,-0.00226715463,-0.002922558099,0.0003344915242,-0.002588066574,-0.003618892927,0.0007648560519,-0.002854036875,-0.00309942594,8.554475045e-05,-0.003013881189,-0.003176883226,0.0002222896708,-0.002954593556,-0.002926332171,2.387254927e-05,-0.002902459622,-0.002416702296,0.0001519414188,-0.002264760877,-0.003582943825,2.355876041e-05,-0.003559385065,-0.003434939904,0.0001103942029,-0.003324545701
4.0,-0.0009547942774,0.0004861284945,-0.0004686657829,-0.0008825572642,0.000135011812,-0.0007475454522,-0.001857036702,0.0004545791707,-0.001402457531,-0.001144760889,9.028515695e-05,-0.001054475732,-0.001674096016,0.0002623786342,-0.001411717382,-0.001077004623,-0.000114450627,-0.00119145525,-0.0008319568094,-2.632165446e-06,-0.0008345889749,-0.0006018586576,6.731552225e-05,-0.0005345431353,-0.0007024718285,-3.186182564e-05,-0.0007343336542,-0.0007229971892,-3.374425378e-05,-0.000756741443,-0.001374592986,0.00048465742,-0.0008899355659,-0.002021766887,-0.0002318013031,-0.00225356819,-0.002520056957,-0.0001827557386,-0.002702812696,-0.001937246887,-0.0005668882262,-0.002504135113,-0.002515261112,-0.0002922668635,-0.002807527976,-0.00311750393,0.000280074849,-0.002837429081,-0.003361843854,1.562907315e-05,-0.003346214781,-0.003177216454,0.0003573309995,-0.002819885455,-0.003620786369,0.000325001814,-0.003295784555,-0.0007787179969,0.0001705357329,-0.000608182264,-0.0006505335591,0.0001298029724,-0.0005207305867,-0.002052268218,0.0004243778956,-0.001627890323,-0.001140649072,0.0001895000479,-0.0009511490241,-0.001139745568,0.0002469945165,-0.0008927510513,-0.003187603578,-0.0002477131999,-0.003435316778,-0.0009971074253,-0.0002248311219,-0.001221938547,-0.004243525685,-0.000634371601,-0.004877897287,-0.002065657012,-0.0002987606668,-0.002364417678,-0.002989268486,0.0003376570544,-0.002651611431,-0.003678783324,0.0007798965311,-0.002898886793,-0.003193545388,8.820951888e-05,-0.003105335869,-0.003241864248,0.0002280283019,-0.003013835946,-0.003028389011,3.189368025e-05,-0.002996495331,-0.002480752245,0.0001497396091,-0.002331012636,-0.00365392162,2.061334791e-05,-0.003633308272,-0.003506108665,0.0001149225206,-0.003391186144
4.1,-0.0009784508648,0.0004969300331,-0.0004815208317,-0.0009351747421,0.0001429272882,-0.000792247454,-0.001910177078,0.0004560667698,-0.001454110309,-0.001200355435,9.163160003e-05,-0.001108723835,-0.001732241777,0.0002706373296,-0.001461604447,-0.001106295561,-0.0001079782354,-0.001214273796,-0.0008895211358,1.963952301e-06,-0.0008875571835,-0.0006480434578,7.727865687e-05,-0.0005707648009,-0.0007652811473,-2.763725571e-05,-0.0007929184031,-0.000767376565,-3.07454424e-05,-0.0007981220074,-0.001414376076,0.000495604702,-0.0009187713739,-0.002056199344,-0.0002353243812,-0.002291523725,-0.002610845965,-0.0001879450001,-0.002798790965,-0.002017052203,-0.0005661877757,-0.002583239978,-0.002633442009,-0.0002911171614,-0.00292455917,-0.00319862755,0.0002817419957,-0.002916885554,-0.003446948269,7.44535724e-07,-0.003446203733,-0.003251801806,0.0003722815862,-0.00287952022,-0.003691188882,0.000323805924,-0.003367382958,-0.000802631363,0.0001816795435,-0.0006209518195,-0.0006831234942,0.0001348158389,-0.0005483076553,-0.002080055972,0.0004244813561,-0.001655574616,-0.001167838522,0.0001903051924,-0.0009775333292,-0.00116362913,0.0002484847429,-0.000915144387,-0.003247182952,-0.0002472147548,-0.003494397707,-0.001058607318,-0.000206031868,-0.001264639186,-0.004362784416,-0.0006482558272,-0.005011040244,-0.002167162682,-0.0002910878282,-0.00245825051,-0.003052378301,0.0003409086091,-0.002711469692,-0.003734104095,0.0007940953675,-0.002940008728,-0.003284494493,9.093674715e-05,-0.003193557745,-0.003304035993,0.0002337493641,-0.003070286629,-0.003127954842,4.060495239e-05,-0.00308734989,-0.00254067774,0.0001474696319,-0.002393208108,-0.003721642952,1.816459272e-05,-0.003703478359,-0.003573438486,0.0001194412517,-0.003453997234
4.2,-0.001001894367,0.0005073277429,-0.0004945666238,-0.0009856617644,0.0001504705682,-0.0008351911962,-0.001962996436,0.0004572120994,-0.001505784337,-0.001254751737,9.288796513e-05,-0.001161863772,-0.001788164266,0.0002785044743,-0.001509659792,-0.001133494257,-0.0001014997063,-0.001234993963,-0.0009449172411,6.643844203e-06,-0.0009382733969,-0.0006931820561,8.740218576e-05,-0.0006057798703,-0.0008271548982,-2.35400121e-05,-0.0008506949103,-0.0008097486549,-2.760894209e-05,-0.000837357597,-0.001452923835,0.0005063996811,-0.0009465241543,-0.002088426571,-0.0002387000009,-0.002327126572,-0.002697050486,-0.0001926268691,-0.002889677355,-0.002095556712,-0.0005645631202,-0.002660119833,-0.002745428512,-0.0002908084446,-0.003036236956,-0.003275399129,0.0002834387002,-0.002991960429,-0.003527566511,-1.255147109e-05,-0.003540117982,-0.003322537297,0.0003874257774,-0.002935111519,-0.003756852096,0.0003224724829,-0.003434379613,-0.0008255938515,0.0001927157461,-0.0006328781055,-0.0007151507351,0.0001395550861,-0.0005755956491,-0.00210680577,0.0004244800621,-0.001682325708,-0.001194524816,0.0001906926951,-0.001003832121,-0.001186895999,0.0002499027114,-0.0009369932873,-0.00330375506,-0.0002460860002,-0.00354984106,-0.001119003682,-0.0001867026553,-0.001305706337,-0.004476109439,-0.000661374422,-0.005137483861,-0.002265821098,-0.0002826031266,-0.002548424224,-0.0031117961,0.0003442875831,-0.002767508517,-0.003784744508,0.000807417847,-0.002977326661,-0.003371982526,9.372552759e-05,-0.003278256998,-0.003363212879,0.0002394516579,-0.003123761221,-0.003224592599,4.983137716e-05,-0.003174761222,-0.002596407596,0.0001451918251,-0.002451215771,-0.003786027711,1.62747934e-05,-0.003769752918,-0.003636868092,0.0001239754217,-0.00351289267
4.3,-0.001024985558,0.0005172935399,-0.0005076920176,-0.001033843168,0.0001576273317,-0.0008762158359,-0.002015338001,0.0004580104547,-0.001557327546,-0.001307785338,9.406385965e-05,-0.001213721478,-0.001841779816,0.0002859715076,-0.001555808309,-0.001158519225,-9.503770905e-05,-0.001253556934,-0.0009980127464,1.140173587e-05,-0.0009866110105,-0.000737116926,9.765874749e-05,-0.0006394581785,-0.0008879884271,-1.957605861e-05,-0.0009075644857,-0.0008500035307,-2.435768194e-05,-0.0008743612127,-0.001490145077,0.0005170187499,-0.0009731263275,-0.002118291522,-0.0002419599202,-0.002360251443,-0.002778581059,-0.0001967332551,-0.002975314314,-0.002172470143,-0.0005620548462,-0.002734524989,-0.002850892585,-0.0002913378724,-0.003142230457,-0.00334769464,0.0002851749306,-0.00306251971,-0.003603492839,-2.4149378e-05,-0.003627642217,-0.003389323575,0.0004027032643,-0.00298662031,-0.00381771178,0.0003210305662,-0.003496681214,-0.0008475434801,0.000203609422,-0.0006439340582,-0.0007465164935,0.0001440162913,-0.0006025002022,-0.002132473585,0.0004243897447,-0.00170808384,-0.001220599315,0.0001906528348,-0.001029946481,-0.001209482551,0.0002512374841,-0.0009582450673,-0.003357103523,-0.0002443534459,-0.003601456969,-0.001178120927,-0.0001669154746,-0.001345036402,-0.004583288201,-0.0006736108269,-0.005256899028,-0.002361438029,-0.0002733063651,-0.002634744394,-0.003167462788,0.0003478354105,-0.002819627378,-0.003830628094,0.0008198370427,-0.003010791051,-0.003455749541,9.657337717e-05,-0.003359176163,-0.003419236697,0.0002451338197,-0.003174102877,-0.003317872062,5.938224365e-05,-0.003258489819,-0.002647894192,0.0001429596153,-0.002504934577,-0.0038470225,1.499446074e-05,-0.003832028039,-0.003696362239,0.000128540471,-0.003567821768
4.4,-0.001047592223,0.0005268073814,-0.0005207848418,-0.001079564891,0.000164385398,-0.0009151794931,-0.002067046648,0.0004584618736,-0.001608584775,-0.001359300451,9.517017715e-05,-0.001264130274,-0.001893025063,0.0002930336899,-0.001599991373,-0.00118130661,-8.861225544e-05,-0.001269918866,-0.001048696136,1.623269247e-05,-0.001032463444,-0.0007797039178,0.0001080207541,-0.0006716831637,-0.000947694407,-1.575172426e-05,-0.0009634461313,-0.0008880540804,-2.101526715e-05,-0.0009090693475,-0.001525961584,0.0005274361792,-0.0009985254046,-0.002145660251,-0.0002451416511,-0.002390801902,-0.002855382767,-0.0002001937155,-0.003055576483,-0.002247522645,-0.0005587102909,-0.002806232936,-0.002949570586,-0.0002926799572,-0.003242250543,-0.003415406956,0.0002869585069,-0.003128448449,-0.003674537146,-3.39655679e-05,-0.003708502714,-0.003452079039,0.0004180473065,-0.003034031733,-0.003873729119,0.0003195041703,-0.003554224949,-0.0008684314622,0.0002143269711,-0.0006541044911,-0.0007771297636,0.0001481964856,-0.000628933278,-0.002157032351,0.0004242260811,-0.00173280627,-0.001245961754,0.0001901790127,-0.001055782741,-0.001231342508,0.0002524778623,-0.0009788646456,-0.003407052938,-0.000242037809,-0.003649090747,-0.001235795787,-0.0001467484111,-0.001382544199,-0.004684163525,-0.0006848478653,-0.005369011391,-0.002453850099,-0.0002631971438,-0.002717047242,-0.003219346965,0.0003515923792,-0.002867754586,-0.003871709878,0.0008313332662,-0.003040376612,-0.003535566077,9.947679326e-05,-0.003436089283,-0.0034719777,0.0002507953673,-0.003221182333,-0.003407372579,6.905369997e-05,-0.003338318879,-0.002695111481,0.0001408190692,-0.002554292412,-0.003904597377,1.436145125e-05,-0.003890235926,-0.003751909117,0.0001331409558,-0.003618768161
4.5,-0.001069591002,0.0005358573096,-0.0005337336927,-0.001122694378,0.0001707347077,-0.0009519596701,-0.002117970729,0.0004585710793,-0.001659399649,-0.001409151525,9.621862837e-05,-0.001312932896,-0.00194185428,0.00029968998,-0.0016421643,-0.001201810605,-8.224068377e-05,-0.001284051288,-0.001096874251,2.113256125e-05,-0.00107574169,-0.0008208132084,0.000118460191,-0.0007023530174,-0.00100619971,-1.207391869e-05,-0.001018273628,-0.0009238335303,-1.76055169e-05,-0.0009414390472,-0.001560306404,0.0005376244445,-0.00102268196,-0.002170422676,-0.000248288596,-0.002418711272,-0.002927429956,-0.0002029386668,-0.003130368623,-0.002320466867,-0.0005545816121,-0.002875048479,-0.003041262755,-0.0002947877087,-0.003336050463,-0.003478443488,0.0002887951076,-0.00318964838,-0.003740530402,-4.193885628e-05,-0.003782469258,-0.003510736043,0.000433385726,-0.003077350317,-0.003924888879,0.0003179131397,-0.003606975739,-0.0008882223884,0.0002248363761,-0.0006633860123,-0.0008069076086,0.0001520942504,-0.0006548133582,-0.002180471169,0.0004240046657,-0.001756466503,-0.001270521871,0.0001892678311,-0.00108125404,-0.001252446571,0.0002536129052,-0.0009988336658,-0.003453467903,-0.0002391549973,-0.0036926229,-0.001291875725,-0.0001262856557,-0.001418161381,-0.004778628359,-0.0006949694843,-0.005473597844,-0.002542919948,-0.0002522760097,-0.002795195958,-0.003267441457,0.0003555959551,-0.002911845502,-0.003907975073,0.0008418934155,-0.003066081657,-0.003611232901,0.0001024317413,-0.00350880116,-0.003521335636,0.0002564376677,-0.003264897968,-0.0034926857,7.863233766e-05,-0.003414053362,-0.002738053748,0.0001388089919,-0.002599244756,-0.003958743222,1.440093206e-05,-0.00394434229,-0.003803517166,0.000137769925,-0.003665747241
4.6,-0.001090869416,0.000544439232,-0.0005464301835,-0.001163121355,0.0001766672476,-0.0009864541069,-0.002167964693,0.0004583472759,-0.001709617417,-0.001457205234,9.722126575e-05,-0.001359983968,-0.001988238549,0.0003059428184,-0.00168229573,-0.001220004176,-7.593772106e-05,-0.001295941897,-0.001142471995,2.609789745e-05,-0.001116374098,-0.0008603303854,0.0001289484674,-0.000731381918,-0.001063445194,-8.550200553e-06,-0.001071995395,-0.0009572955626,-1.415197301e-05,-0.0009714475356,-0.00159312466,0.0005475546331,-0.001045570027,-0.002192493635,-0.0002514499611,-0.002443943596,-0.002994721137,-0.000204904139,-0.003199625276,-0.002391080875,-0.0005497243532,-0.002940805228,-0.003125833765,-0.0002975935095,-0.003423427274,-0.003536725171,0.0002906885556,-0.003246036615,-0.003801330746,-4.802692245e-05,-0.003849357668,-0.003565239204,0.0004486418014,-0.003116597403,-0.003971198896,0.0003162744913,-0.003654924404,-0.0009068947567,0.0002351074991,-0.0006717872576,-0.0008357761168,0.0001557098007,-0.0006800663161,-0.002202795312,0.0004237409843,-0.001779054327,-0.001294202522,0.0001879189864,-0.001106283535,-0.001272782816,0.0002546324279,-0.001018150388,-0.003496251605,-0.0002357176027,-0.003731969207,-0.001346219123,-0.0001056172016,-0.001451836325,-0.004866620683,-0.000703863354,-0.005570484037,-0.002628533393,-0.0002405454631,-0.002869078856,-0.003311761895,0.0003598787004,-0.002951883194,-0.003939440151,0.0008515103833,-0.003087929768,-0.003682581642,0.0001054339822,-0.00357714766,-0.003567241428,0.0002620647501,-0.003305176678,-0.003573419516,8.790004275e-05,-0.003485519473,-0.002776736288,0.000136961813,-0.002639774475,-0.00400947081,1.512600658e-05,-0.003994344803,-0.003851212464,0.0001424093275,-0.003708803136
4.7,-0.001111328354,0.0005525564534,-0.0005587719004,-0.001200759353,0.000182176933,-0.00101858242,-0.002216892586,0.0004578039255,-0.001759088661,-0.00150334317,9.819009477e-05,-0.001405153075,-0.00203216716,0.0003117979064,-0.001720369254,-0.00123588041,-6.971553774e-05,-0.001305595948,-0.001185434399,3.11259186e-05,-0.001154308481,-0.0008981577914,0.0001394564515,-0.00075870134,-0.001119388369,-5.188719815e-06,-0.001124577089,-0.0009884169598,-1.067740197e-05,-0.0009990943618,-0.001624376835,0.000557196902,-0.001067179933,-0.002211814753,-0.0002546801974,-0.00246649495,-0.003057275138,-0.0002060369474,-0.003263312085,-0.00245917201,-0.0005441965562,-0.003003368566,-0.003203213682,-0.0003010106879,-0.00350422437,-0.003590187289,0.0002926413801,-0.003297545909,-0.003856829693,-5.220349303e-05,-0.003909033186,-0.003615546491,0.0004637353046,-0.003151811187,-0.004012691319,0.0003146037976,-0.003698087521,-0.0009244420061,0.0002451123186,-0.0006793296875,-0.0008636722448,0.0001590449427,-0.0007046273021,-0.002224027215,0.0004234503706,-0.001800576845,-0.001316944007,0.0001861350904,-0.001130808917,-0.001292357854,0.000255527434,-0.00103683042,-0.003535344724,-0.0002317371831,-0.003767081907,-0.001398697701,-8.48381356e-05,-0.001483535836,-0.004948120437,-0.0007114236858,-0.005659544123,-0.002710599351,-0.0002280104372,-0.002938609788,-0.003352347377,0.0003644663027,-0.002987881075,-0.003966155989,0.0008601825208,-0.003105973468,-0.003749476575,0.0001084793054,-0.00364099727,-0.003609659627,0.0002676838833,-0.003341975744,-0.003649205484,9.663987903e-05,-0.003552565605,-0.002811197992,0.0001353049733,-0.002675893019,-0.004056811493,1.653857974e-05,-0.004040272914,-0.003895037154,0.0001470314843,-0.00374800567
4.8,-0.001130885005,0.0005602190364,-0.0005706659688,-0.001235547937,0.0001872595636,-0.001048288374,-0.00226463209,0.0004569585792,-0.001807673511,-0.001547465115,9.913679998e-05,-0.001448328315,-0.002073650697,0.0003172640278,-0.001756386669,-0.001249454419,-6.358377362e-05,-0.001313038192,-0.001225730255,3.621447407e-05,-0.001189515781,-0.0009342160868,0.0001499547244,-0.0007842613623,-0.001174007822,-1.998121602e-06,-0.001176005943,-0.001017201717,-7.203336183e-06,-0.001024405053,-0.0016540436,0.0005665209436,-0.001087522657,-0.002228357234,-0.0002580378268,-0.002486395061,-0.003115128714,-0.0002062990731,-0.003321427787,-0.00252458107,-0.0005380581621,-0.003062639232,-0.003273398174,-0.0003049369053,-0.003578335079,-0.003638781875,0.0002946554237,-0.003344126451,-0.003906958051,-5.445659115e-05,-0.003961414642,-0.003661632785,0.0004785839684,-0.003183048816,-0.004049425101,0.0003129162607,-0.00373650884,-0.0009408740146,0.000254825151,-0.0006860488637,-0.0008905464332,0.0001621029511,-0.000728443482,-0.002244208218,0.0004231480088,-0.001821060209,-0.001338708887,0.0001839215348,-0.001154787352,-0.001311198443,0.000256290498,-0.001054907945,-0.003570725164,-0.0002272269309,-0.003797952095,-0.001449200726,-6.404747674e-05,-0.001513248203,-0.005023149007,-0.0007175535759,-0.005740702583,-0.002789051808,-0.0002146784336,-0.003003730242,-0.003389262518,0.0003693762937,-0.003019886224,-0.003988211896,0.0008679130766,-0.003120298819,-0.003811817278,0.0001115637493,-0.003700253529,-0.003648591139,0.0002733057677,-0.003375285371,-0.003719707382,0.0001046422857,-0.003615065096,-0.002841504797,0.0001338620678,-0.002707642729,-0.004100818669,1.862999374e-05,-0.004082188675,-0.00393504918,0.0001516014723,-0.003783447707
4.9,-0.001149475913,0.0005674430625,-0.0005820328508,-0.001267455247,0.0001919129223,-0.001075542325,-0.002311078586,0.000455832713,-0.001855245873,-0.001589492475,0.0001000725281,-0.001489419947,-0.002112724585,0.000322352878,-0.001790371707,-0.001260765422,-5.754955585e-05,-0.001318314978,-0.001263355973,4.136199644e-05,-0.001221993977,-0.0009684458629,0.0001604140235,-0.0008080318395,-0.001227307723,1.01256122e-06,-0.001226295162,-0.001043685055,-3.749650774e-06,-0.001047434706,-0.001682130702,0.0005754964779,-0.001106634224,-0.002242124991,-0.0002615839868,-0.002503708978,-0.003168335043,-0.0002056708003,-0.003374005843,-0.002587185732,-0.0005313705097,-0.003118556242,-0.003336447295,-0.0003092590636,-0.003645706359,-0.003682480806,0.0002967321308,-0.003385748675,-0.003951692051,-5.47870546e-05,-0.004006479106,-0.003703494787,0.0004931054251,-0.003210389362,-0.004081488749,0.0003112272665,-0.003770261482,-0.0009562187939,0.0002642229636,-0.0006919958304,-0.000916365536,0.000164888498,-0.000751477038,-0.002263400419,0.0004228490585,-0.00184055136,-0.00135948619,0.0001812864446,-0.001178199745,-0.001329352926,0.0002569160612,-0.001072436864,-0.003602408651,-0.0002222041002,-0.003824612752,-0.001497639945,-4.334665749e-05,-0.001540986603,-0.00509177062,-0.0007221668308,-0.005813937451,-0.002863852143,-0.0002005598799,-0.003064412023,-0.003422599473,0.0003746176162,-0.003047981857,-0.00400573896,0.0008747096725,-0.003131029287,-0.003869541328,0.0001146838353,-0.003754857493,-0.003684075297,0.000278944254,-0.003405131043,-0.003784631393,0.0001117110369,-0.003672920356,-0.002867752676,0.0001326532852,-0.00273509939,-0.004141568989,2.138129063e-05,-0.004120187699,-0.003971323401,0.0001560802615,-0.003815243139
5.0,-0.001167059641,0.0005742498382,-0.0005928098026,-0.001296480198,0.0001961369541,-0.001100343244,-0.002356148618,0.0004544514757,-0.001901697142,-0.00162937126,0.0001010076662,-0.001528363594,-0.002149451589,0.0003270788566,-0.001822372732,-0.001269878391,-5.161752521e-05,-0.001321495916,-0.001298337979,4.65674343e-05,-0.001251770545,-0.001000809021,0.0001708058003,-0.0008300032207,-0.00127932041,3.834050918e-06,-0.001275486359,-0.001067935528,-3.341444787e-07,-0.001068269672,-0.001708672152,0.0005840938205,-0.001124578332,-0.002253157012,-0.0002653811086,-0.002518538121,-0.003216962047,-0.0002041527888,-0.003421114836,-0.002646902199,-0.0005241959649,-0.003171098164,-0.003392482566,-0.0003138584674,-0.003706341033,-0.003721278505,0.0002988723918,-0.003422406113,-0.003991059177,-5.320677064e-05,-0.004044265947,-0.003741155452,0.000507219404,-0.003233936047,-0.004109002121,0.000309552462,-0.003799449659,-0.0009705237978,0.0002732857526,-0.0006972380451,-0.0009411152359,0.0001674076548,-0.0007737075811,-0.002281687644,0.0004225688453,-0.001859118799,-0.001379293865,0.0001782407137,-0.001201053151,-0.001346891746,0.0002574005521,-0.001089491194,-0.003630449328,-0.0002166919366,-0.003847141265,-0.00154395361,-2.28378573e-05,-0.001566791467,-0.005154094027,-0.0007251900323,-0.005879284059,-0.00293499007,-0.0001856689757,-0.003120659045,-0.003452478113,0.0003801907838,-0.003072287329,-0.004018910965,0.0008805840129,-0.003138326952,-0.003922625934,0.0001178368404,-0.003804789093,-0.003716190156,0.0002846156989,-0.003431574457,-0.003843735977,0.0001176687161,-0.003726067261,-0.002890069221,0.0001316953293,-0.002758373892,-0.004179162148,2.476328736e-05,-0.004154398861,-0.00400395311,0.0001604282359,-0.003843524874
5.1,-0.001183618436,0.0005806651313,-0.0006029533046,-0.001322653456,0.000199933901,-0.001122719555,-0.002399782184,0.0004528433058,-0.001946938879,-0.001667073928,0.0001019516149,-0.001565122313,-0.002183921651,0.0003314588205,-0.001852462831,-0.001276884482,-4.57898892e-05,-0.001322674371,-0.001330731979,5.183018869e-05,-0.00127890179,-0.00103128952,0.0001811027651,-0.0008501867553,-0.001330105037,6.456968525e-06,-0.001323648068,-0.001090053446,3.027847998e-06,-0.001087025598,-0.001733729938,0.0005922845001,-0.001141445437,-0.002261527747,-0.0002694917151,-0.002531019462,-0.003261089699,-0.0002017671233,-0.003462856823,-0.002703684128,-0.0005165979829,-0.003220282111,-0.00344168204,-0.0003186153949,-0.003760297435,-0.003755193182,0.00030107612,-0.003454117062,-0.004025140998,-4.973732167e-05,-0.004074878319,-0.003774665877,0.0005208500227,-0.003253815854,-0.004132115978,0.0003079074997,-0.003824208478,-0.0009838560608,0.0002819968028,-0.0007018592581,-0.0009648009667,0.0001696678441,-0.0007951331226,-0.002299174391,0.0004223229607,-0.001876851431,-0.001398178569,0.0001747981011,-0.001223380468,-0.001363906379,0.0002577423116,-0.001106164068,-0.003654939018,-0.0002107210305,-0.003865660048,-0.001588107863,-2.622341408e-06,-0.001590730205,-0.005210272733,-0.0007265651913,-0.005936837924,-0.003002481782,-0.0001700248058,-0.003172506588,-0.003479042825,0.0003860883812,-0.003092954444,-0.004027941356,0.0008855518954,-0.003142389461,-0.003971087426,0.0001210211691,-0.003850066256,-0.003745049888,0.0002903381481,-0.00345471174,-0.003896839458,0.0001223610061,-0.003774478452,-0.002908613131,0.0001310012625,-0.002777611868,-0.004213718121,2.87366296e-05,-0.004184981492,-0.004033049846,0.0001646082873,-0.003868441559
5.2,-0.00119915841,0.0005867185542,-0.0006124398557,-0.001346036442,0.0002033083376,-0.001142728104,-0.002441943362,0.0004510394333,-0.001990903929,-0.0017025996,0.0001029125851,-0.001599687015,-0.00221624803,0.0003355118123,-0.001880736217,-0.001281899655,-4.006655089e-05,-0.001321966205,-0.001360618192,5.715004392e-05,-0.001303468149,-0.001059893165,0.0001912792713,-0.0008686138938,-0.001379741385,8.871863977e-06,-0.001370869521,-0.001110164789,6.323709992e-06,-0.001103841079,-0.001757389343,0.000600041828,-0.001157347515,-0.002267344754,-0.000273976938,-0.002541321692,-0.003300806125,-0.0001985568701,-0.003499362996,-0.002757518121,-0.0005086420251,-0.003266160146,-0.003484273251,-0.0003234129319,-0.003807686183,-0.003784265878,0.0003033417618,-0.003480924117,-0.004054070614,-4.440976222e-05,-0.004098480376,-0.003804103303,0.0005339281365,-0.003270175167,-0.004151008356,0.0003063076213,-0.003844700734,-0.000996300627,0.0002903426887,-0.0007059579383,-0.0009874467558,0.0001716776519,-0.0008157691039,-0.0023159822,0.0004221271837,-0.001893855016,-0.001416212714,0.0001709753482,-0.001245237365,-0.001380506466,0.0002579414304,-0.001122565036,-0.003676004064,-0.0002043300547,-0.003880334119,-0.001630094323,1.720120313e-05,-0.00161289312,-0.00526050262,-0.0007262521015,-0.005986754722,-0.003066364349,-0.0001536525172,-0.003220016867,-0.003502455723,0.000392295937,-0.003110159786,-0.004033075733,0.000889633354,-0.003143442379,-0.00401497813,0.0001242368795,-0.00389074125,-0.003770798774,0.0002961303957,-0.003474668379,-0.003943823028,0.0001256586591,-0.003818164369,-0.002923571096,0.0001305805681,-0.002792990528,-0.004245371453,3.3251932e-05,-0.004212119521,-0.004058739923,0.0001685875488,-0.003890152374
5.3,-0.001213708122,0.0005924431324,-0.0006212649897,-0.001366718192,0.0002062670935,-0.001160451099,-0.002482619262,0.000449073277,-0.002033545985,-0.001735972624,0.0001038974158,-0.001632075208,-0.002246560182,0.0003392587325,-0.001907301449,-0.001285061473,-3.444536682e-05,-0.00131950684,-0.001388093513,6.252704333e-05,-0.001325566469,-0.001086646387,0.0002013114522,-0.0008853349352,-0.001428320261,1.10690619e-05,-0.001417251199,-0.00112841183,9.543584006e-06,-0.001118868246,-0.001779751004,0.000607341342,-0.001172409662,-0.002270744215,-0.0002788940952,-0.00254963831,-0.003336202868,-0.0001945838891,-0.003530786757,-0.002808416174,-0.0005003973092,-0.003308813483,-0.003520524597,-0.0003281400459,-0.003848664643,-0.003808557412,0.0003056658125,-0.003502891599,-0.004078024916,-3.72651306e-05,-0.004115290047,-0.003829565391,0.0005463935698,-0.003283171821,-0.004165877837,0.0003047672481,-0.003861110589,-0.001007957435,0.0002983130909,-0.0007096443441,-0.001009092303,0.0001734465767,-0.0008356457259,-0.002332244048,0.0004219972819,-0.001910246766,-0.001433489784,0.0001667922299,-0.001266697554,-0.001396815647,0.0002579996348,-0.001138816012,-0.003693799355,-0.000197566058,-0.003891365413,-0.00166992417,3.653835265e-05,-0.001633385818,-0.005305016541,-0.000724229255,-0.006029245796,-0.003126686706,-0.0001365846228,-0.003263271329,-0.003522887839,0.0003987932718,-0.003124094568,-0.004034581356,0.0008928527482,-0.003141728608,-0.004054381212,0.0001274863428,-0.003926894869,-0.003793602487,0.0003020108258,-0.003491591661,-0.003984628362,0.0001274569239,-0.003857171438,-0.002935152219,0.0001304395852,-0.002804712634,-0.00427426369,3.825031222e-05,-0.004236013377,-0.004081158298,0.0001723376142,-0.003908820684
5.4,-0.001227316002,0.0005978749305,-0.0006294410714,-0.001384810663,0.0002088190044,-0.001175991659,-0.002521817895,0.0004469797412,-0.002074838154,-0.00176724007,0.0001049113856,-0.001662328685,-0.002274995454,0.0003427219079,-0.001932273546,-0.001286524783,-2.89225247e-05,-0.001315447308,-0.001413263134,6.796128433e-05,-0.00134530185,-0.001111594368,0.0002111771521,-0.0009004172156,-0.001475933814,1.303840615e-05,-0.001462895408,-0.001144943431,1.268023054e-05,-0.001132263201,-0.001800922469,0.0006141611444,-0.001186761324,-0.002271886283,-0.0002842927435,-0.002556179026,-0.003367369863,-0.000189925548,-0.003557295411,-0.002856406889,-0.0004919387502,-0.003348345639,-0.003550736311,-0.0003326938364,-0.003883430148,-0.003828144319,0.0003080423953,-0.003520101924,-0.004097214145,-2.835475256e-05,-0.004125568898,-0.003851162672,0.0005581968038,-0.003292965868,-0.004176935091,0.0003032996355,-0.003873635456,-0.001018937475,0.0003059006084,-0.0007130368667,-0.001029789368,0.0001749848463,-0.0008548045213,-0.00234809826,0.0004219488022,-0.001926149458,-0.001450119605,0.0001622714494,-0.001287848156,-0.001412967178,0.0002579202536,-0.001155046924,-0.003708500011,-0.0001904844133,-0.003898984425,-0.001707620584,5.530047126e-05,-0.001652320113,-0.005344076366,-0.0007204930793,-0.006064569445,-0.003183499413,-0.0001188624572,-0.00330236187,-0.003540510778,0.0004055561103,-0.003134954668,-0.004032736569,0.0008952387707,-0.003137497798,-0.004089404852,0.0001307748384,-0.003958630014,-0.003813638576,0.0003079960184,-0.003505642557,-0.004019251793,0.00012767388,-0.003891577913,-0.002943581115,0.0001305823982,-0.002812998717,-0.004300536217,4.366483175e-05,-0.004256871385,-0.00410044248,0.0001758342714,-0.003924608209
5.5,-0.001240047376,0.0006030525415,-0.0006369948341,-0.001400443574,0.0002109744047,-0.001189469169,-0.002559565842,0.0004447944506,-0.002114771391,-0.001796468997,0.0001059580257,-0.001690510971,-0.00230169208,0.0003459245674,-0.001955767513,-0.001286457322,-2.34929513e-05,-0.001309950274,-0.001436234243,7.3452678e-05,-0.001362781565,-0.001134798999,0.0002208558208,-0.0009139431784,-0.001522668774,1.476908054e-05,-0.001507899694,-0.00115990787,1.572880464e-05,-0.001144179066,-0.001821011935,0.0006204822083,-0.001200529726,-0.002270951833,-0.000290209627,-0.00256116146,-0.003394390853,-0.0001846713561,-0.003579062209,-0.002901527518,-0.0004833484478,-0.003384875965,-0.003575232077,-0.0003369809408,-0.003912213018,-0.003843115254,0.0003104630846,-0.003532652169,-0.004111871684,-1.77399474e-05,-0.004129611631,-0.003869011784,0.0005692997885,-0.003299711995,-0.004184394919,0.0003019165918,-0.003882478328,-0.001029359103,0.0003131006391,-0.000716258464,-0.001049598571,0.0001763032985,-0.0008732952726,-0.002363683354,0.0004219968702,-0.001941686484,-0.00146622483,0.0001574383321,-0.001308786498,-0.001429100321,0.0002577082102,-0.001171392111,-0.003720292201,-0.0001831481293,-0.00390344033,-0.001743211921,7.340580339e-05,-0.001669806117,-0.005377964186,-0.0007150560093,-0.006093020195,-0.003236846132,-0.000100537487,-0.003337383619,-0.003555490719,0.0004125574373,-0.003142933282,-0.004027822727,0.0008968244472,-0.00313099828,-0.00412017705,0.000134110795,-0.003986066255,-0.003831088128,0.0003140992294,-0.003516988899,-0.004047738486,0.0001262497466,-0.00392148874,-0.002949091431,0.0001310121605,-0.002818079271,-0.004324325542,4.942320455e-05,-0.004274902337,-0.004116729077,0.0001790579678,-0.003937671109
5.6,-0.001251981801,0.0006080163522,-0.0006439654487,-0.00141375986,0.0002127444035,-0.001201015457,-0.002595906492,0.0004425530336,-0.002153353458,-0.001823744189,0.0001070390036,-0.001716705186,-0.002326785085,0.000348890326,-0.001977894759,-0.001285036106,-1.81506457e-05,-0.001303186751,-0.001457113078,7.900075026e-05,-0.001378112328,-0.00115633712,0.0002303285486,-0.0009260085718,-0.001568603778,1.62496149e-05,-0.001552354163,-0.00117344941,1.868661245e-05,-0.001154762798,-0.001840125386,0.0006262886816,-0.001213836704,-0.002268140635,-0.0002966639642,-0.002564804599,-0.00341734021,-0.0001789201714,-0.003596260381,-0.002943818174,-0.0004747164279,-0.003418534602,-0.003594352054,-0.0003409180073,-0.003935270061,-0.003853568886,0.000312917248,-0.003540651638,-0.004122245945,-5.491562044e-06,-0.004127737507,-0.003883231541,0.0005796759855,-0.003303555555,-0.004188470766,0.0003006283246,-0.003887842441,-0.001039345073,0.0003199112628,-0.0007194338102,-0.00106858724,0.0001774132112,-0.0008911740291,-0.002379134607,0.0004221559143,-0.001956978693,-0.00148193912,0.0001523203529,-0.001329618767,-0.001445357985,0.0002573700042,-0.001187987981,-0.00372936516,-0.0001756260662,-0.003904991227,-0.001776727527,9.078014793e-05,-0.001685947379,-0.005406974771,-0.0007079440428,-0.006114918813,-0.003286758966,-8.167198114e-05,-0.003368430947,-0.003567985398,0.0004197682417,-0.003148217156,-0.004020119676,0.0008976472371,-0.003122472438,-0.00414684179,0.0001375055844,-0.004009336206,-0.003846129768,0.0003203288835,-0.003525800884,-0.004070179084,0.000123148088,-0.003947030996,-0.002951921007,0.0001317325797,-0.002820188427,-0.004345761637,5.545155536e-05,-0.004290310082,-0.004130153887,0.0001819951919,-0.003948158695
5.7,-0.001263211124,0.0006128076937,-0.0006504034302,-0.001424912462,0.0002141401535,-0.001210772309,-0.002630899166,0.000440290552,-0.002190608615,-0.001849166691,0.0001081541497,-0.001741012541,-0.002350405423,0.0003516427799,-0.001998762643,-0.001282444966,-1.288890328e-05,-0.001295333869,-0.00147600532,8.460452378e-05,-0.001391400796,-0.001176299181,0.0002395782931,-0.000936720888,-0.001613810334,1.7468065e-05,-0.001596342269,-0.00118570834,2.155284621e-05,-0.001164155494,-0.00185836692,0.000631568153,-0.001226798767,-0.002263670157,-0.0003036542737,-0.00256732443,-0.003436282088,-0.0001727780504,-0.003609060138,-0.002983319137,-0.0004661403163,-0.003449459453,-0.003608447652,-0.0003444315106,-0.003952879163,-0.003859613775,0.0003153931285,-0.003544220646,-0.004128594883,8.310256708e-06,-0.004120284626,-0.003893942719,0.0005893101142,-0.003304632605,-0.004189372517,0.0002994434912,-0.003889929026,-0.001049020533,0.0003263330959,-0.000722687437,-0.001086828498,0.000178326046,-0.0009085024521,-0.002394582459,0.0004224393111,-0.001972143148,-0.001497406674,0.0001469465892,-0.001350460085,-0.001461885555,0.000256913702,-0.001204971853,-0.003735906224,-0.0001679898556,-0.00390389608,-0.001808196907,0.0001073574333,-0.001700839474,-0.005431410383,-0.0006991944813,-0.006130604865,-0.003333258224,-6.233871205e-05,-0.003395596936,-0.003578143906,0.000427157794,-0.003150986111,-0.004009904398,0.000897749285,-0.003112155113,-0.004169556742,0.0001409730647,-0.004028583678,-0.003858936236,0.000326687205,-0.003532249031,-0.004086708714,0.0001183580403,-0.003968350673,-0.002952308859,0.0001327490496,-0.002819559809,-0.004364968415,6.167835095e-05,-0.004303290064,-0.004140854869,0.0001846399042,-0.003956214965
5.8,-0.001273838293,0.0006174680338,-0.0006563702594,-0.001434062646,0.0002151723177,-0.001218890328,-0.002664618997,0.000438041077,-0.00222657792,-0.001872853048,0.0001093016119,-0.001763551437,-0.002372681673,0.0003542052401,-0.002018476433,-0.001278873165,-7.700482431e-06,-0.001286573648,-0.001493018876,9.026246736e-05,-0.001402756409,-0.001194788266,0.0002485902233,-0.0009461980431,-0.001658356145,1.841232834e-05,-0.001639943816,-0.001196823315,2.432830694e-05,-0.001172495008,-0.001875841248,0.0006363118634,-0.001239529385,-0.002257774203,-0.0003111572004,-0.002568931403,-0.003451272426,-0.0001663562586,-0.003617628685,-0.003020071576,-0.0004577236042,-0.00347779518,-0.003617877571,-0.0003474577993,-0.003965335371,-0.003861370098,0.0003178796317,-0.003543490466,-0.004131183198,2.357632683e-05,-0.004107606871,-0.003901271082,0.0005981980004,-0.003303073081,-0.004187307201,0.0002983694372,-0.003888937764,-0.00105851198,0.0003323692012,-0.0007261427792,-0.001104401449,0.0001790532151,-0.0009253482334,-0.00241015243,0.0004228591052,-0.001987293325,-0.001512782344,0.0001413471851,-0.001371435159,-0.001478830486,0.0002563489311,-0.001222481555,-0.003740099473,-0.0001603097269,-0.0039004092,-0.001837651768,0.0001230803938,-0.001714571374,-0.005451577449,-0.0006888546511,-0.0061404321,-0.003376355627,-4.261987776e-05,-0.003418975505,-0.003586108519,0.0004346938593,-0.00315141466,-0.003997451617,0.0008971776573,-0.00310027396,-0.004188492218,0.000144529101,-0.004043963117,-0.00386967312,0.0003331691617,-0.003536503959,-0.004097506862,0.0001118959887,-0.003985610874,-0.002950493453,0.000134069075,-0.002816424378,-0.004382064892,6.803751267e-05,-0.00431402738,-0.004148976347,0.0001869938815,-0.003961982466
5.9,-0.001283976616,0.0006220382515,-0.0006619383643,-0.001441379469,0.0002158507323,-0.001225528737,-0.002697157124,0.0004358373322,-0.002261319791,-0.001894934894,0.0001104780594,-0.001784456835,-0.002393743029,0.0003566005567,-0.002037142472,-0.001274514641,-2.577783002e-06,-0.001277092424,-0.001508267593,9.597248641e-05,-0.001412295107,-0.001211919261,0.0002573520777,-0.0009545671831,-0.001702309042,1.907059868e-05,-0.001683238444,-0.001206934434,2.701517841e-05,-0.001179919255,-0.001892656875,0.0006405149068,-0.001252141968,-0.002250700554,-0.0003191284209,-0.002569828975,-0.003462363458,-0.0001597688718,-0.00362213233,-0.003054120877,-0.0004495726365,-0.003503693514,-0.003623004212,-0.0003499438743,-0.003972948086,-0.003858972465,0.0003203683786,-0.003538604086,-0.00413028202,4.020919977e-05,-0.00409007282,-0.003905351994,0.0006063464545,-0.003299005539,-0.004182481413,0.0002974125797,-0.003885068833,-0.001067946847,0.0003380251079,-0.0007299217392,-0.001121391941,0.0001796059753,-0.0009417859654,-0.002425965786,0.0004234259165,-0.002002539869,-0.001528231326,0.0001355528801,-0.001392678446,-0.001496341929,0.0002556868023,-0.001240655126,-0.003742127273,-0.0001526498683,-0.003894777141,-0.001865129538,0.0001379012352,-0.001727228303,-0.005467783803,-0.000676982024,-0.006144765827,-0.003416059088,-2.260575791e-05,-0.003438664846,-0.003592017148,0.0004423431171,-0.003149674031,-0.003983034746,0.0008959842438,-0.003087050502,-0.004203830585,0.0001481911009,-0.004055639484,-0.003878498792,0.0003397619609,-0.003538736831,-0.004102796919,0.000103805853,-0.003998991066,-0.002946711641,0.0001357020648,-0.002811009576,-0.004397166139,7.447024892e-05,-0.00432269589,-0.004154672299,0.000189065268,-0.003965607031
6.0,-0.001293748932,0.0006265579636,-0.0006671909685,-0.001447039544,0.0002161841303,-0.001230855414,-0.002728620584,0.0004337103428,-0.002294910241,-0.001915558336,0.0001116788805,-0.001803879456,-0.002413721962,0.0003588509811,-0.00205487098,-0.001269567263,2.486947031e-06,-0.001267080316,-0.00152187416,0.0001017319433,-0.001420142217,-0.001227817888,0.0002658544789,-0.0009619634087,-0.00174573956,1.943194851e-05,-0.001726307611,-0.001216185258,2.961689892e-05,-0.001186568359,-0.001908928175,0.0006441764494,-0.001264751725,-0.00224270697,-0.0003275052608,-0.002570212231,-0.003469609366,-0.0001531299713,-0.003622739337,-0.003085520654,-0.0004417928851,-0.003527313539,-0.003624189547,-0.000351848477,-0.003976038024,-0.003852572396,0.0003228553531,-0.003529717043,-0.004126169771,5.810432119e-05,-0.00406806545,-0.003906334366,0.0006137727562,-0.003292561609,-0.004175103963,0.0002965789359,-0.003878525027,-0.001077453043,0.0003433088469,-0.0007341441961,-0.001137893047,0.0001799953915,-0.0009578976554,-0.002442139803,0.0004241489464,-0.002017990856,-0.001543927381,0.0001295946377,-0.001414332743,-0.001514569613,0.0002549396531,-0.00125962996,-0.00374217295,-0.0001450644336,-0.003887237384,-0.001890676627,0.0001517821103,-0.001738894516,-0.005480335524,-0.0006636453877,-0.006143980912,-0.003452377238,-2.393312615e-06,-0.00345477055,-0.003596004519,0.0004500718725,-0.003145932646,-0.003966925365,0.0008942251213,-0.003072700243,-0.004215764887,0.0001519774228,-0.004063787464,-0.003885564484,0.0003464453089,-0.003539119176,-0.004102844678,9.415802901e-05,-0.004008686649,-0.002941197483,0.0001376587089,-0.002803538775,-0.004410383624,8.09256486e-05,-0.004329457976,-0.004158106707,0.0001908654365,-0.003967241271
6.1,-0.001303286153,0.0006310649258,-0.0006722212276,-0.001451226058,0.0002161798782,-0.00123504618,-0.002759131163,0.0004316890939,-0.002327442069,-0.001934882532,0.000112898377,-0.001821984155,-0.002432754775,0.0003609780547,-0.00207177672,-0.001264231395,7.501385518e-06,-0.001256730009,-0.001533970391,0.000107537698,-0.001426432693,-0.001242619296,0.000274091146,-0.0009685281499,-0.001788720063,1.948694708e-05,-0.001769233116,-0.001224721925,3.213808435e-05,-0.001192583841,-0.001924774487,0.0006472999102,-0.001277474576,-0.002234055151,-0.0003362103788,-0.002570265529,-0.003473071084,-0.0001465510133,-0.003619622097,-0.003114335425,-0.0004344849818,-0.003548820407,-0.003621789237,-0.0003531430949,-0.003974932332,-0.003842339008,0.0003253416878,-0.00351699732,-0.004119131653,7.715082683e-05,-0.004041980826,-0.003904381724,0.0006205035034,-0.00328387822,-0.00416538708,0.0002958747461,-0.003869512334,-0.001087157655,0.0003482308402,-0.0007389268153,-0.001154004269,0.0001802322263,-0.0009737720422,-0.002458786443,0.0004250359215,-0.002033750522,-0.001560048699,0.0001235034313,-0.001436545267,-0.001533661345,0.0002541205864,-0.001279540758,-0.003740422273,-0.0001375952254,-0.003878017498,-0.001914349695,0.0001646953975,-0.001749654298,-0.00548953253,-0.0006489262956,-0.006138458825,-0.00348532224,1.791551254e-05,-0.003467406728,-0.003598200392,0.0004578470326,-0.003140353359,-0.003949389455,0.0008919594101,-0.003057430045,-0.004224495389,0.0001559064724,-0.004068588917,-0.003891013465,0.0003531924351,-0.00353782103,-0.004097954814,8.304730898e-05,-0.004014907505,-0.00293417997,0.0001399500042,-0.002794229966,-0.004421824274,8.736027452e-05,-0.004334464,-0.004159450048,0.000192404972,-0.003967045076
6.2,-0.001312724668,0.0006355945621,-0.0006771301063,-0.001454126155,0.0002158438274,-0.001238282327,-0.002788822538,0.0004298001993,-0.002359022339,-0.001953076855,0.0001141299554,-0.001838946899,-0.002450978621,0.0003630025195,-0.002087976102,-0.001258707093,1.247286192e-05,-0.001246234231,-0.001544693575,0.0001133861357,-0.001431307439,-0.001256465839,0.000282058887,-0.0009744069518,-0.001831319203,1.922818136e-05,-0.001812091021,-0.001232688195,3.458439833e-05,-0.001198103797,-0.001940315099,0.0006498929999,-0.001290422099,-0.002225002175,-0.0003451561322,-0.002570158307,-0.003472818609,-0.0001401388359,-0.003612957445,-0.003140640667,-0.0004277407119,-0.003568381379,-0.003616143777,-0.0003538129952,-0.003969956773,-0.003828456838,0.0003278335569,-0.003500623281,-0.004109455122,9.723124844e-05,-0.004012223873,-0.003899668914,0.0006265730505,-0.003273095864,-0.004153544663,0.0002953070405,-0.003858237622,-0.001097184274,0.0003528035822,-0.0007443806913,-0.001169828842,0.000180326722,-0.0009895021198,-0.00247600886,0.0004260929765,-0.002049915884,-0.001576771287,0.0001173102007,-0.001459461087,-0.001553758926,0.000253242929,-0.001300515997,-0.003737061866,-0.0001302710683,-0.003867332935,-0.001936213626,0.0001766239001,-0.001759589726,-0.005495661825,-0.000632920265,-0.00612858209,-0.003514909688,3.821589786e-05,-0.00347669379,-0.00359872424,0.0004656371896,-0.003133087051,-0.003930679689,0.0008892476939,-0.003041431995,-0.004230223348,0.0001599954336,-0.004070227915,-0.003894978511,0.000359971624,-0.003535006887,-0.004088464185,7.059000463e-05,-0.00401787418,-0.002925878753,0.0001425859448,-0.002783292808,-0.004431587558,9.373728975e-05,-0.004337850269,-0.004158872322,0.0001936898219,-0.0039651825
6.3,-0.001322202419,0.0006401795852,-0.0006820228336,-0.001455926356,0.000215180326,-0.00124074603,-0.002817835557,0.0004280675392,-0.002389768018,-0.001970316475,0.000115366271,-0.001854950204,-0.002468524891,0.000364944201,-0.00210358069,-0.001253189741,1.740798566e-05,-0.001235781755,-0.001554179151,0.0001192731422,-0.001434906009,-0.001269503899,0.0002897572578,-0.0009797466411,-0.001873592484,1.865061805e-05,-0.001854941866,-0.001240217093,3.696230997e-05,-0.001203254783,-0.001955660796,0.0006519675694,-0.001303693227,-0.002215789676,-0.0003542492951,-0.002570038971,-0.003468930324,-0.0001339942557,-0.00360292458,-0.003164520117,-0.0004216391004,-0.003586159218,-0.003607567034,-0.0003538581923,-0.003961425226,-0.003811120599,0.0003303413838,-0.003480779215,-0.004097421068,0.0001182203207,-0.003979200748,-0.003892374484,0.0006320219321,-0.003260352552,-0.004139787056,0.0002948840419,-0.003844903015,-0.001107649055,0.0003570412091,-0.0007506078457,-0.001185469318,0.0001802884035,-0.001005180914,-0.002493896188,0.0004273245854,-0.002066571603,-0.001594260917,0.0001110458714,-0.001483215045,-0.001574993018,0.0002523197877,-0.00132267323,-0.003732274117,-0.0001231080454,-0.003855382163,-0.001956336052,0.000187561022,-0.00176877503,-0.005498988205,-0.0006157373218,-0.006114725526,-0.003541155126,5.840238923e-05,-0.003482752737,-0.003597677644,0.0004734135131,-0.003124264131,-0.00391102511,0.0008861500298,-0.00302487508,-0.004233142684,0.0001642588323,-0.004068883852,-0.003897577658,0.0003667478966,-0.003530829761,-0.004074731825,5.69203553e-05,-0.00401781147,-0.002916497876,0.0001455739212,-0.002770923955,-0.004439760881,0.0001000258689,-0.004339735013,-0.004156534148,0.0001947184967,-0.003961815651
6.4,-0.001331854038,0.000644849588,-0.0006870044498,-0.001456806549,0.0002141922914,-0.001242614258,-0.002846312331,0.0004265118315,-0.0024198005,-0.001986776821,0.0001165992844,-0.001870177537,-0.002485510804,0.0003668218014,-0.002118689003,-0.001247864684,2.23121847e-05,-0.001225552499,-0.001562551996,0.0001251940239,-0.001437357972,-0.001281880057,0.0002971879267,-0.0009846921306,-0.001915572018,1.775185671e-05,-0.001897820161,-0.0012474218,3.927876724e-05,-0.001208143032,-0.001970904556,0.0006535393064,-0.001317365249,-0.002206632704,-0.0003633954805,-0.002570028184,-0.003461489947,-0.0001282111346,-0.003589701082,-0.003186061411,-0.0004162428622,-0.003602304273,-0.003596334742,-0.0003532937214,-0.003949628463,-0.003790527834,0.0003328785575,-0.003457649276,-0.004083293595,0.0001399839144,-0.00394330968,-0.003882670728,0.0006368954142,-0.003245775314,-0.004124313482,0.0002946153647,-0.003829698117,-0.001118656255,0.000360959067,-0.0007576971881,-0.001201022345,0.0001801260077,-0.001020896338,-0.002512517896,0.0004287335471,-0.002083784349,-0.001612665412,0.0001047412617,-0.00150792415,-0.001597478007,0.0002513637845,-0.001346114223,-0.00372622981,-0.0001161099288,-0.003842339739,-0.001974779967,0.0001975107682,-0.001777269199,-0.005499744541,-0.0005975011299,-0.006097245671,-0.003564068618,7.837100096e-05,-0.003485697617,-0.003595137024,0.0004811501893,-0.003113986835,-0.003890621157,0.0008827237003,-0.003007897457,-0.004233431452,0.0001687072098,-0.004064724242,-0.003898909273,0.0003734845198,-0.003525424754,-0.004057127429,4.218659194e-05,-0.004014940837,-0.00290621847,0.0001489168761,-0.002757301594,-0.004446414528,0.0001062012203,-0.004340213308,-0.004152578059,0.0001954808902,-0.003957097169
6.5,-0.001341805944,0.0006496305235,-0.0006921754202,-0.001456933775,0.0002128812382,-0.001244052536,-0.002874390357,0.0004251501862,-0.00244924017,-0.00200262792,0.0001178202678,-0.001884807653,-0.002502032,0.0003686526118,-0.002133379388,-0.001242901947,2.718923375e-05,-0.001215712713,-0.001569919285,0.0001311434242,-0.001438775861,-0.001293737219,0.0003043539594,-0.0009893832599,-0.001957258932,1.653235521e-05,-0.001940726577,-0.001254388913,4.154084654e-05,-0.001212848066,-0.001986114379,0.0006546273456,-0.001331487033,-0.002197710725,-0.0003725028645,-0.00257021359,-0.003450582371,-0.0001228761135,-0.003573458484,-0.003205351752,-0.0004115955643,-0.003616947316,-0.003582676017,-0.0003521486412,-0.003934824658,-0.003766871231,0.0003354598216,-0.003431411409,-0.004067311794,0.0001623788165,-0.003904932977,-0.003870714317,0.0006412419918,-0.003229472325,-0.004107304341,0.0002945119299,-0.003812792412,-0.001130294095,0.0003645732732,-0.0007657208215,-0.001216573781,0.0001798474763,-0.001036726305,-0.002531919082,0.000430320883,-0.002101598199,-0.001632108862,9.842678388e-05,-0.001533682078,-0.001621307931,0.0002503869055,-0.001370921026,-0.003719080807,-0.0001092685626,-0.003828349369,-0.00199159686,0.0002064873035,-0.001785109556,-0.00549812469,-0.0005783461835,-0.006076470873,-0.003583650072,9.80212143e-05,-0.003485628858,-0.003591149158,0.000488824363,-0.003102324795,-0.003869622862,0.0008790210927,-0.00299060177,-0.004231245057,0.0001733459473,-0.00405789911,-0.003899048079,0.0003801441542,-0.003518903925,-0.004036021531,2.654772551e-05,-0.004009473805,-0.002895192067,0.000152611435,-0.002742580632,-0.004451597657,0.0001122448907,-0.004339352766,-0.004147122247,0.0001959590954,-0.003951163151
6.6,-0.001352172351,0.0006545441423,-0.0006976282091,-0.001456457083,0.0002112472861,-0.001245209796,-0.00290219773,0.0004239957563,-0.002478201973,-0.002018029514,0.0001190198584,-0.001899009655,-0.002518158204,0.0003704522307,-0.002147705974,-0.001238452041,3.204085341e-05,-0.001206411188,-0.001576366914,0.000137115294,-0.00143925162,-0.001305211242,0.0003112592597,-0.0009939519827,-0.001998620504,1.499564684e-05,-0.001983624857,-0.001261175873,4.375540711e-05,-0.001217420465,-0.002001330027,0.0006552538084,-0.001346076218,-0.00218916203,-0.0003814855612,-0.002570647591,-0.0034362899,-0.0001180690657,-0.003554358966,-0.003222475059,-0.0004077197334,-0.003630194792,-0.003566769606,-0.0003504638352,-0.003917233441,-0.003740332284,0.0003380996194,-0.003402232665,-0.004049684742,0.0001852532127,-0.00386443153,-0.003856639819,0.0006451116868,-0.003211528132,-0.004088915542,0.0002945855196,-0.003794330022,-0.001142631606,0.0003679002088,-0.0007747313967,-0.001232194949,0.0001794598977,-0.001052735051,-0.002552117612,0.0004320855205,-0.002120032091,-0.001652688535,9.213199189e-05,-0.001560556543,-0.001646554121,0.0002494003998,-0.001397153721,-0.003710954929,-0.0001025640782,-0.003813519008,-0.002006822321,0.0002145139633,-0.001792308358,-0.005494280419,-0.0005584137743,-0.006052694193,-0.003599887308,0.0001172578515,-0.003482629456,-0.003585730761,0.0004964157567,-0.003089315004,-0.003848142536,0.0008750880512,-0.002973054485,-0.004226712272,0.0001781741338,-0.004048538138,-0.00389804341,0.0003866896928,-0.003511353717,-0.004011779762,1.017216109e-05,-0.004001607601,-0.002883536011,0.0001566463717,-0.002726889639,-0.004455336616,0.000118144962,-0.004337191654,-0.004140258689,0.0001961304549,-0.003944128234
6.7,-0.001363052832,0.0006596075357,-0.0007034452963,-0.001455504215,0.0002092892481,-0.001246214967,-0.002929849977,0.0004230575588,-0.002506792419,-0.002033127487,0.0001201882191,-0.001912939268,-0.002533932706,0.000372234361,-0.002161698345,-0.001234643417,3.68664101e-05,-0.001197777007,-0.001581959909,0.0001431029356,-0.001438856974,-0.00131642835,0.0003179082545,-0.0009985200952,-0.002039592233,1.314852189e-05,-0.002026443711,-0.001267812696,4.592876658e-05,-0.001221883929,-0.002016563902,0.000655443264,-0.001361120638,-0.002181081711,-0.0003902670701,-0.002571348781,-0.00341869008,-0.0001138640097,-0.00353255409,-0.00323751127,-0.0004046159726,-0.003642127242,-0.003548745127,-0.0003482892017,-0.003897034328,-0.003711077315,0.0003408107591,-0.003370266556,-0.004030588864,0.0002084474435,-0.003822141421,-0.003840557192,0.0006485543081,-0.003192002884,-0.004069275973,0.0002948480018,-0.003774427972,-0.001155716818,0.0003709560047,-0.0007847608132,-0.001247940499,0.0001789694221,-0.001068971077,-0.002573103473,0.0004340238375,-0.002139079636,-0.001674474457,8.588510627e-05,-0.001588589351,-0.001673264662,0.0002484147288,-0.001424849933,-0.003701954194,-9.596488407e-05,-0.003797919078,-0.002020475104,0.0002216218808,-0.001798853223,-0.005488322023,-0.0005378481236,-0.006026170147,-0.003612757249,0.0001359925731,-0.003476764676,-0.003578872051,0.0005039061793,-0.003074965872,-0.003826251633,0.0008709628163,-0.002955288816,-0.004219934307,0.0001831835944,-0.004036750713,-0.003895920208,0.0003930849969,-0.003502835211,-0.00398476141,-6.761798367e-06,-0.003991523208,-0.002871331683,0.0001610015112,-0.002710330171,-0.004457636369,0.0001238961336,-0.004333740236,-0.004132056177,0.0001959724303,-0.003936083747
6.8,-0.001374531546,0.0006648328341,-0.000709698712,-0.001454180263,0.0002070048478,-0.001247175415,-0.002957448483,0.0004223404456,-0.002535108038,-0.002048051706,0.0001213152727,-0.001926736434,-0.002549375225,0.0003740106912,-0.002175364534,-0.001231581668,4.166271401e-05,-0.001189918954,-0.001586746166,0.0001490991015,-0.001437647065,-0.001327503387,0.0003243057859,-0.001003197601,-0.002080083931,1.100117495e-05,-0.002069082756,-0.001274307104,4.806645981e-05,-0.001226240644,-0.002031805296,0.0006552221484,-0.001376583147,-0.002173523087,-0.0003987834919,-0.002572306578,-0.003397855491,-0.0001103303343,-0.003508185825,-0.003250537756,-0.0004022630589,-0.003652800815,-0.003528688812,-0.0003456807716,-0.003874369584,-0.003679256089,0.0003436035828,-0.003335652506,-0.004010166733,0.0002317949236,-0.003778371809,-0.003822553118,0.0006516178892,-0.003170935229,-0.004048488235,0.0002953103806,-0.003753177855,-0.001169576408,0.0003737562007,-0.0007958202073,-0.001263847959,0.0001783812802,-0.001085466679,-0.00259484023,0.0004361292819,-0.002158710948,-0.001697511072,7.971260543e-05,-0.001617798466,-0.001701465425,0.0002474395779,-0.001454025847,-0.003692156645,-8.942765363e-05,-0.003781584298,-0.002032559588,0.0002278484837,-0.001804711105,-0.005480321753,-0.0005167936723,-0.005997115426,-0.003622229954,0.00015414486,-0.003468085094,-0.00357054316,0.0005112789633,-0.003059264196,-0.003803985767,0.0008666755984,-0.002937310169,-0.004210986692,0.0001883583963,-0.004022628295,-0.003892682379,0.0003992955614,-0.003493386818,-0.003955320958,-2.406462032e-05,-0.003979385579,-0.002858625479,0.000165647009,-0.00269297847,-0.004458485092,0.000129499914,-0.004328985178,-0.004122566658,0.0001954678022,-0.003927098856
6.9,-0.001386677817,0.0006702269748,-0.0007164508419,-0.001452567924,0.0002043910502,-0.001248176874,-0.00298508011,0.0004218451762,-0.002563234934,-0.002062915073,0.000122390946,-0.001940524127,-0.002564487103,0.0003757908374,-0.002188696266,-0.001229350214,4.642392561e-05,-0.001182926288,-0.001590762269,0.0001550961403,-0.001435666128,-0.001338538844,0.0003304571487,-0.001008081696,-0.002119988237,8.567349997e-06,-0.002111420887,-0.001280651633,5.017316095e-05,-0.001230478472,-0.002047026665,0.0006546182198,-0.001392408446,-0.002166501989,-0.0004069857294,-0.002573487718,-0.003373855578,-0.000107534071,-0.003481389649,-0.003261632393,-0.0004006188951,-0.003662251288,-0.003506652666,-0.0003426979418,-0.003849350607,-0.00364500271,0.0003464855838,-0.003298517126,-0.003988527354,0.0002551236527,-0.003733403701,-0.00380269512,0.0006543472639,-0.003148347856,-0.004026631959,0.000295981915,-0.003730650044,-0.001184216629,0.0003763156634,-0.0008079009652,-0.001279938711,0.0001776999366,-0.001102238774,-0.002617268017,0.000438392193,-0.002178875824,-0.001721819993,7.363890468e-05,-0.001648181088,-0.001731162079,0.0002464838733,-0.001484678206,-0.003681621025,-8.289815717e-05,-0.003764519183,-0.002043070802,0.0002332359597,-0.001809834842,-0.00547031908,-0.0004953938476,-0.005965712928,-0.003628274923,0.0001716425722,-0.00345663235,-0.003560701582,0.0005185182486,-0.003042183333,-0.003781351586,0.0008622488538,-0.002919102732,-0.004199923234,0.0001936750097,-0.004006248224,-0.003888317611,0.0004052889811,-0.00348302863,-0.003923810843,-4.153471289e-05,-0.003965345556,-0.002845432203,0.0001705432255,-0.002674888978,-0.004457861173,0.0001349650197,-0.004322896153,-0.004111832318,0.0001946084726,-0.003917223846
7.0,-0.001399547479,0.0006757914659,-0.0007237560129,-0.00145072877,0.0002014444726,-0.001249284297,-0.003012817432,0.0004215685937,-0.002591248839,-0.002077813444,0.0001234054115,-0.001954408032,-0.002579257355,0.0003775823615,-0.002201674993,-0.001228011937,5.114159172e-05,-0.001176870345,-0.001594039795,0.0001610861883,-0.001432953606,-0.001349624416,0.000336368213,-0.001013256203,-0.002159189586,5.864468934e-06,-0.002153325117,-0.001286830981,5.225277099e-05,-0.00123457821,-0.00206219023,0.0006536600848,-0.001408530145,-0.002160002744,-0.0004148400798,-0.002574842823,-0.00334676042,-0.0001055383598,-0.003452298779,-0.003270877468,-0.0003996220031,-0.003670499471,-0.003482665158,-0.000339400774,-0.003822065932,-0.003608438149,0.0003494614283,-0.00325897672,-0.00396574833,0.0002782589186,-0.003687489411,-0.00378103679,0.0006567826333,-0.003124254156,-0.004003768596,0.0002968695081,-0.003706899088,-0.001199625017,0.0003786486431,-0.0008209763742,-0.001296219786,0.0001769292508,-0.001119290535,-0.002640307123,0.0004407997599,-0.002199507363,-0.001747402766,6.768614344e-05,-0.001679716623,-0.001762342382,0.0002455557225,-0.00151678666,-0.003670392294,-7.631421035e-05,-0.003746706504,-0.002052000421,0.0002378296527,-0.001814170768,-0.005458327039,-0.0004737907852,-0.005932117824,-0.003630868337,0.000188422119,-0.003442446218,-0.00354929879,0.0005256081293,-0.00302369066,-0.003758333888,0.0008576981432,-0.002900635744,-0.004186780859,0.0001991030486,-0.00398767781,-0.003882802527,0.0004110352358,-0.003471767292,-0.003890584075,-5.89586437e-05,-0.003949542718,-0.002831740328,0.0001756415227,-0.002656098805,-0.00445574099,0.0001403076757,-0.004315433314,-0.004099891647,0.0001933971622,-0.003906494485
7.1,-0.001413184366,0.0006815221823,-0.000731662184,-0.001448704783,0.0001981618628,-0.00125054292,-0.003040718911,0.0004215039247,-0.002619214986,-0.002092825849,0.0001243493498,-0.001968476499,-0.002593667887,0.0003793908976,-0.002214276989,-0.001227611052,5.580479864e-05,-0.001171806253,-0.001596610325,0.0001670613849,-0.00142954894,-0.001360836795,0.0003420455458,-0.001018791249,-0.002197571286,2.913654738e-06,-0.002194657632,-0.001292827626,5.430856761e-05,-0.001238519058,-0.002077252936,0.0006523767529,-0.001424876183,-0.002153984418,-0.0004223271291,-0.002576311547,-0.003316645594,-0.0001044021923,-0.003421047786,-0.00327836313,-0.0003991933019,-0.003677556432,-0.003456741125,-0.0003358473545,-0.00379258848,-0.003569673514,0.000352533369,-0.003217140145,-0.003941879157,0.0003010270301,-0.003640852127,-0.003757622334,0.0006589582004,-0.003098664133,-0.003979946255,0.0002979774524,-0.003681968802,-0.001215772181,0.0003807687843,-0.0008350033966,-0.001312685642,0.0001760725281,-0.001136613114,-0.002663861065,0.0004433360174,-0.002220525048,-0.001774242487,6.1874144e-05,-0.001712368343,-0.001794977957,0.0002446622422,-0.001550315714,-0.003658505688,-6.961110493e-05,-0.003728116793,-0.002059341866,0.000241676393,-0.001817665473,-0.005444339012,-0.0004521249089,-0.005896463921,-0.003629999056,0.0002044282169,-0.003425570839,-0.003536284307,0.0005325318221,-0.003003752485,-0.003734901103,0.0008530332589,-0.002881867844,-0.004171583948,0.0002046064255,-0.003966977523,-0.003876107052,0.0004165069998,-0.003459600052,-0.003855995872,-7.611199699e-05,-0.003932107869,-0.002817518156,0.0001808859453,-0.00263663221,-0.004452105393,0.000145551316,-0.004306554077,-0.004086783469,0.000191847253,-0.003894936216
7.2,-0.001427621229,0.0006874092819,-0.000740211947,-0.001446519401,0.0001945405842,-0.001251978817,-0.003068828343,0.0004216411682,-0.002647187174,-0.00210801434,0.0001252142096,-0.001982800131,-0.002607696141,0.0003812203717,-0.002226475769,-0.001228174405,6.040038459e-05,-0.00116777402,-0.001598507375,0.0001730140584,-0.001425493317,-0.001372239325,0.0003474964045,-0.00102474292,-0.002235018528,-2.604354477e-07,-0.002235278963,-0.001298623853,5.63432999e-05,-0.001242280553,-0.00209216798,0.0006507971597,-0.00144137082,-0.002148385808,-0.0004294395095,-0.002577825317,-0.003283596495,-0.0001041772837,-0.003387773779,-0.003284188616,-0.0003992383254,-0.003683426942,-0.003428888454,-0.0003320915378,-0.003760979992,-0.003528812734,0.0003557018704,-0.003173110864,-0.003916943473,0.0003232589853,-0.003593684488,-0.003732488681,0.0006609012064,-0.003071587475,-0.003955203073,0.0002993074918,-0.003655895581,-0.001232613006,0.0003826890371,-0.0008499239692,-0.001329319092,0.0001751324921,-0.0011541866,-0.002687818271,0.0004459819093,-0.002241836361,-0.001802303446,5.622057371e-05,-0.001746082872,-0.0018290249,0.0002438093309,-0.001585215569,-0.003645988107,-6.272819049e-05,-0.003708716298,-0.002065092689,0.0002448229197,-0.00182026977,-0.005428334594,-0.000430533816,-0.00585886841,-0.003625671098,0.0002196133534,-0.003406057745,-0.003521606143,0.0005392710416,-0.002982335101,-0.003711007629,0.0008482593716,-0.002862748257,-0.004154346924,0.0002101448064,-0.003944202118,-0.003868196795,0.0004216800432,-0.003446516752,-0.003820403384,-9.27605993e-05,-0.003913163983,-0.002802719479,0.0001862153795,-0.002616504099,-0.00444694322,0.0001507256006,-0.004296217619,-0.004072547656,0.0001899810138,-0.003882566642
7.3,-0.001442879454,0.0006934372833,-0.0007494421706,-0.001444177374,0.0001905789955,-0.001253598378,-0.003097173078,0.0004219674806,-0.002675205597,-0.002123422873,0.0001259923797,-0.001997430493,-0.002621314047,0.0003830732361,-0.00223824081,-0.001229711598,6.491315871e-05,-0.001164798439,-0.001599764283,0.0001789368357,-0.001420827447,-0.001383881232,0.0003527284915,-0.001031152741,-0.00227141638,-3.629968173e-06,-0.002275046348,-0.001304199395,5.835918744e-05,-0.001245840207,-0.002106882152,0.0006489496596,-0.001457932492,-0.002143127884,-0.0004361795197,-0.002579307404,-0.003247710575,-0.000104903605,-0.00335261418,-0.003288459772,-0.0003996502866,-0.003688110058,-0.003399110038,-0.0003281814501,-0.003727291488,-0.003485953322,0.0003589661645,-0.003126987158,-0.0038909384,0.0003447933383,-0.003546145062,-0.003705663941,0.000662631574,-0.003043032367,-0.003929567836,0.0003008590185,-0.003628708817,-0.001250086949,0.00038442152,-0.0008656654291,-0.001346090924,0.0001741112894,-0.001171979634,-0.00271205204,0.000448715502,-0.002263336538,-0.001831528829,5.074121857e-05,-0.001780787611,-0.001864423069,0.0002430014997,-0.001621421569,-0.003632856517,-5.561493646e-05,-0.003688471454,-0.002069253238,0.0002473146115,-0.001821938627,-0.005410282671,-0.0004091508234,-0.005819433495,-0.003617901184,0.0002339370712,-0.003383964113,-0.003505207746,0.0005458056632,-0.002959402083,-0.00368659276,0.0008433780836,-0.002843214676,-0.004135074359,0.0002156752465,-0.003919399112,-0.003859032794,0.0004265335708,-0.003432499224,-0.003784162447,-0.0001086626244,-0.003892825071,-0.00278728754,0.0001915658184,-0.002595721721,-0.00444025119,0.000155865041,-0.004284386149,-0.004057221462,0.0001878262116,-0.003869395251
7.4,-0.001458967482,0.0006995852958,-0.000759382186,-0.001441663294,0.0001862766231,-0.001255386671,-0.003125761138,0.0004224674899,-0.002703293649,-0.002139075174,0.0001266772153,-0.002012397959,-0.002634483811,0.0003849506396,-0.002249533171,-0.001232213958,6.932612339e-05,-0.001162887834,-0.001600408939,0.0001848226712,-0.001415586268,-0.001395796412,0.0003577494566,-0.001038046955,-0.002306644262,-7.164419895e-06,-0.002313808681,-0.001309525917,6.035784185e-05,-0.001249168075,-0.002121330234,0.0006468615322,-0.001474468702,-0.002138113903,-0.0004425571601,-0.002580671063,-0.003209097219,-0.0001066043669,-0.003315701586,-0.003291282914,-0.0004003141394,-0.003691597053,-0.003367401606,-0.0003241586818,-0.003691560288,-0.003441184805,0.0003623245968,-0.003078860209,-0.003863831035,0.0003654784721,-0.003498352563,-0.003677162463,0.0006641619407,-0.003013000522,-0.003903057562,0.0003026291623,-0.003600428399,-0.001268117532,0.000385977331,-0.000882140201,-0.001362958397,0.0001730105364,-0.00118994786,-0.002736419298,0.0004515123143,-0.002284906984,-0.001861837675,4.545019274e-05,-0.001816387483,-0.001901094549,0.0002422418505,-0.001658852698,-0.003619113728,-4.823579264e-05,-0.003667349521,-0.002071822031,0.0002491945075,-0.001822627524,-0.00539014095,-0.0003881037079,-0.005778244658,-0.003606711875,0.0002473649341,-0.003359346941,-0.003487023228,0.0005521135278,-0.002934909701,-0.003661577629,0.0008383882413,-0.002823189388,-0.00411375895,0.0002211537915,-0.003892605158,-0.003848569072,0.0004310503305,-0.003417518741,-0.003747621261,-0.0001235720341,-0.003871193295,-0.002771157079,0.0001968725776,-0.002574284501,-0.004432030661,0.0001610072286,-0.004271023433,-0.004040832289,0.0001854116242,-0.003855420664
7.5,-0.001475878497,0.000705827375,-0.0007700511224,-0.001438939486,0.0001816340962,-0.00125730539,-0.003154578072,0.0004231235759,-0.002731454496,-0.002154972252,0.0001272629567,-0.002027709296,-0.002647152758,0.000386852526,-0.002260300232,-0.001235653011,7.362072463e-05,-0.001162032286,-0.001600457961,0.0001906648248,-0.001409793136,-0.001408002106,0.0003625662775,-0.001045435828,-0.00234057023,-1.083113586e-05,-0.002351401365,-0.001314561291,6.234012119e-05,-0.001252221169,-0.002135429261,0.0006445585103,-0.001490870751,-0.002133229043,-0.0004485883205,-0.002581817363,-0.003167876216,-0.0001092813806,-0.003277157596,-0.003292756792,-0.000401111318,-0.00369386811,-0.0033337476,-0.0003200578954,-0.003653805496,-0.003394585677,0.0003657747713,-0.003028810905,-0.003835553911,0.0003851745877,-0.003450379323,-0.003646978677,0.0006654977261,-0.002981480951,-0.003875673402,0.0003046126735,-0.003571060728,-0.001286611625,0.0003873662342,-0.0008992453911,-0.001379863474,0.0001718312991,-0.001208032175,-0.002760759327,0.0004543456376,-0.002306413689,-0.001893122708,4.035997719e-05,-0.001852762731,-0.001938942296,0.000241532209,-0.001697410087,-0.003604742961,-4.057356133e-05,-0.003645316522,-0.002072789716,0.000250502302,-0.001822287414,-0.00536785329,-0.000367513776,-0.005735367066,-0.00359212321,0.0002598669947,-0.003332256215,-0.003466973417,0.0005581701453,-0.002908803271,-0.003635862578,0.0008332864185,-0.00280257616,-0.004090378847,0.0002265368469,-0.003863842,-0.003836749523,0.0004352164191,-0.003401533104,-0.003711112193,-0.0001372429957,-0.003848355189,-0.002754255113,0.0002020722069,-0.002552182906,-0.004422282773,0.0001661904442,-0.004256092329,-0.004023389938,0.0001827629418,-0.003840626996
7.6,-0.001493588334,0.0007121330241,-0.0007814553103,-0.001435944414,0.0001766529204,-0.001259291494,-0.003183584626,0.0004239162026,-0.002759668423,-0.002171090437,0.0001277446478,-0.00204334579,-0.002659249763,0.0003887777194,-0.002270472043,-0.001239979414,7.777713292e-05,-0.001162202281,-0.001599912924,0.0001964568276,-0.001403456097,-0.001420497938,0.0003671847096,-0.001053313228,-0.002373048182,-1.459593409e-05,-0.002387644116,-0.001319246389,6.430591637e-05,-0.001254940472,-0.002149075241,0.0006420643131,-0.001507010928,-0.002128341416,-0.0004542928196,-0.002582634235,-0.003124175903,-0.0001129117972,-0.0032370877,-0.003292965009,-0.0004019245895,-0.003694889599,-0.003298117128,-0.0003159069647,-0.003614024092,-0.003346220368,0.0003693135166,-0.002976906851,-0.003806001924,0.0004037552777,-0.003402246646,-0.003615082765,0.0006666372282,-0.002948445537,-0.003847397256,0.0003068017797,-0.003540595476,-0.001305459235,0.0003885962202,-0.0009168630149,-0.001396731761,0.0001705739575,-0.001226157803,-0.00278489378,0.0004571868163,-0.002327706963,-0.001925250283,3.548133325e-05,-0.00188976895,-0.001977849884,0.0002408733976,-0.001736976486,-0.003589703515,-3.263078902e-05,-0.003622334304,-0.002072133953,0.0002512731259,-0.001820860827,-0.005343347413,-0.0003474951526,-0.005690842566,-0.003574146439,0.0002714159063,-0.003302730533,-0.003444964826,0.0005639482895,-0.002881016536,-0.003609327179,0.0008280672672,-0.002781259912,-0.004064896115,0.0002317822894,-0.003833113825,-0.003823505807,0.0004390207611,-0.003384485046,-0.003674943726,-0.0001494344601,-0.003824378186,-0.002736501307,0.0002071037398,-0.002529397567,-0.004411003996,0.000171450864,-0.004239553132,-0.004004881685,0.0001799006796,-0.003824981006
7.7,-0.001512054348,0.0007184678708,-0.0007935864771,-0.001432592647,0.0001713352383,-0.001261257409,-0.003212715952,0.0004248243351,-0.002787891617,-0.002187380645,0.0001281181186,-0.002059262527,-0.002670684804,0.000390724043,-0.002279960761,-0.001245123038,8.177452856e-05,-0.00116334851,-0.001598759992,0.0002021924517,-0.00139656754,-0.001433265642,0.0003716089548,-0.001061656687,-0.002403919274,-1.842371346e-05,-0.002422342987,-0.001323505627,6.625391642e-05,-0.001257251711,-0.002162143554,0.0006394001972,-0.001522743356,-0.002123305293,-0.0004596925092,-0.002582997802,-0.003078131299,-0.0001174469949,-0.003195578294,-0.003291970608,-0.0004026425175,-0.003694613125,-0.003260461009,-0.0003117281116,-0.00357218912,-0.003296137505,0.0003729366633,-0.002923200841,-0.003775032603,0.0004211080761,-0.003353924527,-0.003581420425,0.0006675720655,-0.00291384836,-0.003818191151,0.0003091863587,-0.003509004792,-0.001324534373,0.0003896731132,-0.0009348612599,-0.001413472835,0.0001692380708,-0.001244234764,-0.002808628743,0.0004600056067,-0.002348623136,-0.001958062819,3.082321236e-05,-0.001927239606,-0.002017682796,0.0002402656462,-0.00177741715,-0.003573929482,-2.442898261e-05,-0.003598358464,-0.002069817052,0.0002515363635,-0.001818280688,-0.005316534907,-0.0003281543702,-0.005644689277,-0.003552781963,0.0002819850593,-0.003270796904,-0.003420892448,0.0005694177937,-0.002851474654,-0.00358183392,0.0008227240365,-0.002759109884,-0.004037257449,0.0002368504089,-0.00380040704,-0.003808757268,0.0004424542893,-0.003366302978,-0.003639394382,-0.000159914432,-0.003799308814,-0.00271780875,0.0002119093491,-0.002505899401,-0.004398183634,0.0001768199883,-0.004221363646,-0.003985271714,0.000176840686,-0.003808431028
7.8,-0.001531215544,0.0007247944627,-0.0008064210812,-0.001428776914,0.0001656837065,-0.001263093208,-0.00324188253,0.0004258259051,-0.002816056625,-0.002203769096,0.0001283800159,-0.00207538908,-0.002681351837,0.0003926884741,-0.002288663362,-0.001250994522,8.559138725e-05,-0.001165403135,-0.001596972858,0.0002078657036,-0.001389107154,-0.001446269628,0.0003758416113,-0.001070428016,-0.002433017219,-2.227898679e-05,-0.002455296206,-0.001327250997,6.818146181e-05,-0.001259069535,-0.002174492853,0.0006365846104,-0.001537908242,-0.002117966579,-0.0004648097483,-0.002582776327,-0.003029882144,-0.0001228137981,-0.003152695943,-0.003289813642,-0.0004031632166,-0.003692976859,-0.00322071043,-0.0003075402604,-0.00352825069,-0.00324437002,0.0003766386589,-0.002867731361,-0.003742469783,0.0004371330355,-0.003305336748,-0.003545917352,0.0006682881814,-0.00287762917,-0.003788000081,0.0003117545652,-0.003476245516,-0.001343697219,0.000390600431,-0.0009530967878,-0.001429982157,0.0001678223978,-0.001262159759,-0.002831758863,0.0004627707096,-0.002368988153,-0.001991383368,2.639272588e-05,-0.001964990642,-0.002058291205,0.0002397091056,-0.001818582099,-0.003557332041,-1.60061226e-05,-0.003573338164,-0.002065787052,0.0002513149524,-0.001814472099,-0.005287313954,-0.0003095904842,-0.005596904438,-0.003528021666,0.0002915471116,-0.003236474554,-0.003394645995,0.0005745458362,-0.002820100159,-0.003553235342,0.0008172494352,-0.002735985907,-0.004007397292,0.0002417047046,-0.003765692587,-0.003792413128,0.0004455089768,-0.003346904151,-0.003604709407,-0.000168464171,-0.003773173578,-0.002698085957,0.0002164350345,-0.002481650923,-0.004383803887,0.0001823228558,-0.004201481031,-0.003964504466,0.000173596635,-0.003790907831
7.9,-0.001550993897,0.0007310730856,-0.0008199208115,-0.001424372134,0.0001597015205,-0.001264670613,-0.00327097263,0.0004268982918,-0.002844074338,-0.002220159388,0.0001285278553,-0.002091631533,-0.002691134306,0.000394667327,-0.002296466979,-0.001257488208,8.920581304e-05,-0.001168282395,-0.001594518108,0.0002134708711,-0.001381047237,-0.001459458321,0.0003798838887,-0.001079574432,-0.002460176218,-2.612627529e-05,-0.002486302493,-0.001330388466,7.008457862e-05,-0.001260303888,-0.002185971488,0.0006336330274,-0.001552338461,-0.002112170296,-0.000469666123,-0.002581836419,-0.002979571074,-0.0001289175595,-0.003108488634,-0.003286511839,-0.0004033972418,-0.003689909081,-0.003178777847,-0.0003033621697,-0.003482140017,-0.003190936973,0.0003804121022,-0.002810524871,-0.003708109516,0.0004517391426,-0.003256370374,-0.003508487439,0.0006687672786,-0.002839720161,-0.003756757663,0.0003144936782,-0.003442263984,-0.001362797391,0.0003913795425,-0.000971417848,-0.001446144258,0.0001663250695,-0.001279819188,-0.002854072926,0.0004654503914,-0.002388622535,-0.002025021489,2.219515349e-05,-0.002002826335,-0.002099513751,0.00023920435,-0.001860309401,-0.003539804675,-7.413312515e-06,-0.003547217987,-0.002059981778,0.0002506253526,-0.001809356425,-0.005255574293,-0.00029189567,-0.005547469963,-0.003499854869,0.0003000733036,-0.003199781566,-0.003366118245,0.0005792976271,-0.002786820618,-0.003523383572,0.0008116369079,-0.002711746664,-0.003975242654,0.0002463124127,-0.003728930242,-0.003774376598,0.0004481769902,-0.003326199608,-0.003571099653,-0.0001748828394,-0.003745982493,-0.00267724057,0.000220631839,-0.002456608731,-0.004367842339,0.0001879772933,-0.004179865045,-0.003942510374,0.0001701833731,-0.003772327001
8.0,-0.001571296613,0.0007372625932,-0.0008340340196,-0.001419240864,0.0001533925451,-0.001265848319,-0.003299855874,0.0004280188399,-0.002871837034,-0.002236435638,0.0001285601175,-0.002107875521,-0.002699912074,0.0003966564889,-0.002303255585,-0.001264486085,9.259596458e-05,-0.00117189012,-0.001591361579,0.0002190026423,-0.001372358936,-0.001472766086,0.0003837360138,-0.001089030072,-0.002485239693,-2.993039109e-05,-0.002515170084,-0.001332825182,7.195818024e-05,-0.001260867002,-0.002196424952,0.0006305579622,-0.00156586699,-0.002105769338,-0.0004742810129,-0.002580050351,-0.002927342109,-0.0001356463962,-0.003062988505,-0.003282063676,-0.0004032696955,-0.003685333372,-0.003134560612,-0.0002992154017,-0.003433776014,-0.00313584644,0.0003842472401,-0.0027515992,-0.003671727454,0.0004648400306,-0.003206887423,-0.003469042795,0.0006689883442,-0.002800054451,-0.003724393168,0.0003173907434,-0.003407002425,-0.001381677831,0.0003920099701,-0.0009896678613,-0.001461836601,0.0001647437853,-0.001297092816,-0.002875359943,0.0004680130059,-0.002407346937,-0.002058779406,1.823397435e-05,-0.002040545431,-0.002141181698,0.0002387527632,-0.001902428935,-0.003521230516,1.288786828e-06,-0.00351994173,-0.002052334621,0.0002494780027,-0.001802856618,-0.005221204029,-0.0002751558041,-0.005496359833,-0.003468276534,0.000307533849,-0.003160742685,-0.003335213625,0.0005836371304,-0.002751576494,-0.003492140614,0.0008058821845,-0.002686258429,-0.003940718551,0.0002506445975,-0.003690073953,-0.003754550084,0.0004504502013,-0.003304099883,-0.00353874132,-0.0001789927459,-0.003717734066,-0.002655184431,0.0002244573892,-0.002430727042,-0.004350275919,0.000193793999,-0.00415648192,-0.003919212368,0.0001666201141,-0.003752592254
8.1,-0.001592018955,0.000743321331,-0.0008486976237,-0.001413239327,0.0001467614999,-0.001266477827,-0.00332838732,0.0004291654254,-0.002899221895,-0.002252466175,0.0001284764194,-0.002123989756,-0.002707568254,0.0003986517259,-0.002308916528,-0.001271862107,9.574054301e-05,-0.001176121564,-0.001587474076,0.0002244562626,-0.001363017814,-0.001486115414,0.000387397673,-0.001098717741,-0.00250806778,-3.365671047e-05,-0.002541724491,-0.001334475642,7.379633426e-05,-0.001260679308,-0.002205702588,0.0006273690803,-0.001578333508,-0.002098632955,-0.0004786700132,-0.002577302968,-0.002873338779,-0.0001428760875,-0.003016214866,-0.003276452527,-0.0004027218162,-0.003679174343,-0.003087946821,-0.0002951261696,-0.003383072991,-0.003079098731,0.0003881314576,-0.002690967273,-0.003633087497,0.0004763508814,-0.003156736615,-0.003427503352,0.0006689290122,-0.002758574339,-0.003690838182,0.0003204325803,-0.003370405602,-0.00140017871,0.0003924896921,-0.001007689017,-0.001476933408,0.000163075969,-0.001313857439,-0.002895414721,0.0004704273416,-0.002424987379,-0.002092457426,1.45109791e-05,-0.002077946447,-0.002183122742,0.000238356768,-0.001944765974,-0.003501491097,1.003334073e-05,-0.003491457756,-0.002042780549,0.0002478780146,-0.001794902534,-0.005184097944,-0.0002594501547,-0.005443548099,-0.003433295524,0.0003138992961,-0.003119396228,-0.003301855207,0.0005875276235,-0.002714327584,-0.003459387111,0.000799984648,-0.002659402463,-0.003903752877,0.0002546758253,-0.003649077051,-0.003732840408,0.0004523201409,-0.003280520267,-0.00350777503,-0.0001806449074,-0.003688419937,-0.002631838785,0.0002278771386,-0.002403961646,-0.004331084687,0.0001997768444,-0.004131307843,-0.003894531624,0.000162932851,-0.003731598774
8.2,-0.001613047058,0.000749208176,-0.0008638388825,-0.00140622306,0.0001398141294,-0.001266408931,-0.003356411334,0.0004303170038,-0.00292609433,-0.00226810717,0.0001282777086,-0.002139829461,-0.002713994326,0.0004006490137,-0.002313345312,-0.001279486115,9.861924051e-05,-0.001180866874,-0.00158283482,0.0002298276571,-0.001353007163,-0.001499419047,0.0003908683144,-0.001108550733,-0.002528541607,-3.727152181e-05,-0.002565813129,-0.001335265152,7.559251523e-05,-0.001259672636,-0.002213661876,0.0006240733513,-0.001589588525,-0.00209065288,-0.0004828437099,-0.00257349659,-0.002817700646,-0.0001504753689,-0.002968176015,-0.003269650426,-0.0004017121283,-0.003671362554,-0.003038821777,-0.0002911256828,-0.00332994746,-0.003020689154,0.0003920487957,-0.002628640358,-0.003591950877,0.000486187251,-0.003105763626,-0.003383804089,0.0006685667438,-0.002715237345,-0.003656031154,0.000323604938,-0.003332426216,-0.001418140766,0.000392815446,-0.00102532532,-0.001491308735,0.0001613189699,-0.001329989765,-0.002914042007,0.0004726628882,-0.002441379119,-0.002125857711,1.10265296e-05,-0.002114831181,-0.002225163822,0.0002380199206,-0.001987143902,-0.003480474751,1.874990653e-05,-0.003461724844,-0.002031260834,0.0002458260204,-0.001785434813,-0.005144166198,-0.0002448494463,-0.005389015644,-0.003394940369,0.0003191424904,-0.003075797879,-0.003265988645,0.0005909322853,-0.00267505636,-0.003425027482,0.0007939481335,-0.002631079348,-0.003864279831,0.000258383715,-0.003605896116,-0.003709162903,0.0004537783404,-0.003255384563,-0.003478303395,-0.0001797243297,-0.003658027725,-0.002607138054,0.0002308650297,-0.002376273024,-0.004310253736,0.0002059228557,-0.004104330881,-0.003868391008,0.0001591557082,-0.0037092353
8.3,-0.001634260035,0.0007548835443,-0.0008793764907,-0.001398051266,0.0001325572278,-0.001265494038,-0.003383764659,0.000431454031,-0.002952310628,-0.002283205591,0.0001279663824,-0.002155239209,-0.002719092349,0.000402644813,-0.002316447536,-0.001287226715,0.0001012130733,-0.001186013641,-0.001577431642,0.0002351134719,-0.00134231817,-0.001512581791,0.0003941472231,-0.001118434568,-0.002546563508,-4.074245977e-05,-0.002587305968,-0.001335129798,7.733983975e-05,-0.001257789958,-0.002220169476,0.000620675234,-0.001599494242,-0.00208174585,-0.0004868070104,-0.00256855286,-0.002760557697,-0.000158311172,-0.002918868869,-0.003261620609,-0.0004002169525,-0.003661837562,-0.002987073383,-0.0002872494606,-0.003274322843,-0.002960609443,0.0003959794572,-0.002564629986,-0.003548084283,0.0004942656364,-0.003053818646,-0.003337898501,0.0006678798826,-0.002670018619,-0.003619918791,0.0003268910083,-0.003293027783,-0.001435407743,0.0003929830751,-0.001042424668,-0.001504838336,0.0001594703862,-0.00134536795,-0.002931058693,0.0004746901226,-0.00245636857,-0.002158786123,7.779923576e-06,-0.0021510062,-0.002267132666,0.0002377469147,-0.002029385751,-0.003458082117,2.736555997e-05,-0.003430716557,-0.002017725247,0.000243319105,-0.001774406142,-0.00510134102,-0.0002314124763,-0.005332753496,-0.003353260738,0.0003232407916,-0.003030019947,-0.003227582564,0.0005938150268,-0.002633767537,-0.003388990843,0.0007877812421,-0.002601209601,-0.003822241502,0.0002617487204,-0.003560492781,-0.003683443667,0.0004548169159,-0.003228626751,-0.003450387471,-0.0001761540649,-0.003626541536,-0.002581031349,0.0002334039422,-0.002347627407,-0.004287772624,0.0002122218775,-0.004075550747,-0.003840715188,0.0001553312909,-0.003685383897
8.4,-0.001655530997,0.0007603101541,-0.0008952208428,-0.001388589425,0.0001249983881,-0.001263591037,-0.003410278607,0.0004325587044,-0.002977719902,-0.002297601319,0.0001275462955,-0.002170055024,-0.002722774374,0.0004046362411,-0.002318138133,-0.001294953003,0.0001035046115,-0.001191448391,-0.001571258461,0.0002403110366,-0.001330947425,-0.001525502005,0.0003972334318,-0.001128268573,-0.002562054314,-4.403899943e-05,-0.002606093313,-0.001334013851,7.903129361e-05,-0.001254982558,-0.002225099891,0.0006171769021,-0.001607922989,-0.002071853179,-0.0004905586394,-0.002562411819,-0.002702023637,-0.0001662531749,-0.002868276812,-0.003252318766,-0.0003982301167,-0.003650548882,-0.00293259603,-0.0002835363119,-0.003216132342,-0.002898847445,0.0003998992196,-0.002498948226,-0.003501266215,0.0005005055732,-0.003000760642,-0.003289758311,0.0006668485587,-0.002622909752,-0.003582454504,0.0003302697732,-0.003252184731,-0.001451827874,0.0003929878414,-0.001058840032,-0.001517400389,0.0001575284373,-0.001359871951,-0.002946294377,0.0004764807692,-0.002469813608,-0.002191052933,4.769713552e-06,-0.002186283219,-0.002308858408,0.0002375435364,-0.002071314872,-0.003434227268,3.58048711e-05,-0.003398422397,-0.002002131449,0.0002403516495,-0.0017617798,-0.005055579649,-0.0002191821304,-0.005274761779,-0.003308324753,0.0003261781905,-0.002982146563,-0.003186626551,0.0005961414908,-0.00259048506,-0.003351229339,0.0007814975092,-0.00256973183,-0.003777588075,0.0002647542817,-0.003512833793,-0.00365562014,0.0004554292098,-0.00320019093,-0.003424043373,-0.0001698972879,-0.00359394066,-0.002553481995,0.0002354864321,-0.002317995563,-0.004263633149,0.0002186563352,-0.004044976814,-0.003811427795,0.0001515103638,-0.003659917431
8.5,-0.001676727366,0.0007654534468,-0.0009112739194,-0.001377710641,0.0001171454997,-0.001260565142,-0.003435780919,0.0004336150636,-0.003002165856,-0.002311128798,0.0001270227171,-0.002184106081,-0.002724960615,0.0004066211595,-0.002318339456,-0.001302535584,0.0001054781588,-0.001197057426,-0.001564311951,0.0002454182792,-0.001318893672,-0.001538072983,0.0004001255946,-0.001137947388,-0.002574950218,-4.713298699e-05,-0.002622083205,-0.001331866783,8.065991611e-05,-0.001251206867,-0.002228333808,0.0006135784719,-0.001614755336,-0.002060939325,-0.0004940904966,-0.002555029822,-0.002642189825,-0.0001741774039,-0.002816367229,-0.003241693775,-0.0003957618884,-0.003637455663,-0.002875293903,-0.0002800271126,-0.003155321016,-0.002835385757,0.0004037788172,-0.00243160694,-0.003451291695,0.0005048327727,-0.002946458922,-0.003239371164,0.0006654554145,-0.00257391575,-0.003543595522,0.0003337146162,-0.003209880906,-0.001467254822,0.0003928245868,-0.001074430235,-0.001528875669,0.0001554922377,-0.001373383431,-0.002959591277,0.0004780079335,-0.002481583343,-0.002222473737,1.993869373e-06,-0.002220479867,-0.00235017215,0.0002374166102,-0.00211275554,-0.003408835206,4.398967346e-05,-0.003364845533,-0.001984442804,0.0002369159208,-0.001747526883,-0.005006864022,-0.0002081815277,-0.005215045549,-0.00326021418,0.0003279469805,-0.0029322672,-0.003143128998,0.0005978800738,-0.002545248924,-0.003311716349,0.0007751155123,-0.002536600836,-0.003730277768,0.0002673872068,-0.003462890561,-0.003625641118,0.0004556103738,-0.003170030744,-0.003399240132,-0.0001609575494,-0.003560197681,-0.002524466162,0.0002371158404,-0.002287350322,-0.004237827053,0.0002252015144,-0.004012625539,-0.00378044755,0.0001477514068,-0.003632696143
8.6,-0.001697711327,0.0007702817544,-0.0009274295729,-0.001365296794,0.0001090062101,-0.001256290584,-0.00346009811,0.0004346090145,-0.003025489096,-0.002323618867,0.0001264023157,-0.002197216551,-0.002725578425,0.0004085982275,-0.002316980198,-0.001309847619,0.0001071198898,-0.001202727729,-0.001556589489,0.0002504336258,-0.001306155863,-0.001550184502,0.000402821917,-0.001147362585,-0.002585201432,-4.999916802e-05,-0.0026352006,-0.001328641939,8.221890888e-05,-0.00124642303,-0.002229757993,0.0006098781845,-0.001619879809,-0.002048991017,-0.0004973870332,-0.00254637805,-0.002581121244,-0.000181969088,-0.002763090332,-0.00322968895,-0.0003928372704,-0.00362252622,-0.002815084662,-0.0002767632636,-0.003091847926,-0.002770200729,0.000407583486,-0.002362617243,-0.003397975853,0.0005071823058,-0.002890793547,-0.003186738808,0.0006636861808,-0.002523052627,-0.003503300704,0.0003371924,-0.003166108304,-0.001481548629,0.0003924877698,-0.001089060859,-0.001539147948,0.0001533619538,-0.001385785994,-0.002970804601,0.0004792461378,-0.002491558463,-0.00225287163,-5.501877487e-07,-0.002253421818,-0.002390908225,0.0002373739823,-0.002153534243,-0.003381837642,5.183910197e-05,-0.00332999854,-0.001964626641,0.0002330023903,-0.001731624251,-0.004955199171,-0.0001984109822,-0.005153610153,-0.003209020045,0.0003285487829,-0.002880471262,-0.003097116679,0.000599002959,-0.00249811372,-0.003270446127,0.0007686586559,-0.002501787471,-0.003680277526,0.0002696380004,-0.003410639526,-0.003593467363,0.000455357889,-0.003138109474,-0.00337589932,-0.0001493780952,-0.003525277415,-0.002493971899,0.0002383075085,-0.002255664391,-0.004210344982,0.0002318265698,-0.003978518412,-0.003747685988,0.0001441206557,-0.003603565332
8.7,-0.001718341171,0.0007747663945,-0.000943574776,-0.001351240453,0.0001005876016,-0.001250652851,-0.003483058785,0.0004355283062,-0.003047530479,-0.002334901207,0.0001256931739,-0.002209208033,-0.002724563321,0.0004105669391,-0.002313996382,-0.001316766389,0.0001084179337,-0.001208348455,-0.001548089498,0.0002553558966,-0.001292733601,-0.001561724707,0.0004053201877,-0.00115640452,-0.002592773534,-5.261562399e-05,-0.002645389158,-0.001324297737,8.37017178e-05,-0.001240596019,-0.002229267535,0.0006060725632,-0.001623194972,-0.002036017303,-0.0005004249242,-0.002536442227,-0.002518855424,-0.0001895248078,-0.002708380232,-0.003216244431,-0.00038949395,-0.003605738381,-0.00275190383,-0.0002737849262,-0.003025688756,-0.002703262934,0.0004112728264,-0.002291990107,-0.003341157241,0.0005075010784,-0.002833656163,-0.003131877323,0.0006615300578,-0.002470347265,-0.003461530269,0.0003406629218,-0.003120867347,-0.001494577143,0.0003919715831,-0.001102605559,-0.0015481051,0.0001511389788,-0.001396966121,-0.002979804026,0.0004801714028,-0.002499632623,-0.002282080796,-2.865587453e-06,-0.002284946383,-0.002430906461,0.0002374245406,-0.002193481921,-0.00335316909,5.926980338e-05,-0.003293899287,-0.001942654447,0.0002285998729,-0.001714054574,-0.004900611852,-0.0001898466661,-0.005090458518,-0.003154840293,0.0003279948098,-0.002826845483,-0.003048636673,0.0005994871769,-0.002449149496,-0.003227435047,0.0007621544241,-0.002465280623,-0.00362756499,0.0002715009668,-0.003356064023,-0.003559073465,0.0004546720714,-0.003104401393,-0.003353896796,-0.000135240909,-0.003489137705,-0.002461999389,0.0002390897392,-0.00222290965,-0.004181177204,0.0002384961882,-0.003942681016,-0.003713048682,0.000140692821,-0.003572355861
8.8,-0.001738473762,0.0007788818343,-0.0009595919281,-0.001335447868,9.189618165e-05,-0.001243551686,-0.003504497919,0.0004363624777,-0.003068135441,-0.002344807488,0.0001249048007,-0.002219902687,-0.002721862106,0.0004125276362,-0.00230933447,-0.00132317558,0.0001093624525,-0.001213813128,-0.001538814007,0.0002601842203,-0.001278629787,-0.001572582327,0.0004076179551,-0.001164964372,-0.002597651117,-5.496401025e-05,-0.002652615127,-0.001318801072,8.510219918e-05,-0.001233698872,-0.002226770163,0.0006021566304,-0.001624613533,-0.002022050041,-0.000503173148,-0.002525223189,-0.002455405082,-0.0001967535583,-0.00265215864,-0.00320130067,-0.0003857802977,-0.003587080968,-0.002685710053,-0.0002711289212,-0.002956838974,-0.002634539484,0.0004148010481,-0.002219738436,-0.003280701273,0.0005057493723,-0.002774951901,-0.003074819573,0.0006589797095,-0.002415839864,-0.003418247732,0.0003440785992,-0.003074169133,-0.001506218055,0.0003912702956,-0.001114947759,-0.001555640988,0.0001488262163,-0.001406814771,-0.002986476255,0.0004807614489,-0.002505714806,-0.002309951029,-4.956000235e-06,-0.002314907029,-0.002470015278,0.000237578191,-0.002232437087,-0.003322764959,6.619639136e-05,-0.003256568568,-0.001918504316,0.0002236955867,-0.00169480873,-0.004843150354,-0.0001824412228,-0.005025591577,-0.003097779847,0.0003263053405,-0.002771474506,-0.002997760036,0.0005993156123,-0.002398444423,-0.003182723947,0.0007556332839,-0.002427090663,-0.003572131742,0.0002729741383,-0.003299157604,-0.003522450971,0.0004535566231,-0.003068894348,-0.003333067104,-0.0001186652554,-0.003451732359,-0.002428562441,0.0002395041021,-0.002189058339,-0.00415031568,0.0002451725398,-0.003905143141,-0.003676440242,0.0001375517824,-0.003538888459
8.9,-0.001757967926,0.0007826059648,-0.0009753619609,-0.001317842737,8.293813847e-05,-0.001234904598,-0.003524261698,0.0004371028191,-0.003087158879,-0.002353175026,0.0001240481423,-0.002229126884,-0.002717437315,0.0004144815124,-0.002302955803,-0.001328968105,0.0001099458047,-0.0012190223,-0.001528772495,0.0002649180066,-0.001263854488,-0.001582649076,0.0004097128498,-0.001172936226,-0.002599842484,-5.702956822e-05,-0.002656872052,-0.001312131838,8.641492791e-05,-0.00122571691,-0.002222191616,0.0005981242367,-0.001624067379,-0.002007144218,-0.0005055935006,-0.002512737719,-0.002390764489,-0.0002035762549,-0.002594340743,-0.003184802508,-0.0003817537443,-0.003566556252,-0.002616491289,-0.0002688260831,-0.002885317372,-0.00256399801,0.0004181176578,-0.002145880353,-0.003216503414,0.0005019014076,-0.002714602007,-0.003015618989,0.0006560307195,-0.002359588269,-0.00337342376,0.000347384478,-0.003026039282,-0.001516361276,0.0003903787405,-0.001125982535,-0.001561657808,0.0001464283866,-0.001415229421,-0.002990728095,0.0004809959384,-0.002509732156,-0.002336352361,-6.825594125e-06,-0.002343177955,-0.002508095127,0.0002378456917,-0.002270249435,-0.003290562565,7.253255133e-05,-0.003218030014,-0.001892165087,0.0002182751878,-0.001673889899,-0.004782886277,-0.0001761252345,-0.004959011511,-0.003037952598,0.000323508588,-0.00271444401,-0.002944585931,0.0005984778509,-0.00234610808,-0.003136380827,0.000749127598,-0.002387253229,-0.0035139874,0.0002740591415,-0.003239928258,-0.003483612322,0.0004520192079,-0.003031593114,-0.003313210834,-9.980487539e-05,-0.00341301571,-0.002393690816,0.0002396049266,-0.002154085889,-0.004117756651,0.0002518170703,-0.003865939581,-0.003637771751,0.0001347900207,-0.003502981731
9.0,-0.001776688264,0.0007859204663,-0.0009907677974,-0.001298370099,7.371980792e-05,-0.001224650291,-0.003542212318,0.000437742407,-0.003104469911,-0.002359850599,0.0001231356267,-0.002236714972,-0.00271127172,0.0004164306408,-0.002294841079,-0.001334049033,0.0001101627949,-0.001223886238,-0.001517985609,0.0002695569877,-0.001248428622,-0.001591821999,0.0004116029778,-0.001180219022,-0.002599383593,-5.880100281e-05,-0.002658184595,-0.001304287014,8.76355816e-05,-0.001216651433,-0.00221548055,0.0005939684637,-0.001621512087,-0.001991377542,-0.0005076416039,-0.002499019146,-0.002324918516,-0.0002099235363,-0.002534842052,-0.003166703116,-0.0003774797074,-0.003544182824,-0.002544271164,-0.0002668986443,-0.002811169809,-0.002491611616,0.000421168633,-0.002070442983,-0.003148491576,0.0004959451443,-0.002652546432,-0.002954353445,0.0006526806939,-0.002301672751,-0.003327041016,0.0003505187077,-0.002976522308,-0.001524911204,0.0003892927653,-0.001135618439,-0.001566068375,0.0001439522127,-0.001422116163,-0.002992489224,0.0004808566688,-0.002511632556,-0.002361178841,-8.478890939e-06,-0.002369657732,-0.002545021665,0.0002382383175,-0.002306783348,-0.003256504808,7.819304221e-05,-0.003178311766,-0.00186364099,0.0002123228229,-0.001651318167,-0.004719918219,-0.0001708080877,-0.004890726307,-0.00297548428,0.0003196392927,-0.002655844987,-0.002889244623,0.0005969708261,-0.002292273797,-0.003088502757,0.0007426706781,-0.002345832079,-0.003453163637,0.0002747609934,-0.003178402644,-0.003442594502,0.0004500718163,-0.002992522686,-0.003294104419,-7.884331472e-05,-0.003372947733,-0.0023574329,0.0002394582454,-0.002117974654,-0.004083502899,0.0002583918043,-0.003825111094,-0.003596968721,0.0001325060938,-0.003464462628
9.1,-0.001794508831,0.0007888112135,-0.001005697618,-0.001276999495,6.424834457e-05,-0.00121275115,-0.003558231956,0.0004382762221,-0.003119955733,-0.002364693893,0.0001221812333,-0.00224251266,-0.002703371378,0.0004183780273,-0.002284993351,-0.001338337933,0.0001100109056,-0.001228327028,-0.001506487242,0.0002741012735,-0.001232385969,-0.001600005473,0.0004132872355,-0.001186718238,-0.002596339282,-6.027034529e-05,-0.002656609627,-0.001295282604,8.876127885e-05,-0.001206521325,-0.002206611273,0.0005896820197,-0.001616929254,-0.001974848545,-0.0005092684644,-0.00248411701,-0.002257852192,-0.0002157325351,-0.002473584727,-0.003146966965,-0.0003730310361,-0.003519998001,-0.0024691139,-0.0002653587225,-0.002734472622,-0.00241736366,0.0004238979608,-0.001993465699,-0.00307662762,0.0004878819595,-0.002588745661,-0.002891127896,0.0006489285174,-0.002242199379,-0.003279098654,0.000353413494,-0.002925685161,-0.001531788428,0.0003880095813,-0.001143778847,-0.001568797842,0.0001414064791,-0.001427391363,-0.002991713896,0.0004803277803,-0.002511386115,-0.002384350505,-9.920433983e-06,-0.002394270939,-0.002580687948,0.0002387674167,-0.002341920531,-0.003220545275,8.309639012e-05,-0.003137448885,-0.001832955316,0.0002058212639,-0.001627134052,-0.004654376119,-0.0001663779205,-0.004820754039,-0.002910514621,0.0003147374112,-0.00259577721,-0.002831897785,0.0005947993299,-0.002237098455,-0.00303921544,0.0007362958602,-0.00230291958,-0.003389717001,0.0002750878132,-0.003114629187,-0.003399461052,0.0004477306181,-0.002951730434,-0.003275510666,-5.598786866e-05,-0.003331498535,-0.002319857919,0.0002391404558,-0.002080717463,-0.004047564928,0.0002648600382,-0.00378270489,-0.003553977679,0.0001308004945,-0.003423177185
9.2,-0.00181131598,0.0007912686263,-0.001020047354,-0.0012537265,5.453253375e-05,-0.001199193967,-0.003572225162,0.0004387012896,-0.003133523872,-0.002367579992,0.0001212005033,-0.002246379488,-0.002693765809,0.0004203276291,-0.00227343818,-0.001341769946,0.0001094904119,-0.001232279534,-0.001494323622,0.000278551335,-0.001215772287,-0.001607112531,0.0004147653907,-0.00119234714,-0.002590800315,-6.143284509e-05,-0.00265223316,-0.001285152162,8.979080465e-05,-0.001195361357,-0.002195582972,0.000585257599,-0.001610325373,-0.001957672407,-0.0005104224919,-0.002468094899,-0.002189558199,-0.0002209440287,-0.002410502227,-0.003125570989,-0.0003684877113,-0.0034940587,-0.00239112599,-0.0002642083217,-0.002655334311,-0.002341251088,0.0004262492492,-0.001915001839,-0.003000907648,0.000477726781,-0.002523180867,-0.002826074371,0.0006447741485,-0.002181300222,-0.003229615357,0.0003559966213,-0.002873618736,-0.001536930485,0.000386528076,-0.001150402409,-0.00156978438,0.0001388020684,-0.001430982311,-0.002988381048,0.0004793961344,-0.002508984914,-0.002405812881,-1.115428124e-05,-0.002416967162,-0.002615005058,0.000239443951,-0.002375561107,-0.003182653218,8.716790811e-05,-0.00309548531,-0.001800151549,0.0001987522174,-0.001601399332,-0.004586424287,-0.0001627016779,-0.004749125965,-0.002843197241,0.0003088472,-0.002534350041,-0.002772735121,0.0005919764381,-0.002180758683,-0.002988669126,0.0007300354719,-0.002258633654,-0.0033237296,0.0002750505676,-0.003048679032,-0.003354301424,0.0004450152457,-0.002909286178,-0.003257188011,-3.14631529e-05,-0.003288651163,-0.002281056555,0.0002387366034,-0.002042319952,-0.004009960514,0.0002711865288,-0.003738773985,-0.003508769833,0.000129770702,-0.003378999131
9.3,-0.001827009853,0.0007932878795,-0.001033721973,-0.001228572044,4.458357372e-05,-0.00118398847,-0.003584119261,0.0004390167709,-0.003145102491,-0.002368400507,0.0001202104173,-0.002248190089,-0.002682504763,0.0004222842754,-0.002260220488,-0.001344295253,0.0001086043821,-0.001235690871,-0.00148154923,0.0002829078778,-0.001198641353,-0.001613065409,0.0004160378736,-0.001197027535,-0.002582876469,-6.228686927e-05,-0.002645163338,-0.001273941961,9.07247241e-05,-0.001183217237,-0.0021824155,0.0005806882266,-0.001601727274,-0.001939974193,-0.0005110518823,-0.002451026075,-0.002120040671,-0.0002255009766,-0.002345541647,-0.003102503724,-0.0003639364074,-0.003466440132,-0.002310453826,-0.0002634403612,-0.002573894188,-0.002263285603,0.0004281672166,-0.001835118387,-0.002921360454,0.0004655087245,-0.00245585173,-0.002759348435,0.0006402188854,-0.00211912955,-0.003178630375,0.00035819382,-0.002820436555,-0.001540291526,0.0003848490839,-0.001155442442,-0.001568978663,0.0001361520024,-0.00143282666,-0.002982492821,0.0004780518774,-0.002504440943,-0.002425534285,-1.218349434e-05,-0.00243771778,-0.002647901125,0.0002402780942,-0.002407623031,-0.003142817167,9.034283936e-05,-0.003052474327,-0.001765291198,0.0001910968971,-0.001574194301,-0.004516261017,-0.0001596268297,-0.004675887847,-0.002773696606,0.0003020166787,-0.002471679927,-0.002711967652,0.0005885236966,-0.002123443955,-0.002937030976,0.0007239195824,-0.002213111393,-0.003255307532,0.000274662975,-0.002980644557,-0.003307227711,0.0004419477276,-0.002865279983,-0.003238897555,-5.504892676e-06,-0.003244402447,-0.002241139174,0.0002383380919,-0.002002801082,-0.003970712578,0.0002773373842,-0.003693375194,-0.003461341254,0.0001295061184,-0.003331835136
9.4,-0.001841504536,0.0007948689391,-0.001046635597,-0.001201579656,3.441565842e-05,-0.001167163998,-0.003593863099,0.0004392240135,-0.003154639085,-0.002367063528,0.0001192291648,-0.002247834364,-0.002669652635,0.000424253483,-0.002245399152,-0.001345877296,0.0001073586414,-0.001238518654,-0.001468220974,0.0002871716502,-0.001181049324,-0.001617795493,0.0004171053957,-0.001200690097,-0.002572687931,-6.28338019e-05,-0.002635521733,-0.00126170467,9.156539245e-05,-0.001170139278,-0.002167143535,0.0005759675908,-0.001591175944,-0.001921879982,-0.0005111075694,-0.002432987551,-0.002049315811,-0.0002293482284,-0.002278664039,-0.003077762995,-0.0003594696854,-0.00343723268,-0.002227278166,-0.0002630399055,-0.002490318071,-0.002183493039,0.0004295991335,-0.001753893906,-0.002838044349,0.0004512719486,-0.0023867724,-0.002691122867,0.000635265797,-0.00205585707,-0.003126202852,0.0003599320786,-0.002766270773,-0.001541841145,0.0003829754869,-0.001158865658,-0.001566342539,0.0001334713716,-0.001432871168,-0.002974072118,0.0004762889839,-0.002497783134,-0.00244350219,-1.300981966e-05,-0.00245651201,-0.002679319441,0.0002412789373,-0.002438040503,-0.003101046576,9.256940605e-05,-0.00300847717,-0.001728449191,0.0001828368944,-0.001545612297,-0.00444411331,-0.0001569858932,-0.004601099203,-0.002702182845,0.0002942970877,-0.002407885758,-0.002649819701,0.0005844708483,-0.002065348853,-0.002884475953,0.0007179745276,-0.002166501425,-0.003184577819,0.000273941511,-0.002910636308,-0.003258369934,0.0004385513201,-0.002819818614,-0.003220408477,2.164592297e-05,-0.003198762554,-0.002200231958,0.0002380398431,-0.001962192115,-0.003929846198,0.0002832797802,-0.003646566418,-0.003411710633,0.0001300835281,-0.003281627105
9.5,-0.001854727555,0.0007960164745,-0.00105871108,-0.001172811667,2.404633307e-05,-0.001148765334,-0.003601425092,0.0004393266168,-0.003162098475,-0.002363493105,0.0001182759123,-0.002245217193,-0.002655282749,0.0004262412203,-0.002229041529,-0.00134649058,0.0001057617529,-0.001240728827,-0.001454392987,0.0002913432536,-0.001163049733,-0.001621243046,0.0004179685904,-0.001203274456,-0.002560358006,-6.307796101e-05,-0.002623435967,-0.001248494092,9.231685552e-05,-0.001156177236,-0.002149811582,0.0005710903176,-0.001578721264,-0.00190350716,-0.0005105469194,-0.00241405408,-0.001977411488,-0.0002324325949,-0.002209844083,-0.003051353222,-0.0003551848668,-0.003406538089,-0.002141807523,-0.0002629849605,-0.002404792483,-0.002101912201,0.0004304964315,-0.001671415769,-0.002751043809,0.0004350766838,-0.002315967125,-0.002621580854,0.0006299201633,-0.00199166069,-0.003072410516,0.0003611435361,-0.002711266979,-0.001541562989,0.0003809120752,-0.001160650914,-0.001561847733,0.000130777063,-0.00143107067,-0.002963160321,0.0004741055873,-0.002489054733,-0.002459720202,-1.363360727e-05,-0.002473353809,-0.002709216663,0.0002424543404,-0.002466762322,-0.003057372083,9.381149175e-05,-0.002963560591,-0.001689709098,0.0001739552986,-0.0015157538,-0.004370227133,-0.0001546036727,-0.004524830806,-0.002628826548,0.0002857421637,-0.002343084385,-0.002586522285,0.0005798551429,-0.002006667142,-0.002831179163,0.0007122214725,-0.002118957691,-0.003111685097,0.0002729052931,-0.002838779804,-0.003207871498,0.0004348494417,-0.002773022056,-0.003201502632,4.974823199e-05,-0.0031517544,-0.002158472163,0.0002379371183,-0.001920535044,-0.003887386168,0.00028898167,-0.003598404498,-0.00335991665,0.0001315638714,-0.003228352779
9.6,-0.00186661964,0.000796739739,-0.001069879901,-0.001142345643,1.34967393e-05,-0.001128848904,-0.003606791565,0.0004393305443,-0.003167461021,-0.002357629019,0.0001173706312,-0.002240258388,-0.002639473553,0.000428253666,-0.002211219887,-0.001346118941,0.0001038249972,-0.001242293943,-0.001440113924,0.0002954229862,-0.001144690938,-0.001623357031,0.0004186278312,-0.0012047292,-0.002546009141,-6.302651749e-05,-0.002609035658,-0.001234362726,9.298466946e-05,-0.001141378056,-0.00213047154,0.0005660521571,-0.001564419383,-0.001884955852,-0.0005093377236,-0.002394293576,-0.001904367715,-0.0002347030561,-0.002139070771,-0.003023283562,-0.0003511826151,-0.003374466177,-0.0020542723,-0.0002632466906,-0.00231751899,-0.002018594563,0.0004308165474,-0.001587778015,-0.002660467356,0.0004170004932,-0.002243466863,-0.002550911084,0.0006241899212,-0.001926721162,-0.003017349123,0.00036176938,-0.002655579743,-0.001539453803,0.0003786653008,-0.001160788502,-0.001555475418,0.0001280873728,-0.001427388045,-0.002949816091,0.0004715041475,-0.002478311943,-0.002474206567,-1.405386574e-05,-0.002488260433,-0.002737561757,0.0002438109537,-0.002493750803,-0.003011846074,9.405118569e-05,-0.002917794889,-0.001649160294,0.000164437978,-0.001484722316,-0.004294855819,-0.0001523058366,-0.004447161656,-0.002553796013,0.0002764077247,-0.002277388288,-0.002522309666,0.0005747204818,-0.001947589185,-0.002777311745,0.0007066754691,-0.002070636276,-0.00303678913,0.0002715756983,-0.002765213432,-0.003155886076,0.0004308649251,-0.002725021151,-0.003181978512,7.856490934e-05,-0.003103413603,-0.00211600369,0.0002381221879,-0.001877881502,-0.00384335649,0.0002944117976,-0.003548944692,-0.003306016634,0.0001339908999,-0.003172025734
9.7,-0.001877135338,0.0007970524518,-0.001080082887,-0.001110271925,2.791854383e-06,-0.001107480071,-0.003609965863,0.0004392442488,-0.003170721614,-0.00234942729,0.0001165339605,-0.00223289333,-0.002622307583,0.0004302969698,-0.002192010613,-0.001344754749,0.0001015623106,-0.001243192438,-0.001425427317,0.000299410722,-0.001126016595,-0.001624095181,0.0004190832994,-0.001205011882,-0.00252976272,-6.268933936e-05,-0.002592452059,-0.001219362521,9.357572897e-05,-0.001125786793,-0.002109183234,0.0005608501323,-0.001548333102,-0.00186630353,-0.0005074615343,-0.002373765064,-0.001830238343,-0.0002361115841,-0.002066349927,-0.002993567917,-0.0003475650937,-0.003341133011,-0.001964920606,-0.0002637891981,-0.002228709804,-0.001933605411,0.0004305247326,-0.001503080678,-0.002566446805,0.0003971394236,-0.002169307381,-0.002479305748,0.0006180860216,-0.001861219727,-0.00296113344,0.0003617633387,-0.002599370101,-0.001535523266,0.0003762431347,-0.001159280131,-0.001547217087,0.0001254216742,-0.001421795413,-0.002934115674,0.0004684916339,-0.00246562404,-0.002486994193,-1.42683547e-05,-0.002501262548,-0.002764335774,0.0002453543798,-0.002518981395,-0.002964545326,9.329186244e-05,-0.002871253464,-0.001606897978,0.0001542749645,-0.001452623013,-0.004218249924,-0.0001499270717,-0.004368176996,-0.002477258451,0.0002663520543,-0.002210906397,-0.002457419108,0.0005691164766,-0.001888302631,-0.002723040814,0.0007013453555,-0.002021695458,-0.002960063799,0.0002699759026,-0.002690087896,-0.003102576401,0.0004266197081,-0.002675956692,-0.003161654237,0.0001078651632,-0.003053789074,-0.002072973673,0.0002386809935,-0.00183429268,-0.003797782382,0.0002995402314,-0.003498242151,-0.003250086962,0.0001373915177,-0.003112695445
9.8,-0.001886244414,0.0007969726294,-0.001089271784,-0.001076692493,-8.039310043e-06,-0.001084731803,-0.00361096828,0.0004390787741,-0.003171889506,-0.002338861436,0.0001157870546,-0.002223074381,-0.002603872891,0.0004323770186,-0.002171495872,-0.001342399091,9.89901861e-05,-0.001243408905,-0.001410374457,0.0003033058408,-0.001107068616,-0.001623424338,0.0004193353195,-0.001204089019,-0.002511741868,-6.207868127e-05,-0.002573820549,-0.001203548097,9.409819112e-05,-0.001109449905,-0.002086017293,0.0005554827445,-0.001530534548,-0.001847603701,-0.0005049155501,-0.002352519251,-0.001755093295,-0.0002366148179,-0.001991708113,-0.002962227165,-0.0003444336942,-0.00330666086,-0.00187401616,-0.0002645688229,-0.002138584983,-0.001847026165,0.0004295953575,-0.001417430807,-0.002469137592,0.0003756085855,-0.002093529006,-0.002406961215,0.0006116225334,-0.001795338682,-0.002903899707,0.0003610945844,-0.002542805122,-0.001529794591,0.0003736550779,-0.001156139513,-0.00153707656,0.000122800175,-0.001414276385,-0.002916154405,0.0004650797454,-0.002451074659,-0.002498131601,-1.427369335e-05,-0.002512405295,-0.002789532149,0.0002470893841,-0.002542442765,-0.002915575992,9.156172137e-05,-0.00282401427,-0.001563025779,0.0001434619344,-0.001419563844,-0.004140650971,-0.0001473174959,-0.004287968467,-0.002399384537,0.0002556366397,-0.002143747897,-0.002392092718,0.0005630973224,-0.001828995396,-0.002668532698,0.0006962345141,-0.001972298184,-0.002881697778,0.0002681307605,-0.002613567017,-0.00304811486,0.0004221349114,-0.002625979949,-0.003140369262,0.0001374251337,-0.003002944129,-0.002029530405,0.0002396901304,-0.001789840275,-0.003750694541,0.000304339387,-0.003446355154,-0.003192224548,0.0001417769747,-0.003050447573
9.9,-0.00189393363,0.0007965223384,-0.001097411292,-0.001041720867,-1.896366901e-05,-0.001060684536,-0.003609836515,0.0004388478416,-0.003170988673,-0.002325924222,0.0001151514217,-0.0022107728,-0.002584265947,0.0004344992482,-0.002149766699,-0.001339062672,9.612758108e-05,-0.001242935091,-0.001394998588,0.0003071072433,-0.001087891345,-0.001621320964,0.0004193849224,-0.001201936042,-0.002492075713,-6.120872273e-05,-0.002553284436,-0.001186981062,9.45614956e-05,-0.001092419566,-0.002061059139,0.0005499502668,-0.001511108872,-0.001828887831,-0.0005017129798,-0.002330600811,-0.001679020852,-0.0002361759148,-0.001915196767,-0.002929292779,-0.0003418866706,-0.003271179449,-0.001781838077,-0.0002655327881,-0.002047370866,-0.001758957307,0.0004280125002,-0.001330944807,-0.00236872037,0.0003525422357,-0.002016178134,-0.002334080444,0.0006048164993,-0.001729263945,-0.002845808957,0.0003597499797,-0.002486058977,-0.001522305462,0.0003709121851,-0.001151393277,-0.001525072543,0.0001202436445,-0.001404828899,-0.002896048577,0.0004612849829,-0.002434763594,-0.002507683925,-1.406547242e-05,-0.002521749397,-0.002813157037,0.0002490200687,-0.002564136968,-0.002865079474,8.89165612e-05,-0.002776162912,-0.001517660022,0.0001320017885,-0.001385658233,-0.00406228988,-0.0001443466346,-0.004206636514,-0.002320354101,0.0002443262154,-0.002076027885,-0.002326579929,0.0005567205022,-0.001769859427,-0.002613957863,0.0006913422192,-0.001922615644,-0.00280189645,0.0002660672188,-0.002535829231,-0.002992685333,0.0004174311763,-0.002575254157,-0.00311798485,0.0001670268397,-0.00295095801,-0.001985822755,0.0002412146436,-0.001744608112,-0.003702134665,0.0003087853482,-0.003393349316,-0.003132548259,0.0001471441485,-0.002985404111
10.0,-0.00190020846,0.0007957274632,-0.001104480996,-0.001005482534,-2.994424636e-05,-0.00103542678,-0.003606626163,0.0004385679367,-0.003168058226,-0.002310629489,0.0001146487895,-0.002195980699,-0.002563594683,0.0004366685459,-0.002126926137,-0.001334766939,9.299584596e-05,-0.001241771093,-0.001379348917,0.0003108134403,-0.001068535476,-0.001617771679,0.0004192345277,-0.001198537151,-0.002470903165,-6.009504633e-05,-0.002530998211,-0.001169733798,9.497639689e-05,-0.001074757401,-0.00203441245,0.0005442550602,-0.00149015739,-0.001810168481,-0.0004978825695,-0.00230805105,-0.00160212983,-0.0002347655,-0.00183689533,-0.002894810089,-0.0003400171942,-0.003234827283,-0.001688681314,-0.000266617515,-0.001955298829,-0.001669521319,0.0004257700152,-0.001243751304,-0.002265403858,0.0003280938735,-0.001937309984,-0.002260875755,0.0005976877478,-0.001663188008,-0.002787050232,0.000357735516,-0.002429314716,-0.001513108832,0.0003680269919,-0.001145081841,-0.001511241004,0.0001177730316,-0.001393467973,-0.002873936711,0.0004571284574,-0.002416808254,-0.002515732974,-1.363830694e-05,-0.002529371281,-0.002835229136,0.0002511499832,-0.002584079152,-0.002813237135,8.544064764e-05,-0.002727796487,-0.001470934371,0.0001199062797,-0.001351028091,-0.003983389122,-0.0001409050911,-0.004124294213,-0.002240360721,0.0002324876977,-0.002007873023,-0.002261138977,0.0005500454982,-0.001711093479,-0.002559495373,0.0006866652389,-0.001872830134,-0.002720883868,0.0002638150693,-0.002457068799,-0.002936485148,0.0004125291641,-0.002523955984,-0.003094383478,0.0001964560128,-0.002897927465,-0.001942000785,0.0002433069483,-0.001698693836,-0.00365216073,0.0003128590829,-0.003339301648,-0.003071199216,0.000153476648,-0.002917722568
10.1,-0.001905094177,0.0007946175741,-0.001110476603,-0.0009681151971,-4.094053773e-05,-0.001009055735,-0.003601410602,0.0004382583565,-0.003163152246,-0.002293013427,0.0001143009782,-0.002178712448,-0.002541980088,0.0004388892259,-0.002103090862,-0.001329544764,8.961861185e-05,-0.001239926153,-0.001363482718,0.0003144226559,-0.001049060062,-0.001612773579,0.0004188885861,-0.001193884993,-0.002448374103,-5.875413663e-05,-0.00250712824,-0.001151890915,9.535492963e-05,-0.001056535985,-0.002006200325,0.000538401829,-0.001467798496,-0.001791441523,-0.0004934681704,-0.002284909694,-0.001524551136,-0.0002323611405,-0.001756912277,-0.002858839562,-0.0003389121025,-0.003197751664,-0.001594855557,-0.0002677476265,-0.001862603184,-0.001578864692,0.0004228713572,-0.001155993335,-0.002159427726,0.0003024366008,-0.001856991125,-0.002187570037,0.0005902588111,-0.001597311226,-0.002727842137,0.0003550765313,-0.002372765606,-0.001502273074,0.0003650134052,-0.001137259669,-0.001495636573,0.000115409067,-0.001380227506,-0.002849979283,0.0004526355483,-0.002397343735,-0.002522375388,-1.298576741e-05,-0.002535361155,-0.002855778394,0.0002534821636,-0.00260229623,-0.002760272088,8.124541008e-05,-0.002679026677,-0.001423003275,0.000107197556,-0.001315805719,-0.003904166046,-0.0001369050247,-0.00404107107,-0.002159613745,0.0002201885909,-0.001939425154,-0.002196035636,0.0005431327032,-0.001652902933,-0.002505334619,0.0006821994127,-0.001823135206,-0.002638903137,0.0002614076855,-0.002377495451,-0.002879725655,0.0004074501781,-0.002472275477,-0.003069466895,0.0002254995165,-0.002843967378,-0.001898216518,0.000246006633,-0.001652209885,-0.003600850063,0.0003165469538,-0.003284303109,-0.003008339193,0.0001607459379,-0.002847593255
10.2,-0.001908635626,0.0007932258111,-0.001115409815,-0.0009297680681,-5.190899535e-05,-0.0009816770635,-0.003594279512,0.0004379411335,-0.003156338378,-0.002273134587,0.0001141297002,-0.002159004886,-0.002519554774,0.0004411649958,-0.002078389778,-0.001323439913,8.602157947e-05,-0.001237418334,-0.001347463973,0.000317932883,-0.00102953109,-0.001606333992,0.0004183540049,-0.001187979987,-0.002424646195,-5.720290666e-05,-0.002481849101,-0.001133546883,9.571029003e-05,-0.001037836593,-0.001976562619,0.0005323977913,-0.001444164828,-0.001772685849,-0.0004885286466,-0.002261214495,-0.001446437481,-0.0002289457274,-0.001675383208,-0.002821455124,-0.0003386511556,-0.003160106279,-0.001500680366,-0.0002688365733,-0.00176951694,-0.001487157667,0.000419329271,-0.001067828396,-0.002051063277,0.0002757631758,-0.001775300102,-0.002114394221,0.0005825548079,-0.001531839413,-0.00266843078,0.0003518163195,-0.002316614461,-0.001489880996,0.0003618866402,-0.001127994355,-0.00147833223,0.0001131719772,-0.001365160253,-0.002824356176,0.0004478355909,-0.002376520585,-0.002527718252,-1.210022797e-05,-0.00253981848,-0.002874843127,0.0002560190762,-0.002618824051,-0.00270644656,7.646607964e-05,-0.002629980481,-0.001374042441,9.390935915e-05,-0.001280133082,-0.00382483441,-0.0001322807704,-0.003957115181,-0.002078336749,0.0002074955922,-0.001870841157,-0.002131537939,0.0005360426276,-0.001595495311,-0.002451672546,0.0006779409689,-0.001773731577,-0.002556213665,0.0002588824071,-0.002297331258,-0.002822630037,0.0004022169062,-0.00242041313,-0.003043152258,0.0002539430775,-0.00278920918,-0.001854623153,0.0002493403795,-0.001605282774,-0.003548298405,0.0003198402044,-0.0032284582,-0.002944146761,0.0001689130146,-0.002775233746
10.3,-0.001910895022,0.0007915886063,-0.001119306416,-0.0008905995017,-6.280362082e-05,-0.0009534031225,-0.003585335593,0.0004376407836,-0.003147694809,-0.002251072186,0.0001141562433,-0.002136915943,-0.002496457713,0.0004434988459,-0.002052958867,-0.001316504837,8.223222439e-05,-0.001234272613,-0.001331357956,0.000321341884,-0.001010016072,-0.001598469396,0.0004176402202,-0.001180829176,-0.002399876959,-5.545824467e-05,-0.002455335203,-0.001114799506,9.605663041e-05,-0.001018742876,-0.001945649132,0.0005262527643,-0.001419396368,-0.001753860148,-0.0004831376858,-0.002236997834,-0.001367959751,-0.000224506044,-0.001592465795,-0.002782739471,-0.0003393063943,-0.003122045866,-0.001406475734,-0.0002697888802,-0.001676264614,-0.001394590711,0.0004151653934,-0.0009794253174,-0.001940610185,0.000248284718,-0.001692325467,-0.002041579863,0.0005746030106,-0.001466976852,-0.002609082917,0.0003480133251,-0.002261069592,-0.001476027383,0.0003586631195,-0.001117364264,-0.001459416905,0.0001110812948,-0.00134833561,-0.002797261664,0.0004427615778,-0.002354500087,-0.002531872589,-1.097278051e-05,-0.00254284537,-0.002892465615,0.000258762488,-0.002633703127,-0.002652053815,7.12564444e-05,-0.002580797371,-0.001324245069,8.008751543e-05,-0.001244157553,-0.003745602631,-0.0001269897916,-0.003872592422,-0.00199676206,0.0001944735718,-0.001802288488,-0.002067907124,0.0005288353554,-0.001539071768,-0.002398706391,0.0006738874256,-0.001724818965,-0.002473084684,0.000256280329,-0.002216804355,-0.002765427975,0.0003968542049,-0.00236857377,-0.003015366562,0.0002815703314,-0.002733796231,-0.001811371232,0.0002533213506,-0.001558049881,-0.003494614525,0.0003227336651,-0.003171880859,-0.002878811522,0.0001779311621,-0.00270088036
10.4,-0.001911947847,0.0007897451953,-0.001122202652,-0.0008507729966,-7.357665519e-05,-0.0009243496518,-0.003574689787,0.0004373839235,-0.003137305863,-0.002226922874,0.0001144010968,-0.002112521777,-0.002472826056,0.000445892854,-0.002026933202,-0.001308796986,7.827945948e-05,-0.001230517526,-0.001315223118,0.0003246471613,-0.0009905759565,-0.001589203594,0.0004167589212,-0.001172444673,-0.002374212977,-5.353663757e-05,-0.002427749614,-0.001095740891,9.640871998e-05,-0.0009993321711,-0.00191361023,0.0005199791095,-0.00139363112,-0.001734897831,-0.0004773830229,-0.002212280853,-0.001289299325,-0.0002190330609,-0.001508332386,-0.002742777406,-0.0003409412403,-0.003083718646,-0.001312549227,-0.0002705032907,-0.001583052517,-0.001301368006,0.0004104098668,-0.0008909581387,-0.001828389233,0.0002202273842,-0.001608161849,-0.001969347871,0.0005664319972,-0.001402915874,-0.002550074985,0.0003437376345,-0.00220633735,-0.001460815234,0.0003553601827,-0.001105455051,-0.001438991345,0.0001091556382,-0.001329835707,-0.002768897658,0.0004374496969,-0.002331447961,-0.002534946177,-9.593350564e-06,-0.002544539527,-0.002908687043,0.0002617133632,-0.00264697368,-0.002597405042,6.578223036e-05,-0.002531622812,-0.001273814334,6.578951801e-05,-0.001208024816,-0.003666669288,-0.0001210129452,-0.003787682233,-0.001915122457,0.0001811847303,-0.001733937727,-0.002005386892,0.0005215701192,-0.001483816773,-0.002346624029,0.0006700379447,-0.001676586084,-0.00238978604,0.000253645488,-0.002136140552,-0.002708348199,0.0003913896881,-0.002316958511,-0.002986040763,0.0003081642476,-0.002677876515,-0.001768601745,0.0002579481038,-0.001510653641,-0.00343991181,0.0003252241243,-0.003114687686,-0.002812527665,0.0001877496544,-0.00262477801
10.5,-0.001911877696,0.0007877370276,-0.001124140668,-0.0008104523965,-8.417931413e-05,-0.0008946317106,-0.003562455996,0.0004371988363,-0.00312525716,-0.00220079673,0.0001148836166,-0.002085913114,-0.002448786404,0.0004483479479,-0.002000438456,-0.001300374453,7.41932466e-05,-0.001226181206,-0.001299103024,0.0003278459247,-0.0009712570995,-0.001578565606,0.0004157235824,-0.001162842023,-0.002347779628,-5.145394578e-05,-0.002399233574,-0.001076448842,9.678142847e-05,-0.0009796674139,-0.001880587763,0.0005135914773,-0.001366996286,-0.00171570203,-0.000471365143,-0.002187067173,-0.001210637397,-0.0002125246991,-0.001423162096,-0.002701649276,-0.0003436089902,-0.003045258266,-0.001219182,-0.0002708763549,-0.001490058355,-0.001207699597,0.0004051011071,-0.0008025984903,-0.001714732189,0.0001918270046,-0.001522905184,-0.001897896294,0.0005580705115,-0.001339825782,-0.002491680416,0.0003390674187,-0.002152612997,-0.001444351422,0.0003519956151,-0.001092355807,-0.001417163335,0.000107412423,-0.001309750912,-0.002739466662,0.0004319386285,-0.002307528033,-0.00253703745,-7.951022481e-06,-0.002544988472,-0.002923543079,0.000264871881,-0.002658671198,-0.002542813472,6.021388263e-05,-0.002482599589,-0.001222954447,5.108340405e-05,-0.001171871043,-0.003588217656,-0.0001143534434,-0.0037025711,-0.001833642522,0.0001676877507,-0.001665954771,-0.001944193827,0.0005143048881,-0.001429888939,-0.002295594918,0.000666392976,-0.001629201942,-0.002306578405,0.0002510236387,-0.002055554766,-0.002651610855,0.0003858538933,-0.002265756962,-0.002955105384,0.0003335112233,-0.002621594161,-0.001726437773,0.0002632035584,-0.001463234214,-0.003384299481,0.0003273087,-0.003056990781,-0.002745488393,0.0001983174253,-0.002547170967
10.6,-0.001910771249,0.0007856071897,-0.001125164059,-0.0007697974767,-9.45625046e-05,-0.0008643599813,-0.003548746413,0.0004371150192,-0.003111631394,-0.002172813368,0.0001156217584,-0.00205719161,-0.002424447974,0.0004508636601,-0.001973584314,-0.001291291926,7.00041216e-05,-0.001221287804,-0.001283020831,0.000330935066,-0.0009520857655,-0.001566587769,0.0004145490017,-0.001152038767,-0.002320674171,-4.922530287e-05,-0.002369899474,-0.001056981163,9.718909504e-05,-0.0009597920676,-0.001846708689,0.000507106373,-0.001339602316,-0.001696142754,-0.0004651956132,-0.002161338367,-0.001132144062,-0.0002049903515,-0.001337134413,-0.002659426735,-0.0003473504073,-0.003006777142,-0.001126615718,-0.0002708067454,-0.001397422464,-0.001113794208,0.0003992857008,-0.0007145085069,-0.001599970523,0.0001633223094,-0.001436648214,-0.001827390285,0.000549546234,-0.001277844051,-0.002434158069,0.000334085612,-0.002100072457,-0.001426742728,0.0003485872095,-0.001078155519,-0.001394043391,0.0001058676326,-0.001288175759,-0.002709165864,0.0004262687307,-0.002282897133,-0.002538231603,-6.034490217e-06,-0.002544266093,-0.002937061052,0.0002682375837,-0.002668823469,-0.002488578784,5.471937175e-05,-0.002433859413,-0.001171862965,3.604625441e-05,-0.00113581671,-0.003510410807,-0.0001070351552,-0.003617445962,-0.001752532049,0.0001540368761,-0.001598495173,-0.001884511106,0.0005070958794,-0.001377415227,-0.002245763851,0.0006629531916,-0.001582810659,-0.002223704862,0.0002484607903,-0.001975244072,-0.002595421512,0.0003802800001,-0.002215141512,-0.002922488904,0.0003574072142,-0.00256508169,-0.001684976867,0.0002690543981,-0.001415922469,-0.003327875884,0.0003289835717,-0.002998892312,-0.002677882183,0.0002095855607,-0.002468296622
10.7,-0.001908714214,0.0007833998531,-0.001125314361,-0.0007289607847,-0.0001046774933,-0.0008336382781,-0.003533668156,0.0004371627033,-0.003096505452,-0.002143098746,0.000116631852,-0.002026466894,-0.002399898996,0.0004534378893,-0.001946461107,-0.001281597653,6.574264034e-05,-0.001215855013,-0.001266977362,0.0003339111603,-0.0009330662014,-0.001553304255,0.0004132509666,-0.001140053288,-0.002292963283,-4.686500881e-05,-0.002339828292,-0.001037373769,9.764494599e-05,-0.0009397288234,-0.001812082393,0.0005005416711,-0.001311540722,-0.001676058009,-0.0004589946234,-0.002135052632,-0.001053970495,-0.0001964553511,-0.001250425846,-0.002616171978,-0.0003521904529,-0.002968362431,-0.001035041672,-0.0002702006552,-0.001305242327,-0.001019853739,0.0003930180293,-0.0006268357101,-0.001484425517,0.0001349479846,-0.001349477532,-0.001757956134,0.0005408846106,-0.001217071524,-0.002377743674,0.0003288768344,-0.002048866839,-0.001408092801,0.0003451525411,-0.00106294026,-0.001369741605,0.0001045357574,-0.001265205847,-0.002678183068,0.0004204812518,-0.002257701816,-0.002538599045,-3.832572482e-06,-0.002542431618,-0.002949259045,0.0002718095627,-0.002677449483,-0.002434974142,4.945730566e-05,-0.002385516837,-0.001120725945,2.076241394e-05,-0.001099963531,-0.003433388462,-9.910083153e-05,-0.003532489293,-0.001671982894,0.0001402810525,-0.001531701842,-0.001826486182,0.0004999969002,-0.001326489282,-0.002197248366,0.0006597180038,-0.001537530362,-0.002141384995,0.0002460016428,-0.001895383352,-0.002539967643,0.0003747032233,-0.00216526442,-0.0028881196,0.0003796651149,-0.002508454485,-0.00164428594,0.0002754509608,-0.00136883498,-0.003270725308,0.0003302435062,-0.002940481802,-0.002609890853,0.0002215080999,-0.002388382753
10.8,-0.001905788579,0.0007811596924,-0.001124628887,-0.0006880860273,-0.0001144765282,-0.0008025625555,-0.003517321399,0.0004373723687,-0.003079949031,-0.002111782951,0.0001179284162,-0.001993854535,-0.002375206441,0.000456066695,-0.001919139746,-0.001271331691,6.143881818e-05,-0.001209892873,-0.001250952593,0.0003367705293,-0.0009141820633,-0.001538750037,0.0004118460802,-0.001126903957,-0.002264684728,-4.438632299e-05,-0.002309071051,-0.001017642252,9.816069595e-05,-0.0009194815558,-0.001776801431,0.0004939161888,-0.001282885242,-0.001655259823,-0.0004528871565,-0.00210814698,-0.0009762462355,-0.0001869636318,-0.001163209867,-0.002571940204,-0.000358134709,-0.002930074913,-0.0009445931106,-0.0002689778671,-0.001213570978,-0.0009260695345,0.000386359197,-0.0005397103374,-0.001368402449,0.0001069291317,-0.001261473317,-0.001689679831,0.0005321077839,-0.001157572047,-0.002322644682,0.0003235244802,-0.001999120202,-0.001388500177,0.0003417089383,-0.001046791239,-0.001344365692,0.0001034298401,-0.001240935852,-0.002646694418,0.0004146175388,-0.002232076879,-0.002538195736,-1.33477174e-06,-0.002539530507,-0.002960146697,0.0002755865652,-0.002684560132,-0.002382236727,4.457041447e-05,-0.002337666312,-0.001069716376,5.321470959e-06,-0.001064394905,-0.003357266447,-9.060980825e-05,-0.003447876255,-0.001592169585,0.0001264634819,-0.001465706103,-0.001770231941,0.0004930585314,-0.00127717341,-0.00215013956,0.0006566840335,-0.001493455527,-0.00205981181,0.000243688126,-0.001816123684,-0.002485417463,0.0003691599871,-0.002116257476,-0.002851930848,0.0004001227464,-0.002451808102,-0.001604399437,0.000282327594,-0.001322071843,-0.003212918655,0.0003310824674,-0.002881836188,-0.002541688889,0.0002340413486,-0.00230764754
10.9,-0.001902071138,0.0007789312515,-0.001123139887,-0.0006473078301,-0.0001239134022,-0.0007712212323,-0.003499798802,0.0004377743202,-0.003062024482,-0.002078998949,0.0001195240589,-0.00195947489,-0.002350418369,0.0004587441743,-0.001891674195,-0.001260525351,5.712164469e-05,-0.001203403706,-0.001234909611,0.0003395093827,-0.0008954002285,-0.001522960256,0.0004103517063,-0.00111260855,-0.002235851947,-4.180119915e-05,-0.002277653146,-0.000997785737,9.87463366e-05,-0.0008990394004,-0.001740944639,0.0004872493319,-0.001253695307,-0.00163354421,-0.0004469979703,-0.002080542181,-0.0008990811392,-0.0001765779482,-0.001075659087,-0.002526783995,-0.0003651663733,-0.002891950368,-0.0008553414616,-0.000267077668,-0.00112241913,-0.0008326202663,0.0003793753278,-0.0004532449385,-0.001252189961,7.947830193e-05,-0.001172711659,-0.001622609468,0.0005232336384,-0.00109937583,-0.002269038047,0.000318108002,-0.001950930045,-0.001368057136,0.0003382735119,-0.001029783624,-0.001318019997,0.0001025614813,-0.001215458515,-0.002614863377,0.0004087181707,-0.002206145206,-0.002537064636,1.468175553e-06,-0.00253559646,-0.002969727255,0.0002795669515,-0.002690160303,-0.002330561656,4.017961206e-05,-0.002290382044,-0.001018995576,-1.01837577e-05,-0.001029179334,-0.003282138935,-8.163475479e-05,-0.00336377369,-0.001513253008,0.0001126218662,-0.001400631142,-0.001715830277,0.0004863273875,-0.001229502889,-0.002104505288,0.0006538437419,-0.001450661546,-0.001979151162,0.0002415581575,-0.001737593005,-0.002431920458,0.000363686935,-0.002068233523,-0.002813868769,0.000418650382,-0.002395218387,-0.00156532073,0.0002896035228,-0.001275717207,-0.003154517451,0.0003314952715,-0.00282302218,-0.002473443717,0.0002471422229,-0.002226301495
11.0,-0.001897632993,0.0007767582948,-0.001120874698,-0.0006067523895,-0.0001329439214,-0.0007396963109,-0.003481185766,0.0004383983666,-0.0030427874,-0.002044882026,0.0001214294893,-0.001923452536,-0.002325567707,0.0004614624525,-0.001864105254,-0.001249201494,5.281869422e-05,-0.001196382799,-0.00121879969,0.000342124007,-0.0008766756827,-0.001505969938,0.0004087859541,-0.001097183984,-0.002206459885,-3.912007412e-05,-0.002245579959,-0.0009777915704,9.941002909e-05,-0.0008783815413,-0.001704581166,0.0004805607549,-0.001224020411,-0.00161070243,-0.000441446406,-0.002052148836,-0.0008225699057,-0.0001653781732,-0.0009879480789,-0.002480757899,-0.0003732445769,-0.002854002476,-0.000767296418,-0.0002644641276,-0.001031760546,-0.0007396713239,0.0003721356476,-0.0003675356763,-0.001136063279,5.27951029e-05,-0.001083268176,-0.001556760148,0.0005142750881,-0.00104248506,-0.002217070264,0.0003127006149,-0.001904369649,-0.001346849115,0.0003348631976,-0.001011985917,-0.001290805018,0.0001019407857,-0.001188864233,-0.00258284039,0.0004028221381,-0.002180018251,-0.00253523743,4.583860578e-06,-0.002530653569,-0.002978000247,0.0002837485098,-0.002694251737,-0.002280098714,3.63791489e-05,-0.002243719565,-0.0009687166125,-2.565898705e-05,-0.0009943755995,-0.003208082721,-7.225800684e-05,-0.003280340728,-0.00143538574,9.878943129e-05,-0.001336596309,-0.001663336681,0.0004798457093,-0.001183490972,-0.002060394253,0.0006511842994,-0.001409209953,-0.00189954272,0.0002396445536,-0.001659898167,-0.002379608756,0.0003583198854,-0.00202128887,-0.002773900169,0.0004351563765,-0.002338743793,-0.001527025999,0.0002971842048,-0.001229841794,-0.0030955798,0.000331479852,-0.002764099948,-0.002405317048,0.0002607663503,-0.002144550697
11.1,-0.001892539543,0.0007746831815,-0.001117856362,-0.0005665383296,-0.0001415262432,-0.0007080645729,-0.003461560901,0.0004392735757,-0.003022287325,-0.002009569437,0.0001236535927,-0.001885915844,-0.002300675981,0.0004642117503,-0.001836464231,-0.001237375147,4.855579898e-05,-0.001188819348,-0.001202566912,0.0003446109465,-0.000857955966,-0.00148781394,0.0004071676022,-0.001080646338,-0.002176490115,-3.635176276e-05,-0.002212841878,-0.0009576391448,0.0001001580431,-0.0008574811017,-0.001667773766,0.0004738700102,-0.001193903756,-0.001586530638,-0.0004363422226,-0.00202287286,-0.0007467972224,-0.0001534584463,-0.0009002556687,-0.002433921653,-0.0003823042794,-0.002816225932,-0.0006804093269,-0.0002611303009,-0.0009415396278,-0.0006473750694,0.0003647106921,-0.0002826643773,-0.001020289045,2.706747083e-05,-0.000993221574,-0.001492119756,0.0005052398244,-0.000986879932,-0.002166858981,0.0003073677049,-0.001859491276,-0.001324954321,0.000331494868,-0.0009934594535,-0.001262816944,0.0001015763572,-0.001161240587,-0.002550762569,0.0003969663354,-0.002153796234,-0.002532735549,8.01795628e-06,-0.002524717593,-0.002984963979,0.0002881281484,-0.00269683583,-0.002230950908,3.323332081e-05,-0.002197717587,-0.0009190281244,-4.100999245e-05,-0.0009600381169,-0.0031351624,-6.256815807e-05,-0.003197730558,-0.001358717584,8.499690876e-05,-0.001273720675,-0.001612784055,0.0004736513076,-0.001139132748,-0.002017839114,0.0006486867052,-0.001369152409,-0.001821101254,0.0002379741263,-0.001583127128,-0.002328598422,0.0003530929407,-0.001975505482,-0.00273201876,0.0004495899565,-0.002282428803,-0.00148946942,0.0003049629475,-0.001184506472,-0.003036166292,0.0003310395335,-0.002705126759,-0.002337467239,0.0002748666813,-0.002062600558
11.2,-0.001886850277,0.0007727462532,-0.001114104024,-0.0005267769282,-0.0001496210902,-0.0006763980184,-0.003440995913,0.0004404280312,-0.003000567882,-0.001973199628,0.000126203475,-0.001846996153,-0.00227575542,0.0004669804685,-0.001808774951,-0.001225053778,4.435677945e-05,-0.001180696999,-0.00118615072,0.0003469671328,-0.0008391835876,-0.00146852687,0.0004055158701,-0.001063011,-0.00214591332,-3.350343193e-05,-0.002179416752,-0.0009373012933,0.0001009947377,-0.0008363065556,-0.001630579724,0.000467196211,-0.001163383513,-0.001560835781,-0.0004317830703,-0.001992618851,-0.0006718422945,-0.0001409237224,-0.0008127660169,-0.002386340902,-0.0003922574619,-0.002778598364,-0.0005945789458,-0.0002571006463,-0.0008516795921,-0.0005558709466,0.0003571708369,-0.0001987001097,-0.0009051299701,2.473737421e-06,-0.0009026562327,-0.001428653711,0.0004961305889,-0.0009325231218,-0.002118494859,0.000302165918,-0.001816328941,-0.001302443062,0.0003281854778,-0.0009742575845,-0.001234146581,0.0001014753874,-0.001132671193,-0.00251875265,0.0003911854547,-0.002127567196,-0.002529569644,1.177415676e-05,-0.002517795487,-0.002990617031,0.0002927014663,-0.002697915565,-0.002183173778,3.077472567e-05,-0.002152399052,-0.0008700766709,-5.61440912e-05,-0.0009262207621,-0.003063435147,-5.26567688e-05,-0.003116091915,-0.001283399947,7.127566103e-05,-0.001212124286,-0.001564183998,0.0004677776848,-0.001096406313,-0.00197685687,0.0006463251163,-0.001330531754,-0.001743917169,0.0002365672158,-0.001507349954,-0.002278989642,0.0003480380018,-0.00193095164,-0.002688248268,0.0004619412411,-0.002226307027,-0.001452588239,0.0003128225628,-0.001139765676,-0.002976343977,0.0003301848805,-0.002646159097,-0.002270051471,0.0002893927602,-0.001980658711
11.3,-0.00188061778,0.0007709852228,-0.001109632557,-0.0004875709168,-0.0001571918717,-0.0006447627885,-0.003419554273,0.0004418885655,-0.002977665707,-0.001935910474,0.0001290844317,-0.001806826042,-0.002250808163,0.000469755257,-0.001781052906,-0.001212236653,4.02432754e-05,-0.001171993378,-0.001169485276,0.0003491899565,-0.0008202953194,-0.001448142663,0.0004038499821,-0.001044292681,-0.00211468807,-3.058064213e-05,-0.002145268712,-0.0009167423798,0.0001019225508,-0.000814819829,-0.001593048506,0.0004605577066,-0.001132490799,-0.001533437238,-0.0004278530624,-0.001961290301,-0.0005977815687,-0.0001278863667,-0.0007256679354,-0.002338084911,-0.0004029950611,-0.002741079972,-0.0005096581914,-0.0002524312682,-0.0007620894596,-0.0004652845429,0.0003495852647,-0.0001156992781,-0.0007908479077,-2.081517868e-05,-0.0008116630864,-0.001366306883,0.0004869457418,-0.0008793611413,-0.002072041921,0.000297142476,-0.001774899445,-0.001279376347,0.000324952042,-0.0009544243045,-0.0012048773,0.0001016436997,-0.0011032336,-0.002486916625,0.0003855120492,-0.002101404575,-0.002525737336,1.585421376e-05,-0.002509883122,-0.002994958351,0.0002974622633,-0.002697496087,-0.002136774718,2.900374758e-05,-0.00210777097,-0.0008220061091,-7.097167876e-05,-0.0008929777878,-0.002992953434,-4.261490529e-05,-0.003035568339,-0.001209587511,5.766146979e-05,-0.001151926041,-0.001517524967,0.0004622542456,-0.001055270722,-0.001937445918,0.0006440663623,-0.001293379556,-0.001668055613,0.0002354377613,-0.001432617852,-0.002230865045,0.0003431847676,-0.001887680277,-0.002642642005,0.0004722392807,-0.002170402724,-0.001416306573,0.0003206371377,-0.001095669435,-0.002916187273,0.0003289348513,-0.002587252422,-0.002203225878,0.0003042902834,-0.001898935594
11.4,-0.001873885845,0.0007694346286,-0.001104451216,-0.0004490115496,-0.0001642047669,-0.0006132163165,-0.003397288552,0.0004436805031,-0.002953608049,-0.00189783643,0.0001322998678,-0.001765536562,-0.002225822657,0.0004725210837,-0.001753301573,-0.00119891314,3.62346842e-05,-0.001162678456,-0.001152496049,0.000351277282,-0.0008012187671,-0.00142669366,0.0004021885482,-0.001024505112,-0.002082756643,-2.758750698e-05,-0.00211034415,-0.000895913828,0.0001029419012,-0.0007929719268,-0.0015552168,0.0004539717058,-0.001101245094,-0.001504165541,-0.0004246213821,-0.001928786923,-0.0005246886234,-0.0001144635279,-0.0006391521513,-0.002289221663,-0.0004143891578,-0.002703610821,-0.000425460808,-0.0002472081349,-0.0006726689429,-0.0003757253698,0.000342021298,-3.370407185e-05,-0.0006777044943,-4.263412777e-05,-0.0007203386221,-0.001305002295,0.0004776798442,-0.000827322451,-0.002027535544,0.0002923343246,-0.00173520122,-0.001255803788,0.0003218112807,-0.0009339925077,-0.001175082219,0.0001020855923,-0.001072996627,-0.002455340328,0.0003799764334,-0.002075363895,-0.00252122013,2.025796832e-05,-0.002500962161,-0.002997986276,0.0003024021697,-0.002695584107,-0.002091712527,2.788932182e-05,-0.002063823205,-0.000774953793,-8.540777227e-05,-0.0008603615653,-0.002923763965,-3.253018597e-05,-0.002956294151,-0.001137436219,4.419772301e-05,-0.001093238496,-0.001472768733,0.000457106577,-0.001015662156,-0.00189958122,0.0006418697723,-0.001257711447,-0.00159355427,0.0002345936655,-0.001358960605,-0.00218428637,0.0003385609475,-0.001845725423,-0.002595279211,0.0004805487165,-0.002114730494,-0.001380537547,0.0003282742306,-0.001052263317,-0.002855775958,0.0003273170184,-0.002528458939,-0.002137142984,0.0003195008221,-0.001817642162
11.5,-0.001866687283,0.000768125469,-0.001098561814,-0.0004111745521,-0.0001706287923,-0.0005818033444,-0.003374237165,0.0004458274312,-0.002928409734,-0.0018591051,0.0001358512013,-0.001723253899,-0.002200768962,0.0004752613052,-0.001725507657,-0.001185060482,3.234813167e-05,-0.001152712351,-0.001135095734,0.0003532274032,-0.0007818683311,-0.001404209401,0.0004005488751,-0.001003660526,-0.002050040529,-2.452699712e-05,-0.002074567526,-0.0008747494421,0.0001040509387,-0.0007706985034,-0.001517103185,0.0004474537935,-0.001069649391,-0.001472860217,-0.0004221407365,-0.001895000954,-0.0004526316963,-0.0001007754043,-0.0005534071006,-0.002239811711,-0.0004262952963,-0.002666107007,-0.0003417682287,-0.0002415434836,-0.0005833117123,-0.000287284002,0.0003345438123,4.725981031e-05,-0.000565959727,-6.282304702e-05,-0.000628782774,-0.001244638325,0.0004683241786,-0.0007763141465,-0.001984979227,0.0002877672498,-0.001697211978,-0.001231761464,0.0003187790097,-0.0009129824548,-0.001144821556,0.0001028035086,-0.001042018048,-0.002424086219,0.0003746063151,-0.002049479904,-0.002515981018,2.498332831e-05,-0.002490997689,-0.002999697443,0.0003075105712,-0.002692186872,-0.002047898491,2.73715398e-05,-0.002020526951,-0.0007290450099,-9.937347524e-05,-0.0008284184851,-0.002855902722,-2.248559379e-05,-0.002878388315,-0.001067098737,3.093684307e-05,-0.001036161894,-0.001429847699,0.0004523566328,-0.0009774910659,-0.001863210224,0.0006396874928,-0.001223522731,-0.001520420938,0.0002340371031,-0.001286383835,-0.002139290736,0.0003341922763,-0.00180509846,-0.002546258988,0.0004869649231,-0.002059294065,-0.001345184532,0.0003355976257,-0.001009586906,-0.002795191686,0.0003253668576,-0.002469824829,-0.002071947504,0.0003349616625,-0.001736985841
11.6,-0.001859042307,0.0007670850846,-0.001091957222,-0.0003741162661,-0.0001764358477,-0.0005505521138,-0.003350421682,0.0004483509516,-0.00290207073,-0.001819834032,0.0001397377445,-0.001680096287,-0.002175595454,0.0004779577235,-0.001697637731,-0.001170641946,2.85984015e-05,-0.001142043544,-0.001117182036,0.0003550389536,-0.0007621430823,-0.001380715484,0.0003989463624,-0.0009817691217,-0.002016438521,-2.140131151e-05,-0.002037839832,-0.0008531630901,0.0001052452123,-0.0007479178778,-0.0014787049,0.0004410174045,-0.001037687496,-0.001439368427,-0.0004204464544,-0.001859814882,-0.0003816710371,-8.694379518e-05,-0.0004686148323,-0.002189902674,-0.0004385551409,-0.002628457815,-0.0002583381112,-0.0002355705123,-0.0004939086236,-0.0002000297397,0.0003272143893,0.0001271846496,-0.0004558698761,-8.122728323e-05,-0.0005370971593,-0.001185087145,0.0004588672617,-0.000726219883,-0.001944342494,0.000283455371,-0.001660887123,-0.001207270603,0.000315869517,-0.0008914010857,-0.001114141195,0.000103797715,-0.00101034348,-0.002393191804,0.0003694263079,-0.002023765496,-0.002509963952,3.002619455e-05,-0.002479937758,-0.003000086417,0.0003127748425,-0.002687311574,-0.002005200231,2.736601541e-05,-0.001977834216,-0.000684387912,-0.0001127973966,-0.0007971853086,-0.002789388798,-1.256050806e-05,-0.002801949306,-0.0009987200812,1.793969901e-05,-0.0009807803822,-0.001388665232,0.0004480225822,-0.0009406426498,-0.001828251775,0.0006374653326,-0.001190786442,-0.001448632461,0.0002337646305,-0.001214867831,-0.002095888217,0.0003301021841,-0.001765786033,-0.002495693299,0.0004916076669,-0.002004085632,-0.001310142777,0.0003424704732,-0.000967672304,-0.002734515077,0.0003231264417,-0.002411388635,-0.002007772066,0.0003506051151,-0.001657166951
11.7,-0.001850958152,0.0007663372288,-0.001084620923,-0.0003378712613,-0.0001816007522,-0.0005194720135,-0.003325845733,0.0004512703557,-0.002874575377,-0.00178012846,0.0001439565636,-0.001636171897,-0.00215022862,0.0004805906219,-0.001669637998,-0.001155606173,2.499785378e-05,-0.001130608319,-0.001098638807,0.0003567108122,-0.0007419279943,-0.00135623284,0.0003973941249,-0.0009588387153,-0.001981828973,-1.821219217e-05,-0.002000041166,-0.0008310500941,0.0001065174063,-0.0007245326878,-0.001439998133,0.0004346733928,-0.00100532474,-0.001403545513,-0.0004195568754,-0.001823102388,-0.0003118581898,-7.309039605e-05,-0.0003849485859,-0.002139526098,-0.0004509997047,-0.002590525803,-0.0001749159569,-0.0002294365972,-0.0004043525541,-0.0001140098375,0.0003200899894,0.0002060801519,-0.0003476861018,-9.769887685e-05,-0.0004453849787,-0.0011261963,0.0004492953232,-0.000676900977,-0.001905561798,0.00027940115,-0.001626160648,-0.001182337663,0.000313095085,-0.0008692425778,-0.001083073076,0.0001050661004,-0.0009780069755,-0.00236267058,0.0003644574844,-0.001998213095,-0.002503095616,3.538035494e-05,-0.002467715261,-0.002999146453,0.0003181807661,-0.002680965687,-0.001963448316,2.776859336e-05,-0.001935679723,-0.0006410707417,-0.0001256171384,-0.0007666878801,-0.002724221139,-2.83290874e-06,-0.002727054048,-0.0009324355517,5.273486711e-06,-0.000927162065,-0.00134909978,0.0004441182685,-0.0009049815116,-0.001794598864,0.0006351439995,-0.001159454864,-0.001378136278,0.000233767189,-0.001144369089,-0.002054062,0.0003263113012,-0.001727750699,-0.002443701433,0.0004946144638,-0.001949086969,-0.001275302549,0.0003487586508,-0.0009265438978,-0.002673824908,0.000320642926,-0.002353181982,-0.001944733774,0.0003663565479,-0.001578377227
11.8,-0.001842430108,0.0007659021983,-0.00107652791,-0.0003024521039,-0.000186101326,-0.0004885534298,-0.003300495923,0.0004546022462,-0.002845893677,-0.001740080397,0.0001485023823,-0.001591578015,-0.002124576384,0.000483138826,-0.001641437558,-0.001139888152,2.15564474e-05,-0.001118331705,-0.001079340626,0.0003582420674,-0.0007210985588,-0.001330777587,0.0003959029463,-0.0009348746405,-0.001946076191,-1.496112898e-05,-0.00196103732,-0.0008082921818,0.000107857245,-0.0007004349368,-0.00140094181,0.0004284297851,-0.0009725120252,-0.001365258157,-0.0004194749526,-0.00178473311,-0.0002432377359,-5.933475797e-05,-0.0003025724939,-0.002088697446,-0.0004634531996,-0.002552150646,-9.124985918e-05,-0.0002232957496,-0.0003145456088,-2.925085192e-05,0.0003132211842,0.0002839703323,-0.0002416545585,-0.0001120986707,-0.0003537532293,-0.001067794017,0.000439592638,-0.0006282013786,-0.001868545081,0.000275595723,-0.001592949358,-0.001156955882,0.0003104656436,-0.0008464902388,-0.001051637371,0.0001066040426,-0.0009450333289,-0.002332515457,0.0003597169832,-0.001972798473,-0.002495289225,4.103738718e-05,-0.002454251837,-0.002996871319,0.00032371301,-0.002673158309,-0.001922444896,2.845894837e-05,-0.001893985947,-0.0005991621458,-0.0001377807688,-0.0007369429146,-0.002660380638,6.618882616e-06,-0.002653761755,-0.0008683714349,-6.991230546e-06,-0.0008753626654,-0.001311012357,0.0004406524758,-0.0008703598808,-0.001762124963,0.0006326605341,-0.001129464429,-0.001308855025,0.0002340301613,-0.001074824864,-0.002013771572,0.0003228370562,-0.001690934516,-0.002390407976,0.0004961349611,-0.001894273015,-0.001240554323,0.0003543342244,-0.0008862200986,-0.002613200035,0.0003179670441,-0.002295232991,-0.001882931937,0.0003821312521,-0.001500800684
11.9,-0.001833443778,0.0007657969801,-0.001067646798,-0.0002678513972,-0.0001899185166,-0.0004577699138,-0.003274344619,0.0004583602044,-0.002815984415,-0.001699769138,0.0001533676187,-0.00154640152,-0.002098534377,0.0004855798675,-0.00161295451,-0.001123411782,1.828193842e-05,-0.001105129844,-0.001059159946,0.0003596320587,-0.000699527887,-0.001304361601,0.0003944815789,-0.0009098800219,-0.001909039752,-1.164950912e-05,-0.001920689261,-0.0007847649134,0.0001092515463,-0.0006755133672,-0.001361483973,0.000422291701,-0.0009391922724,-0.001324389973,-0.0004201907309,-0.001744580703,-0.0001758507197,-4.579215918e-05,-0.0002216428789,-0.002037419043,-0.0004757374769,-0.00251315652,-7.10695474e-06,-0.0002173013683,-0.0002244083231,5.42378313e-05,0.0003066502429,0.0003608880742,-0.0001380183233,-0.0001242985984,-0.0002623169217,-0.001009697843,0.0004297417084,-0.000579956135,-0.001833179747,0.0002720195252,-0.001561160222,-0.001131108047,0.0003079885026,-0.0008231195448,-0.001019846012,0.0001084042793,-0.0009114417325,-0.002302704058,0.0003552176585,-0.0019474864,-0.002486449679,4.698663418e-05,-0.002439463045,-0.002993257883,0.0003293556159,-0.002663902267,-0.001881974112,2.930310202e-05,-0.00185267101,-0.0005587145005,-0.0001492479218,-0.0007079624224,-0.002597836784,1.571555927e-05,-0.002582121225,-0.0008066480831,-1.878356696e-05,-0.00082543165,-0.001274256329,0.0004376283055,-0.000836628023,-0.001730692985,0.0006299498244,-0.00110074316,-0.001240693686,0.0002345335359,-0.00100616015,-0.001974958591,0.0003196934883,-0.001655265103,-0.002335944249,0.0004963263674,-0.001839617882,-0.001205795893,0.0003590787178,-0.0008467171749,-0.002552723617,0.0003151516531,-0.002237571964,-0.001822447223,0.0003978311065,-0.001424616117
12.0,-0.001823978202,0.0007660354971,-0.001057942705,-0.0002340457966,-0.0001930364915,-0.0004270822881,-0.003247353987,0.000462554577,-0.00278479941,-0.001659262922,0.0001585425663,-0.001500720355,-0.002071993952,0.0004878902836,-0.001584103668,-0.001106093639,1.518021335e-05,-0.001090913426,-0.001037975376,0.0003608804588,-0.0006770949171,-0.001276993807,0.0003931372769,-0.0008838565304,-0.00187058503,-8.278791895e-06,-0.001878863822,-0.0007603460701,0.0001106843662,-0.0006496617038,-0.001321569316,0.0004162613733,-0.0009053079424,-0.001280848211,-0.0004216846713,-0.001702532882,-0.0001097386064,-3.257186107e-05,-0.0001423104675,-0.001985685153,-0.0004876768827,-0.002473362036,7.77104225e-05,-0.0002115999862,-0.0001338895637,0.0001364586454,0.0003004094389,0.0004368680843,-3.702109609e-05,-0.0001341831301,-0.0001712042262,-0.0009517255668,0.0004197234575,-0.0005320021092,-0.001799343334,0.000268643554,-0.00153069978,-0.001104770118,0.0003056682213,-0.0007991018967,-0.0009877069345,0.0001104568614,-0.0008772500731,-0.002273205068,0.000350967887,-0.001922237181,-0.002476479182,5.321529938e-05,-0.002423263883,-0.002988308982,0.0003350924793,-0.002653216503,-0.001841814309,3.01559258e-05,-0.001811658383,-0.000519769424,-0.000159990205,-0.000679759629,-0.002536556517,2.437677926e-05,-0.002512179737,-0.0007473847486,-3.003482559e-05,-0.0007774195742,-0.001238688084,0.0004350429597,-0.0008036451247,-0.001700165541,0.0006269462055,-0.001073219336,-0.001173548073,0.0002352521482,-0.0009382959246,-0.001937554327,0.000316891238,-0.001620663089,-0.002280451366,0.0004953492286,-0.001785102138,-0.001170940557,0.0003628858855,-0.0008080546714,-0.002492488499,0.0003122502663,-0.002180238233,-0.001763342703,0.0004133422738,-0.001350000429
12.1,-0.001814009293,0.0007666290132,-0.00104738028,-0.000201001326,-0.0001954426469,-0.0003964439729,-0.003219480434,0.000467192371,-0.002752288063,-0.001618621221,0.0001640156386,-0.001454605583,-0.002044850363,0.0004900460146,-0.001554804348,-0.001087847299,1.225567258e-05,-0.001075591626,-0.001015679414,0.0003619873422,-0.0006536920718,-0.001248681981,0.0003918763607,-0.0008568056199,-0.001830592855,-4.850719433e-06,-0.001835443574,-0.0007349233155,0.000112137223,-0.0006227860926,-0.001281146231,0.0004103382481,-0.0008708079831,-0.001234570013,-0.0004239318118,-0.001658501825,-4.494700199e-05,-1.977600591e-05,-6.47230079e-05,-0.001933488094,-0.0004991029747,-0.002432591069,0.0001633508629,-0.0002063261276,-4.297526476e-05,0.0002174195068,0.0002945197821,0.0005119392889,6.108798966e-05,-0.0001416495489,-8.056155925e-05,-0.0008937067118,0.0004095175888,-0.000484189123,-0.001766915362,0.0002654315122,-0.00150148385,-0.001077915206,0.0003035067059,-0.0007744085003,-0.0009552283372,0.0001127493273,-0.0008424790099,-0.002243984624,0.0003469716852,-0.001897012939,-0.002465282332,5.970866088e-05,-0.002405573671,-0.00298203598,0.0003409077603,-0.00264112822,-0.001801751361,3.08643361e-05,-0.001770887025,-0.0004823640073,-0.0001699908877,-0.000652354895,-0.002476513365,3.252124488e-05,-0.002443992121,-0.0006907048277,-4.068051117e-05,-0.0007313853389,-0.001204176831,0.0004328880705,-0.0007712887606,-0.001670414687,0.0006235851502,-0.001046829537,-0.0011073131,0.0002361559521,-0.0008711571474,-0.001901487098,0.0003144376096,-0.001587049489,-0.002224083019,0.0004933634541,-0.001730719565,-0.001135925174,0.0003656639834,-0.000770261191,-0.0024326022,0.0003093156148,-0.002123286585,-0.001705666897,0.0004285347664,-0.00127713213
12.2,-0.001803512876,0.0007675866084,-0.001035926267,-0.0001686789955,-0.0001971275819,-0.0003658065774,-0.003190678604,0.0004722772116,-0.002718401392,-0.001577897032,0.0001697735852,-0.001408123447,-0.002017009416,0.000492022842,-0.001524986574,-0.001068587454,9.511625828e-06,-0.001059075828,-0.0009921838546,0.0003629532181,-0.0006292306365,-0.001219434667,0.0003907046133,-0.0008287300539,-0.001788966223,-1.367519881e-06,-0.001790333742,-0.0007083994218,0.0001135894164,-0.0005948100054,-0.001240171629,0.0004045191703,-0.0008356524585,-0.001185527287,-0.000426906086,-0.001612433373,1.847121501e-05,-7.498845374e-06,1.097236963e-05,-0.001880824096,-0.0005098584107,-0.002390682507,0.0002499041802,-0.0002015982521,4.830592812e-05,0.0002971278575,0.0002889901026,0.0005861179601,0.0001560499365,-0.0001466080853,9.441851198e-06,-0.000835492629,0.0003991031726,-0.0004363894564,-0.001735787958,0.0002623425715,-0.001473445387,-0.0010505172,0.0003015034585,-0.0007490137419,-0.0009224220831,0.00011526709,-0.000807154993,-0.002215011602,0.0003432291239,-0.001871782478,-0.002452769714,6.645036554e-05,-0.002386319348,-0.002974460367,0.0003467861509,-0.002627674217,-0.00176159156,3.12712005e-05,-0.00173032036,-0.0004465359948,-0.0001792440448,-0.0006257800396,-0.00241769536,4.006693639e-05,-0.002377628424,-0.0006367391044,-5.066251287e-05,-0.0006874016173,-0.001170611474,0.0004311503884,-0.0007394610852,-0.001641328939,0.000619804921,-0.001021524018,-0.001041889171,0.0002372102108,-0.0008046789603,-0.001866688137,0.0003123366485,-0.001554351488,-0.002167007014,0.0004905252058,-0.001676481809,-0.001100716656,0.0003673377236,-0.0007333789326,-0.002373189945,0.0003063983122,-0.002066791633,-0.001649458094,0.0004432640084,-0.001206194086
12.3,-0.001792466629,0.0007689155918,-0.001023551038,-0.0001370396225,-0.0001980851107,-0.0003351247332,-0.00316090428,0.0004778093573,-0.002683094923,-0.001537138558,0.0001758016659,-0.001361336892,-0.001988391103,0.0004937968318,-0.001494594271,-0.001048233136,6.950688767e-06,-0.001041282447,-0.0009674216358,0.0003637790308,-0.0006036426049,-0.001189262813,0.0003896273615,-0.0007996354512,-0.001745632603,2.167885929e-06,-0.001743464717,-0.0006806938831,0.0001150183961,-0.000565675487,-0.001198612287,0.0003987986109,-0.0007998136763,-0.001133729997,-0.0004305836553,-0.001564313653,8.045390342e-05,4.174097189e-06,8.462800061e-05,-0.001827697561,-0.0005197997031,-0.002347497265,0.0003373970881,-0.0001975157692,0.0001398813189,0.0003755865119,0.0002838163104,0.0006594028223,0.000247593989,-0.0001489834133,9.861057576e-05,-0.0007769633894,0.0003884595111,-0.0003885038783,-0.00170587309,0.0002593342826,-0.001446538807,-0.00102255335,0.0002996557461,-0.0007228976035,-0.0008893055359,0.0001179938686,-0.0007713116673,-0.00218626087,0.0003397368724,-0.001846523998,-0.002438859485,7.342275157e-05,-0.002365436733,-0.002965613984,0.0003527129917,-0.002612900992,-0.00172117237,3.121994785e-05,-0.001689952422,-0.0004123264258,-0.0001877533247,-0.0006000797505,-0.002360110117,4.693158256e-05,-0.002313178534,-0.0005856246631,-5.993195289e-05,-0.000645556616,-0.001137903144,0.0004298124742,-0.00070809067,-0.001612815958,0.0006155479792,-0.0009972679787,-0.0009771854579,0.0002383754597,-0.0007388099982,-0.001833094936,0.0003105892403,-0.001522505696,-0.002109405267,0.000486985255,-0.001622420012,-0.00106531571,0.0003678500403,-0.0006974656696,-0.00231439462,0.000303545557,-0.002010849063,-0.001594748842,0.0004573743648,-0.001137374477
12.4,-0.001780850612,0.0007706218519,-0.00101022876,-0.000106047145,-0.0001983123181,-0.0003043594631,-0.003130115986,0.000483785785,-0.002646330201,-0.001496389997,0.0001820838102,-0.001314306187,-0.001958929773,0.0004953447573,-0.001463585016,-0.001026709691,4.575127687e-06,-0.001022134564,-0.0009413451739,0.0003644661004,-0.0005768790734,-0.001158180896,0.0003886491864,-0.0007695317097,-0.001700542151,5.75158778e-06,-0.001694790563,-0.0006517412133,0.0001164000667,-0.0005353411467,-0.001156443011,0.0003931688408,-0.0007632741702,-0.001079227983,-0.0004349446531,-0.001514172636,0.0001409296721,1.516686766e-05,0.0001560965397,-0.00177412307,-0.0005287989933,-0.002302922063,0.0004257939014,-0.0001941571036,0.0002316367977,0.0004527918925,0.0002789808658,0.0007317727583,0.0003354403105,-0.0001487183293,0.0001867219812,-0.0007180307461,0.0003775672951,-0.000340463451,-0.001677105538,0.0002563652976,-0.00142074024,-0.0009940056157,0.0002979585535,-0.0006960470622,-0.0008559017369,0.0001209120347,-0.0007349897021,-0.002157714477,0.0003364887483,-0.001821225729,-0.002423477414,8.060713818e-05,-0.002342870276,-0.002955538081,0.0003586743436,-0.002596863737,-0.001680369932,3.056003273e-05,-0.001649809899,-0.0003797792305,-0.0001955304335,-0.000575309664,-0.002303786004,5.303313976e-05,-0.002250752864,-0.0005374990077,-6.845239869e-05,-0.0006059514064,-0.00110598385,0.000428853188,-0.0006771306617,-0.001584801358,0.000610762096,-0.0009740392623,-0.0009131200969,0.0002396072897,-0.0006735128071,-0.001800652199,0.0003091932444,-0.001491458954,-0.002051472342,0.0004828887653,-0.001568583577,-0.001029757604,0.0003671637142,-0.0006625938901,-0.002256373872,0.000300799916,-0.001955573956,-0.001541570532,0.0004707049333,-0.001070865598
12.5,-0.001768646765,0.0007727102457,-0.0009959365193,-7.567053788e-05,-0.0001978096063,-0.0002734801442,-0.003098275712,0.0004902003195,-0.002608075393,-0.001455691654,0.0001886027722,-0.001267088881,-0.001928571998,0.0004966444512,-0.001431927546,-0.001003949771,2.387070925e-06,-0.0010015627,-0.0009139228327,0.000365015977,-0.0005489068556,-0.001126207726,0.0003877733673,-0.0007384343587,-0.001653664096,9.378270467e-06,-0.001644285825,-0.0006214878762,0.0001177089719,-0.0005037789043,-0.001113643488,0.0003876200052,-0.0007260234831,-0.001022111785,-0.0004399735604,-0.001462085345,0.000199820204,2.541353236e-05,0.0002252337364,-0.001720125605,-0.0005367452078,-0.002256870813,0.0005150005597,-0.0001915789495,0.0003234216103,0.0005287339118,0.0002744528178,0.0008031867296,0.0004193080083,-0.0001457796488,0.0002735283595,-0.0006586380629,0.0003664099432,-0.0002922281197,-0.001649442428,0.0002533976549,-0.001396044773,-0.0009648612644,0.0002964044332,-0.0006684568312,-0.0008222386293,0.0001240029385,-0.0006982356908,-0.002129361757,0.0003334763126,-0.001795885445,-0.002406556717,8.798401595e-05,-0.002318572701,-0.002944282047,0.0003646571289,-0.002579624918,-0.001639103202,2.915302833e-05,-0.001609950174,-0.0003489386811,-0.0002025934667,-0.0005515321478,-0.002248769406,5.828962886e-05,-0.002190479777,-0.0004924914393,-7.620258817e-05,-0.0005686940274,-0.001074803442,0.0004282479002,-0.0006465555422,-0.001557226108,0.0006054013061,-0.0009518248016,-0.0008496188673,0.0002408562781,-0.0006087625892,-0.001769311497,0.0003081435989,-0.001461167898,-0.001993413181,0.0004783757688,-0.001515037412,-0.0009941108521,0.0003652628026,-0.0006288480495,-0.002199296031,0.0002981985426,-0.001901097488,-0.001489958823,0.0004830974986,-0.001006861324
12.6,-0.001755838226,0.0007751850216,-0.0009806532045,-4.588513688e-05,-0.0001965807146,-0.0002424658515,-0.003065349618,0.0004970437381,-0.00256830588,-0.001415079951,0.0001953402519,-0.001219739699,-0.00189727426,0.0004976750432,-0.001399599217,-0.0009798940025,3.885651911e-07,-0.0009795054373,-0.0008851358175,0.0003654302355,-0.000519705582,-0.001093367243,0.0003870013134,-0.0007063659301,-0.001604984038,1.304079489e-05,-0.001591943243,-0.0005898902368,0.0001189184278,-0.000470971809,-0.001070196171,0.0003821401671,-0.0006880560041,-0.0009625135319,-0.0004456584871,-0.001408172019,0.0002570438844,3.485791373e-05,0.0002919017982,-0.001665740335,-0.0005435448683,-0.002209285203,0.0006048697677,-0.0001898167243,0.0004150530434,0.0006033960296,0.0002701887446,0.0008735847742,0.0004989270027,-0.0001401654668,0.0003587615359,-0.0005987593412,0.0003549749365,-0.0002437844047,-0.001622861208,0.0002503984419,-0.001372462766,-0.0009351134215,0.0002949834591,-0.0006401299623,-0.0007883483137,0.0001272473404,-0.0006611009733,-0.002101199638,0.0003306895911,-0.001770510047,-0.002388038921,9.553309741e-05,-0.002292505824,-0.002931902699,0.000370649357,-0.002561253342,-0.001597335473,2.687844201e-05,-0.001570457031,-0.0003198465449,-0.000208965315,-0.00052881186,-0.002195119267,6.261760341e-05,-0.002132501664,-0.0004507148999,-8.317800139e-05,-0.0005338929013,-0.001044327272,0.0004279683963,-0.0006163588756,-0.001530045055,0.0005994267924,-0.0009306182625,-0.0007866143481,0.0002420684053,-0.0005445459428,-0.001739030965,0.0003074322056,-0.00143159876,-0.001935441021,0.0004735813316,-0.001461859689,-0.0009584750672,0.0003621536234,-0.0005963214438,-0.002143336836,0.0002957730527,-0.001847563783,-0.001439960103,0.0004944054474,-0.0009455546561
12.7,-0.001742409198,0.0007780501555,-0.0009643590422,-1.667420193e-05,-0.0001946327514,-0.0002113069533,-0.00303130946,0.0005043038343,-0.002527005626,-0.001374587978,0.0002022769841,-0.001172310994,-0.001865002263,0.0004984171,-0.001366585163,-0.0009544920549,-1.418453175e-06,-0.0009559105081,-0.0008549770887,0.0003657102936,-0.0004892667951,-0.00105968958,0.0003863322324,-0.0006733573475,-0.001554503809,1.672992608e-05,-0.001537773883,-0.0005569149484,0.0001200007285,-0.0004369142199,-0.001026086589,0.0003767154374,-0.0006493711513,-0.0009006087092,-0.0004519893441,-0.001352598053,0.0003125188308,4.345248322e-05,0.000355971314,-0.001611013288,-0.0005491225679,-0.002160135856,0.0006952051076,-0.0001888856694,0.0005063194381,0.0006767543742,0.0002661344849,0.000942888859,0.000574050003,-0.0001319116523,0.0004421383506,-0.0005383992668,0.0003432549033,-0.0001951443634,-0.001597358004,0.000247340858,-0.001350017146,-0.0009047620639,0.0002936833493,-0.0006110787146,-0.0007542669635,0.0001306259468,-0.0006236410167,-0.002073233847,0.0003281178781,-0.001745115969,-0.002367876283,0.000103233249,-0.002264643034,-0.002918464588,0.0003766403469,-0.002541824241,-0.001555074424,2.363815025e-05,-0.001531436274,-0.0002925405894,-0.0002146723053,-0.0005072128947,-0.002142900965,6.592930571e-05,-0.002076971659,-0.0004122606159,-8.939113068e-05,-0.0005016517466,-0.001014535866,0.0004279826075,-0.0005865532587,-0.001503227771,0.0005928076365,-0.0009104201345,-0.0007240468403,0.0002431860572,-0.0004808607832,-0.001709775823,0.0003070473937,-0.001402728429,-0.001877776116,0.0004686345557,-0.001409141561,-0.0009229789455,0.0003578651167,-0.0005651138288,-0.002088678043,0.0002935497731,-0.00179512827,-0.001391638401,0.000504502092,-0.0008871363094
12.8,-0.001728345805,0.0007813095417,-0.0009470362634,1.196889516e-05,-0.0001919762715,-0.0001800073763,-0.002996135094,0.0005119654937,-0.0024841696,-0.001334246884,0.0002093928527,-0.001124854031,-0.001831732454,0.0004988527474,-0.001332879706,-0.0009277044398,-3.03218832e-06,-0.0009307366281,-0.0008234526353,0.0003658573204,-0.0004575953149,-0.001025212399,0.0003857631224,-0.0006394492767,-0.001502244019,2.043424436e-05,-0.001481809775,-0.0005225418215,0.0001209274826,-0.0004016143389,-0.0009813062231,0.0003713302451,-0.000609975978,-0.0008366188379,-0.0004589550857,-0.001295573924,0.0003661637999,5.115638451e-05,0.0004173201844,-0.00155600363,-0.0005534210536,-0.002109424683,0.0007857627301,-0.0001887819993,0.0005969807307,0.0007487755281,0.0002622272118,0.00101100274,0.0006444608388,-0.0001210953257,0.0005233655131,-0.0004775949627,0.0003312481719,-0.0001463467908,-0.001572947453,0.0002442047811,-0.001328742672,-0.0008738155492,0.0002924896861,-0.0005813258631,-0.0007200355524,0.0001341199245,-0.0005859156279,-0.002045481037,0.0003257504958,-0.001719730542,-0.00234603555,0.0001110623951,-0.002234973155,-0.002904041268,0.0003826208644,-0.002521420404,-0.001512371742,1.935890746e-05,-0.001493012835,-0.0002670551572,-0.0002197430313,-0.0004867981885,-0.002092181878,6.812987014e-05,-0.002024052008,-0.0003771962852,-9.487060587e-05,-0.0004720668911,-0.0009854268536,0.0004282544518,-0.0005571724018,-0.001476761781,0.0005855214751,-0.0008912403055,-0.0006618673576,0.0002441495344,-0.0004177178232,-0.001681519962,0.0003069729508,-0.001374547011,-0.001820645237,0.0004636561562,-0.001356989081,-0.0008877789084,0.0003524487597,-0.0005353301487,-0.002035507822,0.0002915498217,-0.001743958,-0.001345082255,0.0005132875164,-0.0008317947387
12.9,-0.001713638011,0.0007849670974,-0.0009286709135,4.003790732e-05,-0.0001886253702,-0.0001485874629,-0.002959817898,0.0005200108334,-0.002439807064,-0.001294088114,0.0002166670806,-0.001077421033,-0.001797455356,0.0004989658476,-0.001298489509,-0.0008995050165,-4.451003157e-06,-0.0009039560196,-0.0007905844703,0.0003658722289,-0.0004247122414,-0.0009899823988,0.0003852889979,-0.0006046934008,-0.001448248346,2.414017261e-05,-0.001424108174,-0.0004867682763,0.0001216700499,-0.0003650982264,-0.0009358571538,0.0003659677307,-0.0005698894231,-0.0007708145598,-0.0004665405238,-0.001237355084,0.0004178965554,5.79329024e-05,0.0004758294577,-0.001500787457,-0.0005564009766,-0.002057188434,0.0008762509391,-0.0001894844244,0.0006867665147,0.0008194130279,0.0002583975013,0.001077810529,0.0007099780509,-0.0001078348399,0.000602143211,-0.0004164190633,0.0003189586687,-9.746039461e-05,-0.001549664106,0.0002409767957,-0.00130868731,-0.0008422925913,0.0002913862254,-0.000550906366,-0.0006857012374,0.0001377113308,-0.0005479899066,-0.002017971464,0.0003235774934,-0.001694393971,-0.002322502432,0.0001189975137,-0.002203504918,-0.002888717161,0.0003885831603,-0.002500134001,-0.001469322925,1.399307176e-05,-0.001455329853,-0.000243423541,-0.0002242072869,-0.0004676308279,-0.002043030641,6.911657672e-05,-0.001973914064,-0.0003455674497,-9.965942289e-05,-0.0004452268726,-0.0009570183343,0.0004287439659,-0.0005282743683,-0.001450657577,0.0005775553106,-0.0008731022669,-0.0006000422918,0.0002448989533,-0.0003551433386,-0.001654248428,0.000307187002,-0.001347061426,-0.001764281833,0.0004587551967,-0.001305526636,-0.0008530583941,0.0003459781993,-0.0005070801948,-0.001984022134,0.0002897887379,-0.001694233396,-0.001300411192,0.0005206935395,-0.0007797176526
13.0,-0.001698282315,0.0007890268306,-0.0009092554846,6.75107322e-05,-0.0001845977524,-0.0001170870202,-0.002922364616,0.0005284193785,-0.002393945237,-0.001254146138,0.0002240784698,-0.001030067668,-0.001762179647,0.0004987422301,-0.001263437417,-0.0008698838198,-5.673461483e-06,-0.0008755572813,-0.0007564141508,0.0003657556963,-0.0003906584545,-0.0009540567713,0.0003849031662,-0.0005691536051,-0.001392588043,2.783207194e-05,-0.001364755971,-0.0004496140245,0.0001222000433,-0.0003274139812,-0.0008897571645,0.0003606102382,-0.0005291469263,-0.000703518494,-0.0004747231011,-0.001178241595,0.0004676303445,6.374733209e-05,0.0005313776766,-0.001445462623,-0.000558040364,-0.002003502987,0.0009663297854,-0.0001909570997,0.0007753726857,0.0008886029631,0.0002545713496,0.001143174313,0.0007704553325,-9.228753288e-05,0.0006781677996,-0.0003549832507,0.0003063953319,-4.858791885e-05,-0.001527564761,0.0002376496055,-0.001289915155,-0.0008102244872,0.0002903553986,-0.0005198690886,-0.0006513190335,0.000141383526,-0.0005099355075,-0.001990751675,0.0003215903965,-0.001669161278,-0.002297285846,0.0001270147875,-0.002170271058,-0.002872589442,0.0003945209187,-0.002478068523,-0.001426067294,7.518030626e-06,-0.001418549264,-0.0002216811761,-0.0002280951228,-0.0004497762988,-0.001995520881,6.878147159e-05,-0.00192673941,-0.0003174009324,-0.0001038125672,-0.0004212134996,-0.0009293521434,0.0004294077101,-0.0004999444333,-0.001424954061,0.0005689066634,-0.0008560473975,-0.000538558782,0.0002453763281,-0.0002931824539,-0.001627960264,0.0003076611772,-0.001320299086,-0.001708926999,0.000454026154,-0.001254900845,-0.0008190271854,0.0003385484035,-0.0004804787819,-0.001934426083,0.0002882757258,-0.001646150357,-0.001257780657,0.0005266861802,-0.0007310944767
13.1,-0.001682284692,0.0007934928534,-0.0008887918386,9.434686709e-05,-0.0001799147859,-8.556791876e-05,-0.002883800914,0.0005371682031,-0.002346632711,-0.00121446113,0.0002316055991,-0.0009828555312,-0.001725935623,0.0004981699177,-0.001227765706,-0.0008388496257,-6.698406873e-06,-0.0008455480326,-0.0007210053571,0.0003655081699,-0.0003554971872,-0.0009175043967,0.0003845973923,-0.0005329070044,-0.00133536491,3.149242914e-05,-0.001303872481,-0.000411124439,0.0001224898955,-0.0002886345435,-0.0008430437578,0.0003552399071,-0.0004878038506,-0.000635106801,-0.0004834698343,-0.001118576635,0.0005152700185,6.856618899e-05,0.0005838362075,-0.001390153429,-0.0005583339561,-0.001948487385,0.001055613102,-0.0001931543722,0.0008624587296,0.0009562594439,0.0002506722454,0.001206931689,0.00082578093,-7.464670222e-05,0.0007511342278,-0.00029344112,0.0002935713234,1.302034238e-07,-0.001506730701,0.0002342209649,-0.001272509737,-0.0007776571904,0.0002893790464,-0.000488278144,-0.0006169531741,0.0001451216231,-0.000471831551,-0.001963886415,0.0003197830619,-0.001644103353,-0.002270420901,0.0001350898825,-0.002135331019,-0.002855769287,0.0004004290968,-0.00245534019,-0.001382787893,-6.499539098e-08,-0.001382852888,-0.0002018682869,-0.0002314361473,-0.0004333044343,-0.001949738442,6.701707846e-05,-0.001882721364,-0.0002927085191,-0.0001073943186,-0.0004001028377,-0.0009024952467,0.0004301994022,-0.0004722958445,-0.001399722472,0.0005595849407,-0.0008401375315,-0.0004774293695,0.0002455275555,-0.000231901814,-0.001602670864,0.0003083603986,-0.001294310465,-0.001654831105,0.0004495475058,-0.001205283599,-0.0007859200318,0.0003302741019,-0.0004556459299,-0.001886934194,0.0002870126336,-0.00159992156,-0.001217383361,0.0005312648915,-0.0006861184698
13.2,-0.001665663082,0.0007983693032,-0.0008672937789,0.0001204861307,-0.0001746015814,-5.411545066e-05,-0.002844173897,0.0005462320156,-0.002297941882,-0.001175080983,0.0002392269281,-0.0009358540549,-0.001688776669,0.0004972392936,-0.001191537375,-0.0008064316168,-7.525058126e-06,-0.0008139566749,-0.000684444165,0.0003651298636,-0.0003193143014,-0.0008804065457,0.0003843618674,-0.0004960446783,-0.001276711101,3.510214626e-05,-0.001241608955,-0.0003713712241,0.0001225134801,-0.000248857744,-0.0007957756308,0.000349839344,-0.0004459362868,-0.0005660078904,-0.0004927347522,-0.001058742643,0.0005607096174,7.235776693e-05,0.0006330673843,-0.001335013309,-0.0005572928866,-0.001892306196,0.001143674069,-0.0001960261421,0.0009476479267,0.001022270969,0.0002466233783,0.001268894347,0.0008758771185,-5.513826377e-05,0.0008207388548,-0.0002319890473,0.0002805032613,4.851421399e-05,-0.001487268446,0.0002306923506,-0.001256576095,-0.0007446526297,0.00028843921,-0.0004562134197,-0.0005826774423,0.0001489128882,-0.0004337645541,-0.001937458885,0.0003181524918,-0.001619306393,-0.002241969869,0.0001431982683,-0.002098771601,-0.00283838193,0.0004063036562,-0.002432078274,-0.001339710394,-8.732233661e-06,-0.001348442627,-0.0001840306403,-0.0002342591687,-0.000418289809,-0.001905789495,6.372338136e-05,-0.001842066114,-0.0002714889203,-0.0001104754623,-0.0003819643826,-0.0008765381234,0.0004310708597,-0.0004454672637,-0.001375067192,0.000549612612,-0.0008254545804,-0.0004166945556,0.0002453041571,-0.0001713903985,-0.001578412854,0.000309243344,-0.00126916951,-0.00160225504,0.0004453823388,-0.001156872701,-0.0007539939923,0.000321287472,-0.0004327065203,-0.001841768664,0.0002859926869,-0.001555775977,-0.001179445578,0.0005344585497,-0.0006449870287
13.3,-0.001648448897,0.0008036601593,-0.0008447887372,0.0001458492679,-0.0001686870692,-2.283780137e-05,-0.00280355314,0.0005555832524,-0.002247969887,-0.001136062248,0.0002469208408,-0.0008891414072,-0.001650777959,0.0004959432,-0.001154834759,-0.0007726797535,-8.153112952e-06,-0.0007808328665,-0.0006468365129,0.0003646207491,-0.0002822157637,-0.0008428569517,0.0003841849543,-0.0004586719974,-0.001216785303,3.864084374e-05,-0.001178144459,-0.0003304499851,0.0001222467034,-0.0002082032817,-0.0007480311359,0.0003443922775,-0.0004036388584,-0.0004966971455,-0.0005024572003,-0.0009991543458,0.000603832359,7.509341058e-05,0.0006789257696,-0.001280223971,-0.000554945163,-0.001835169134,0.001230053884,-0.0001995219209,0.001030531963,0.001086498665,0.0002423499587,0.001328848623,0.000920699901,-3.401649726e-05,0.0008866834038,-0.0001708640905,0.0002672106024,9.634651187e-05,-0.001469307798,0.0002270674677,-0.00124224033,-0.0007112888496,0.000287518723,-0.0004237701266,-0.0005485741316,0.0001527469496,-0.0003958271819,-0.001911568948,0.0003166993652,-0.001594869583,-0.002212021181,0.0001513155088,-0.002060705673,-0.002820565429,0.0004121412795,-0.00240842415,-0.001297099676,-1.843884071e-05,-0.001315538516,-0.0001682177293,-0.0002365921043,-0.0004048098336,-0.001863806401,5.881391246e-05,-0.001804992489,-0.0002537270118,-0.0001131305632,-0.000366857575,-0.0008515903455,0.0004319733145,-0.000419617031,-0.001351123165,0.0005390258229,-0.0008120973422,-0.0003564226339,0.0002446647901,-0.0001117578437,-0.001555234967,0.0003102634073,-0.00124497156,-0.001551469479,0.0004415803702,-0.001109889109,-0.0007235239803,0.0003117349527,-0.0004117890276,-0.001799155057,0.000285199002,-0.001513956055,-0.001144218879,0.0005363194005,-0.0006078994784
13.4,-0.001630687437,0.0008093689372,-0.0008213185001,0.0001703403809,-0.0001622039498,8.136431111e-06,-0.00276203032,0.000565192254,-0.002196838066,-0.001097470082,0.0002546656843,-0.0008428043975,-0.001612032991,0.0004942769774,-0.001117756014,-0.0007376639837,-8.582888107e-06,-0.0007462468718,-0.0006083038645,0.000363980525,-0.0002443233396,-0.0008049612849,0.0003840527429,-0.000420908542,-0.00115576679,4.20870578e-05,-0.001113679733,-0.0002884759693,0.0001216679582,-0.0001668080111,-0.0006999049117,0.0003388840808,-0.0003610208308,-0.0004276879123,-0.0005125613789,-0.0009402492913,0.0006445124652,7.674909453e-05,0.0007212615598,-0.00122599114,-0.0005513367567,-0.001777327896,0.001314272399,-0.0002035925744,0.001110679825,0.001148776843,0.0002377814718,0.001386558314,0.000960238639,-1.155825593e-05,0.0009486803831,-0.0001103390967,0.0002537151743,0.0001433760776,-0.001452997168,0.0002233507229,-0.001229646445,-0.000677659174,0.0002866015217,-0.0003910576523,-0.0005147320969,0.0001566157965,-0.0003581163004,-0.001886329909,0.0003154281652,-0.001570901744,-0.002180687449,0.0001594174875,-0.002021269962,-0.00280246868,0.0004179392044,-0.002384529476,-0.001255253257,-2.912092386e-05,-0.001284374181,-0.0001544790928,-0.0002384618617,-0.0003929409545,-0.001823949525,5.221996285e-05,-0.001771729562,-0.0002393911446,-0.0001154354102,-0.0003548265548,-0.0008277749708,0.0004328589418,-0.000394916029,-0.001328051564,0.0005278744318,-0.0008001771325,-0.0002967074225,0.0002435765012,-5.313092135e-05,-0.001533199465,0.0003113699526,-0.001221829513,-0.001502751547,0.0004381801923,-0.001064571355,-0.0006947963731,0.0003017729909,-0.0003930233822,-0.00175931619,0.0002846031714,-0.001474713018,-0.001111969935,0.0005369169045,-0.0005750530306
13.5,-0.001612437705,0.0008154982175,-0.0007969394872,0.0001938504169,-0.0001551884068,3.86620101e-05,-0.002719718089,0.0005750275314,-0.002144690557,-0.001059377684,0.0002624398071,-0.0007969378772,-0.001572649651,0.0004922384438,-0.001080411207,-0.0007014729134,-8.815520321e-06,-0.0007102884337,-0.000568979035,0.0003632085408,-0.0002057704942,-0.0007668362565,0.00038394855,-0.0003828877065,-0.00109385005,4.541833222e-05,-0.001048431718,-0.0002455802489,0.0001207584193,-0.0001248218296,-0.0006515048694,0.0003333021421,-0.0003182027273,-0.0003595203308,-0.0005229575044,-0.0008824778352,0.0006826173252,7.730712218e-05,0.0007599244474,-0.001172538771,-0.0005465324232,-0.001719071194,0.001395839204,-0.0002081901952,0.001187649009,0.001208915412,0.0002328536425,0.001441769055,0.0009945150019,1.194407105e-05,0.001006459073,-5.071648237e-05,0.000240040764,0.0001893242816,-0.001438497871,0.0002195459954,-0.001218951875,-0.0006438711126,0.0002856728404,-0.0003581982722,-0.0004812449136,0.000160513691,-0.0003207312226,-0.001861865214,0.0003143470067,-0.001547518207,-0.002148103741,0.0001674805809,-0.00198062316,-0.002784249472,0.0004236952312,-0.002360554241,-0.00121449252,-4.069782953e-05,-0.00125519035,-0.0001428606437,-0.0002398939216,-0.0003827545653,-0.001786405573,4.389332677e-05,-0.001742512246,-0.000228430723,-0.0001174646172,-0.0003458953402,-0.0008052237792,0.0004336822208,-0.0003715415584,-0.001306036001,0.0005162216422,-0.0007898143584,-0.0002376654967,0.000242015669,4.350172276e-06,-0.001512379517,0.0003125097652,-0.001199869752,-0.001456379917,0.0004352107832,-0.001021169134,-0.0006681014636,0.0002915627739,-0.0003765386897,-0.001722466253,0.0002841646219,-0.001438301632,-0.001082971878,0.0005363331956,-0.0005466386824
13.6,-0.00159377224,0.0008220489558,-0.000771723284,0.0002162606523,-0.0001476795753,6.8581077e-05,-0.002676748928,0.0005850560819,-0.002091692846,-0.001021865855,0.0002702215739,-0.0007516442813,-0.001532747618,0.0004898278205,-0.001042919797,-0.0006642126772,-8.853189052e-06,-0.0006730658663,-0.0005290038128,0.0003623037061,-0.0001667001067,-0.0007286086908,0.0003838525952,-0.0003447560956,-0.001031242001,4.861133215e-05,-0.0009826306693,-0.00020190806,0.0001195022704,-8.240578962e-05,-0.0006029512252,0.0003276361827,-0.0002753150425,-0.0002927502929,-0.000533544415,-0.000826294708,0.0007180084993,7.675754466e-05,0.000794766044,-0.001120104001,-0.0005406154257,-0.001660719427,0.001474263269,-0.0002132669844,0.001260996285,0.0012667029,0.0002275100817,0.001494212981,0.00102358017,3.619004124e-05,0.001059770211,7.677358594e-06,0.0002262127703,0.0002338901288,-0.001425979671,0.0002156559846,-0.001210323686,-0.0006100456702,0.000284719454,-0.0003253262162,-0.00044821,0.00016443709,-0.00028377291,-0.001838306222,0.0003134673419,-0.00152483888,-0.002114426856,0.0001754818026,-0.001938945054,-0.002766073127,0.0004294078464,-0.002336665281,-0.001175153827,-5.307403376e-05,-0.00122822786,-0.0001334027719,-0.0002409117062,-0.0003743144782,-0.001751384428,3.380836043e-05,-0.001717576068,-0.0002207762108,-0.0001192892396,-0.0003400654504,-0.0007840745966,0.0004344007568,-0.0003496738398,-0.001285280438,0.0005041431718,-0.0007811372665,-0.0001794344716,0.000239968623,6.053415142e-05,-0.001492857674,0.0003136286442,-0.00117922903,-0.001412630034,0.0004326919134,-0.0009799381202,-0.000643726203,0.0002812644238,-0.0003624617792,-0.001688807396,0.0002838315524,-0.001404975843,-0.001057499628,0.0005346609303,-0.0005228386982
13.7,-0.001574777368,0.0008290196109,-0.0007457577573,0.0002374453495,-0.0001397188407,9.772650883e-05,-0.002633274543,0.000595243736,-0.002038030807,-0.0009850230918,0.0002779893843,-0.0007070337076,-0.001492457978,0.0004870476491,-0.001005410329,-0.0006260064833,-8.699276386e-06,-0.0006347057597,-0.0004885289122,0.0003612644452,-0.000127264467,-0.0006904148553,0.0003837420715,-0.0003066727837,-0.0009681623086,5.164208193e-05,-0.0009165202267,-0.0001576196698,0.0001178869586,-3.973271119e-05,-0.0005543779932,0.0003218786192,-0.0002324993741,-0.0002279405299,-0.0005442126034,-0.0007721531333,0.0007505407032,7.509902344e-05,0.0008256397266,-0.001068934038,-0.0005336861926,-0.00160262023,0.001549059609,-0.0002187735631,0.001330286046,0.001321908761,0.0002217038326,0.001543612593,0.001047509402,6.087848205e-05,0.001108387884,6.449561169e-05,0.0002122580553,0.000276753667,-0.001415618832,0.0002116821407,-0.001203936691,-0.0005763172834,0.0002837299306,-0.0002925873528,-0.0004157289949,0.0001683845191,-0.0002473444758,-0.001815791387,0.0003128035615,-0.001502987825,-0.00207983556,0.0001833989313,-0.001896436628,-0.002748111775,0.0004350763691,-0.002313035406,-0.001137581212,-6.614042671e-05,-0.001203721639,-0.0001261407958,-0.0002415361081,-0.000367676904,-0.001719116046,2.196393434e-05,-0.001697152112,-0.0002163423328,-0.0001209743929,-0.0003373167257,-0.0007644708094,0.000434975482,-0.0003294953274,-0.001266008506,0.0004917257536,-0.0007742827529,-0.0001221729375,0.0002374318464,0.0001152589089,-0.001474725783,0.0003146729656,-0.001160052818,-0.001371770591,0.0004306336708,-0.0009411369201,-0.0006219485687,0.0002710314942,-0.0003509170745,-0.001658529783,0.0002835438242,-0.001374985959,-0.001035829584,0.0005320032456,-0.000503826338
13.8,-0.001555553858,0.0008364052856,-0.0007191485725,0.0002572732682,-0.0001313490735,0.0001259241948,-0.002589465923,0.0006055555577,-0.001983910366,-0.0009489463404,0.0002857217762,-0.0006632245642,-0.001451924863,0.0004839027582,-0.0009680221044,-0.0005869948867,-8.358415599e-06,-0.0005953533023,-0.0004477157876,0.0003600887464,-8.762704112e-05,-0.0006524001319,0.0003835916814,-0.0002688084505,-0.0009048460012,5.448630691e-05,-0.0008503596943,-0.0001128930314,0.0001159034866,3.010455141e-06,-0.0005059362644,0.000316024964,-0.0001899113004,-0.0001656542914,-0.0005548468667,-0.000720501158,0.0007800589777,7.233937941e-05,0.0008523983571,-0.001019284841,-0.0005258606068,-0.001545145448,0.001619752919,-0.000224656915,0.001395096004,0.001374284399,0.0002153990222,0.001589683421,0.001066394552,8.571405119e-05,0.001152108603,0.0001193722396,0.0001982051137,0.0003175773533,-0.001407598504,0.0002076250327,-0.001199973471,-0.0005428342619,0.0002826947627,-0.0002601394992,-0.0003839092092,0.0001723562983,-0.000211552911,-0.001794466549,0.0003123724076,-0.001482094141,-0.002044531246,0.0001912106538,-0.001853320592,-0.002730543934,0.0004407010595,-0.002289842874,-0.001102121132,-7.977539699e-05,-0.001181896529,-0.0001211072553,-0.0002417853608,-0.0003628926161,-0.001689848116,8.385750606e-06,-0.001681462365,-0.0002150337152,-0.0001225771502,-0.0003376108654,-0.0007465624062,0.0004353705621,-0.0003111918441,-0.001248463202,0.0004790649695,-0.0007693982321,-6.606161297e-05,0.0002344115847,0.0001683499717,-0.001458085933,0.0003155910192,-0.001142494914,-0.00133406125,0.0004290356045,-0.0009050256457,-0.0006030340956,0.0002610065399,-0.0003420275557,-0.001631814528,0.0002832374319,-0.001348577096,-0.001018242567,0.0005284748707,-0.0004897676961
13.9,-0.001536217801,0.0008441971231,-0.0006920206781,0.0002756082067,-0.0001226138642,0.0001529943426,-0.002545513815,0.0006159562987,-0.001929557517,-0.0009137421815,0.0002933976403,-0.0006203445412,-0.001411308156,0.0004804003033,-0.0009309078524,-0.000547336473,-7.836449987e-06,-0.000555172923,-0.0004067391887,0.0003587742956,-4.796489312e-05,-0.000614718851,0.0003833745101,-0.000231344341,-0.0008415468487,5.711981319e-05,-0.0007844270355,-6.792685944e-05,0.0001135466863,4.56198269e-05,-0.0004577979319,0.0003100742044,-0.0001477237275,-0.0001064502619,-0.0005653287379,-0.0006717789999,0.0008063952913,6.849618868e-05,0.00087489148,-0.0009714207159,-0.0005172684049,-0.001488689121,0.001685879863,-0.0002308584165,0.001455021447,0.001423563092,0.0002085726358,0.001632135728,0.001080336428,0.0001104123994,0.001190748828,0.0001719216168,0.0001840845734,0.0003560061902,-0.001402110298,0.0002034849419,-0.001198625356,-0.0005097594695,0.0002816063878,-0.0002281530817,-0.0003528656923,0.0001763541401,-0.0001765115522,-0.001774485713,0.0003121922488,-0.001462293465,-0.002008738251,0.0001988967983,-0.001809841452,-0.002713553937,0.0004462831795,-0.002267270757,-0.001069118821,-9.384604742e-05,-0.001162964869,-0.0001183350693,-0.0002416750387,-0.000360010108,-0.001663844567,-6.870973175e-06,-0.00167071554,-0.0002167515051,-0.0001241450478,-0.0003408965529,-0.0007305074292,0.0004355534819,-0.0002949539473,-0.001232905841,0.0004662626833,-0.0007666431575,-1.130475742e-05,0.0002309228672,0.0002196181097,-0.001443051781,0.0003163340921,-0.001126717689,-0.001299750654,0.0004278856478,-0.0008718650066,-0.0005872339695,0.0002513178333,-0.0003359161362,-0.001608837586,0.0002828495783,-0.001325988008,-0.001005028075,0.0005242031605,-0.000480824915
14.0,-0.001516901321,0.0008523820533,-0.0006645192674,0.0002923091253,-0.0001135567713,0.000178752354,-0.002501628998,0.0006264108429,-0.001875218156,-0.0008795279639,0.0003009964681,-0.0005785314958,-0.001370785855,0.0004765498413,-0.0008942360135,-0.0005072083746,-7.140343957e-06,-0.0005143487186,-0.0003657889718,0.0003573186579,-8.470313859e-06,-0.00057753396,0.0003830630108,-0.0001944709492,-0.0007785395172,5.951890135e-05,-0.0007190206158,-2.294246487e-05,0.0001108154497,8.787298485e-05,-0.0004101581775,0.0003040291371,-0.0001061290403,-5.087671593e-05,-0.0005755391604,-0.0006264158763,0.0008293659503,6.359773098e-05,0.0008929636813,-0.0009256137881,-0.0005080515989,-0.001433665387,0.001746992275,-0.0002373126414,0.001509679634,0.001469459489,0.0002012163201,0.001670675809,0.001089438489,0.0001347038052,0.001224142294,0.0002217383149,0.0001699298734,0.0003916681883,-0.00139935553,0.0001992623963,-0.001200093134,-0.0004772708108,0.00028045923,-0.0001968115808,-0.0003227231902,0.0001803807457,-0.0001423424445,-0.001756011525,0.0003122823916,-0.001443729133,-0.001972702891,0.0002064387166,-0.001766264175,-0.002697330649,0.0004518249808,-0.002245505668,-0.001038915468,-0.0001082094193,-0.001147124888,-0.0001178603852,-0.0002412178819,-0.0003590782671,-0.001641384396,-2.371937812e-05,-0.001665103774,-0.0002213994994,-0.0001257152079,-0.0003471147073,-0.0007164723319,0.0004354955592,-0.0002809767727,-0.001219613169,0.000453424507,-0.000766188662,4.186931786e-05,0.0002269881973,0.0002688575151,-0.001429749311,0.0003168573824,-0.001112891928,-0.001269073538,0.0004271586288,-0.0008419149093,-0.000574783381,0.0002420768165,-0.0003327065645,-0.001589772435,0.0002823232841,-0.001307449151,-0.0009964871035,0.0005193278949,-0.0004771592086
14.1,-0.00149775245,0.000860942801,-0.0006368096487,0.0003072306831,-0.0001042206035,0.0002030100796,-0.002458041595,0.0006368845639,-0.001821157031,-0.0008464322202,0.0003084985269,-0.0005379336933,-0.001330554444,0.0004723633826,-0.0008581910615,-0.0004668059015,-6.278057138e-06,-0.0004730839586,-0.0003250695323,0.0003557194895,3.064995716e-05,-0.0005410161901,0.0003826299116,-0.0001583862786,-0.0007161183904,6.166085258e-05,-0.0006544575378,2.181736718e-05,0.00010771293,0.0001295302972,-0.0003632349372,0.0002978966737,-6.533826351e-05,5.364548614e-07,-0.0005853614581,-0.0005848250032,0.0008487707193,5.768464457e-05,0.0009064553638,-0.0008821422613,-0.0004983625543,-0.001380504816,0.001802662861,-0.000243947405,0.001558715456,0.001511669844,0.0001933379815,0.001705007826,0.001093802576,0.0001583354755,0.001252138052,0.0002683991637,0.0001557778465,0.0004241770102,-0.001399544758,0.0001949585357,-0.001204586222,-0.0004455608253,0.0002792498056,-0.0001663110197,-0.0002936170268,0.0001844394523,-0.0001091775745,-0.001739214383,0.0003126624892,-0.001426551894,-0.001936690298,0.0002138197836,-0.001722870515,-0.002682064921,0.0004573295783,-0.002224735343,-0.001011845003,-0.0001227136904,-0.001134558693,-0.0001197237185,-0.0002404233562,-0.0003601470747,-0.001622759539,-4.20405162e-05,-0.001664800055,-0.0002288883523,-0.0001273136857,-0.0003562020381,-0.0007046295598,0.0004351728237,-0.0002694567361,-0.001208871753,0.0004406577537,-0.0007682139995,9.320997546e-05,0.0002226361879,0.0003158461633,-0.001418315868,0.0003171207828,-0.001101195085,-0.001242246299,0.0004268146531,-0.0008154316463,-0.0005658990656,0.0002333761207,-0.000332522945,-0.001574789901,0.0002816108695,-0.001293179031,-0.0009929308776,0.0005139992232,-0.0004789316544
14.2,-0.00147893342,0.0008698580081,-0.0006090754121,0.0003202251086,-9.464681626e-05,0.0002255782923,-0.002414998665,0.0006473435932,-0.001767655072,-0.0008145937379,0.0003158849255,-0.0004987088124,-0.001290825894,0.0004678553921,-0.000822970502,-0.0004263406208,-5.258388413e-06,-0.0004315990093,-0.0002847956376,0.0003539747675,6.917912993e-05,-0.0005053424791,0.0003820489362,-0.0001232935429,-0.0006545915436,6.352446446e-05,-0.0005910670791,6.609363526e-05,0.0001042466918,0.0001703403271,-0.0003172640952,0.0002916880861,-2.557600906e-05,4.728806467e-05,-0.0005946843425,-0.0005473962778,0.0008643945808,5.081200869e-05,0.0009152065895,-0.0008412864775,-0.0004883613294,-0.001329647807,0.001852493856,-0.0002506849395,0.001601808916,0.001549874688,0.0001849627086,0.001734837397,0.001093527563,0.0001810725203,0.001274600083,0.000311469282,0.0001416690413,0.0004531383233,-0.001402894526,0.0001905754742,-0.001212319052,-0.0004148346491,0.0002779767596,-0.0001368578895,-0.0002656920286,0.0001885338472,-7.715818143e-05,-0.001724269243,0.0003133519177,-0.001410917326,-0.001900978605,0.0002210259107,-0.001679952695,-0.002667945464,0.0004628007241,-0.002205144739,-0.0009882290368,-0.0001371997247,-0.001125428761,-0.0001239680565,-0.0002392970731,-0.0003632651296,-0.001608270028,-6.168483141e-05,-0.001669954859,-0.0002391365349,-0.0001289546209,-0.0003680911558,-0.0006951513599,0.0004345670173,-0.0002605843426,-0.001200969356,0.0004280700034,-0.0007728993527,0.0001424492566,0.000217900318,0.0003603495746,-0.001408896613,0.0003170895681,-0.001091807045,-0.001219461,0.0004267982202,-0.00079266278,-0.0005607755529,0.0002252883291,-0.0003354872237,-0.001564054459,0.0002806761587,-0.001283378301,-0.0009946742815,0.0005083738775,-0.000486300404
14.3,-0.00146061695,0.0008791023928,-0.000581514557,0.0003311459533,-8.487511003e-05,0.0002462708433,-0.002372759791,0.0006577550613,-0.00171500473,-0.0007841590211,0.0003231376067,-0.0004610214144,-0.001251821027,0.0004630427385,-0.0007887782886,-0.0003860366381,-4.090849247e-06,-0.0003901274873,-0.0002451848076,0.0003520829925,0.0001068981849,-0.0004706936041,0.0003812952874,-8.939831667e-05,-0.0005942702387,6.509053427e-05,-0.0005291797044,0.0001096200953,0.000100428713,0.0002100488084,-0.0002724907586,0.0002854190901,1.292833149e-05,8.891743879e-05,-0.0006034046687,-0.0005144872299,0.0008760129192,4.305076055e-05,0.0009190636798,-0.0008033225272,-0.0004782120531,-0.00128153458,0.001896128254,-0.0002574438221,0.001638684432,0.001583745079,0.0001761325936,0.001759877673,0.00108871159,0.0002026976084,0.001291409198,0.0003505123957,0.0001276477764,0.0004781601721,-0.001409620587,0.0001861167527,-0.001223503834,-0.000385306158,0.0002766407184,-0.0001086654396,-0.0002390993504,0.0001926672669,-4.64320835e-05,-0.0017113501,0.0003143690092,-0.001396981091,-0.001865851086,0.0002280459577,-0.001637805129,-0.002655153512,0.0004682426021,-0.00218691091,-0.0009683689974,-0.0001515034102,-0.001119872408,-0.0001306335608,-0.0002378402862,-0.000368473847,-0.001598214894,-8.247516615e-05,-0.00168069006,-0.00025206763,-0.0001306391827,-0.0003827068127,-0.0006882006676,0.0004336664643,-0.0002545342033,-0.001196184124,0.0004157679275,-0.0007804161967,0.0001893099484,0.0002128179599,0.0004021279082,-0.001401638495,0.0003167349997,-0.001084903495,-0.001200877982,0.0004270383939,-0.0007738395878,-0.0005595801808,0.0002178655999,-0.0003417145808,-0.001557717458,0.0002794954322,-0.001278222026,-0.001002024813,0.0005026104786,-0.0004994143341
14.4,-0.00144298088,0.0008886469926,-0.0005543338877,0.0003398534101,-7.494326689e-05,0.0002649101432,-0.00233159106,0.0006680873569,-0.001663503703,-0.0007552784909,0.0003302392991,-0.0004250391918,-0.001213760653,0.0004579445798,-0.0007558160734,-0.0003461255199,-2.785642572e-06,-0.0003489111625,-0.0002064481342,0.0003500432938,0.0001435951596,-0.0004372512795,0.0003803459267,-5.690535286e-05,-0.00053545654,6.634222315e-05,-0.0004691143168,0.0001521336376,9.627516339e-05,0.000248408801,-0.0002291588677,0.0002791096955,4.99508278e-05,0.0001250161836,-0.0006114297816,-0.000486413598,0.0008833994519,3.448781726e-05,0.0009178872692,-0.0007685142725,-0.0004680785075,-0.00123659278,0.001933262469,-0.0002641413847,0.001669121085,0.001612951898,0.0001669054764,0.001779857374,0.001079457214,0.0002230096079,0.001302466822,0.0003851039638,0.0001137618941,0.0004988658579,-0.00141992803,0.0001815876215,-0.001238340408,-0.0003571929408,0.0002752440472,-8.194889357e-05,-0.0002139920405,0.0001968422649,-1.71497756e-05,-0.001700623355,0.0003157302096,-0.001384893145,-0.001831587761,0.0002348719598,-0.001596715802,-0.002643857347,0.0004736597524,-0.002170197595,-0.0009525357091,-0.0001654590688,-0.001117994778,-0.0001397501493,-0.000236049614,-0.0003757997633,-0.001592878792,-0.0001042109608,-0.001697089753,-0.0002676052458,-0.000132354821,-0.0003999600667,-0.0006839217634,0.0004324667312,-0.0002514550322,-0.001194773701,0.0004038558763,-0.000790917825,0.0002335149991,0.000207429765,0.0004409447641,-0.001396682957,0.0003160347592,-0.001080648198,-0.001186617734,0.0004274495464,-0.0007591681879,-0.000562447548,0.0002111399748,-0.0003513075732,-0.001555908714,0.0002780569739,-0.00127785174,-0.001015269694,0.0004968652328,-0.0005184044608
14.5,-0.001426202132,0.0008984595615,-0.000527742571,0.0003462200625,-6.488720562e-05,0.0002813328569,-0.002291758386,0.0006783103973,-0.001613447989,-0.0007281022348,0.0003371734229,-0.0003909288119,-0.001176856869,0.0004525821613,-0.0007242747077,-0.0003068408309,-1.353738217e-06,-0.0003081945691,-0.0001687821199,0.0003478554314,0.0001790733115,-0.0004051951876,0.0003791797932,-2.601539443e-05,-0.0004784323355,6.726536034e-05,-0.0004111669751,0.0001933831812,9.180600448e-05,0.0002851891857,-0.0001875019837,0.0002727838784,8.528189471e-05,0.0001552383666,-0.0006186794387,-0.0004634410721,0.0008863347517,2.522538826e-05,0.00091156014,-0.0007371052908,-0.0004581194401,-0.001195224731,0.001963658258,-0.0002706962919,0.001692961966,0.001637176265,0.0001573530235,0.001794529288,0.001065877594,0.0002418218773,0.001307699471,0.000414844511,0.0001000620718,0.0005149065828,-0.001434000257,0.0001769948071,-0.00125700545,-0.0003307111498,0.0002737906961,-5.69204537e-05,-0.0001905205914,0.0002010602324,1.053964097e-05,-0.001692241768,0.0003174493437,-0.001374792424,-0.001798458058,0.0002414991354,-0.001556958923,-0.002634207806,0.0004790571208,-0.002155150685,-0.0009409581374,-0.0001789039418,-0.001119862079,-0.0001513303736,-0.0002339169841,-0.0003852473577,-0.001592516642,-0.0001266734019,-0.001719190044,-0.0002856679515,-0.0001340755599,-0.0004197435114,-0.0006824335085,0.0004309711204,-0.0002514623881,-0.001196966486,0.0003924339932,-0.0008045324924,0.0002747961271,0.0002017793105,0.0004765754376,-0.001394159156,0.0003149731194,-0.001079186036,-0.00117675356,0.000427932635,-0.0007488209253,-0.0005694745055,0.0002051239161,-0.0003643505893,-0.001558728402,0.0002763590952,-0.001282369307,-0.001034664107,0.0004912889325,-0.0005433751745
14.6,-0.001410451,0.0009085051492,-0.0005019458503,0.0003501357732,-5.474120414e-05,0.0002953945691,-0.002253521123,0.0006883959062,-0.001565125217,-0.0007027761509,0.0003439239495,-0.0003588522014,-0.00114130653,0.0004469785431,-0.0006943279873,-0.0002684132717,1.930687856e-07,-0.000268220203,-0.0001323633416,0.0003455197665,0.0002131564249,-0.0003747003824,0.0003777781328,3.077750417e-06,-0.0004234518928,6.784880415e-05,-0.0003556030887,0.0002331352674,8.704455446e-05,0.0003201798218,-0.0001477370888,0.0002664691981,0.0001187321093,0.0001793077944,-0.0006250872757,-0.0004457794813,0.0008846134315,1.538010288e-05,0.0008999935344,-0.0007093121175,-0.0004484842554,-0.001157796373,0.001987151234,-0.000277030812,0.001710120422,0.001656119117,0.0001475585928,0.00180367771,0.001048101895,0.0002589610016,0.001307062897,0.0004393707472,8.660063001e-05,0.0005259713772,-0.001451989308,0.0001723458101,-0.001279643498,-0.0003060709935,0.0002722861825,-3.378481107e-05,-0.0001688293367,0.0002053212349,3.649189823e-05,-0.001686340071,0.0003195370805,-0.00136680299,-0.001766715421,0.0002479256927,-0.001518789728,-0.002626335396,0.0004844401249,-0.002141895271,-0.0009338138607,-0.0001916833052,-0.001125497166,-0.0001653648166,-0.0002314296785,-0.0003967944952,-0.00159733974,-0.0001496311337,-0.001746970874,-0.0003061662087,-0.0001357637486,-0.0004419299573,-0.0006838264145,0.0004291909675,-0.000254635447,-0.001202956016,0.0003815958893,-0.0008213601264,0.0003129002408,0.0001959127279,0.0005088129687,-0.001394179163,0.0003135408435,-0.001080638319,-0.001171306837,0.0004283776023,-0.0007429292349,-0.0005807166953,0.0001998106713,-0.0003809060241,-0.001566241009,0.0002744070606,-0.001291833949,-0.001060421883,0.0004860249018,-0.0005743969814
14.7,-0.001395886452,0.0009187468771,-0.0004771395751,0.0003515109134,-4.453821308e-05,0.0003069727004,-0.002217126599,0.0006983177354,-0.001518808864,-0.0006794390134,0.0003504752674,-0.000328963746,-0.001107287744,0.0004411583328,-0.0006661294115,-0.000231067027,1.842233421e-06,-0.0002292247935,-9.734641457e-05,0.0003430372825,0.0002456908679,-0.0003459352947,0.0003761250103,3.018971561e-05,-0.0003707384315,6.808488915e-05,-0.0003026535423,0.0002711760846,8.201711819e-05,0.0003531932028,-0.0001100617789,0.0002601964385,0.0001501346596,0.0001970213127,-0.0006306014927,-0.00043358018,0.0008780494046,5.081827064e-06,0.0008831312317,-0.0006853196966,-0.0004393096194,-0.001124629316,0.002003653988,-0.0002830724336,0.001720581554,0.001669508823,0.000137615208,0.00180712403,0.001026278782,0.0002742663483,0.001300545131,0.0004583630751,7.343006889e-05,0.0005317931439,-0.001474009201,0.0001676481661,-0.001306361035,-0.0002834731379,0.0002707375928,-1.273554506e-05,-0.0001490539529,0.0002096239629,6.057001005e-05,-0.001683032478,0.0003220005421,-0.001361031936,-0.001736593995,0.0002541525036,-0.001482441491,-0.002620349017,0.0004898146421,-0.002130534375,-0.000931223382,-0.0002036554864,-0.001134878868,-0.0001818211087,-0.0002285703825,-0.0004103914911,-0.00160750599,-0.0001728461092,-0.001780352099,-0.0003290019374,-0.0001373730493,-0.0004663749868,-0.0006881631543,0.0004271456221,-0.0002610175321,-0.001212898208,0.0003714260607,-0.0008414721473,0.0003475933571,0.0001898780624,0.0005374714195,-0.0013968357,0.0003117348008,-0.001085100899,-0.001170245787,0.0004286668321,-0.0007415789551,-0.0005961872662,0.0001951746329,-0.0004010126333,-0.001578472323,0.0002722097194,-0.001306262604,-0.001092708008,0.0004812068505,-0.0006115011575
14.8,-0.001382652737,0.0009291469438,-0.0004535057936,0.0003502777689,-3.431015471e-05,0.0003159676142,-0.002182805826,0.0007080522505,-0.001474753576,-0.0006582205986,0.0003568121281,-0.0003014084705,-0.001074959142,0.0004351474991,-0.0006398116431,-0.0001950174456,3.580684762e-06,-0.0001914367609,-6.386471347e-05,0.0003404096835,0.00027654497,-0.0003190603407,0.0003742079331,5.514759233e-05,-0.0003204840106,6.796987647e-05,-0.0002525141341,0.0003073107629,7.675267849e-05,0.0003840634414,-7.465416884e-05,0.000253999261,0.0001793450922,0.0002082476157,-0.0006351842217,-0.000426936606,0.0008664796349,-5.528457583e-06,0.0008609511773,-0.0006652794145,-0.0004307171836,-0.001095996598,0.002013153806,-0.0002887549795,0.001724398827,0.001677106545,0.0001276237439,0.001804730288,0.001000577449,0.000287590333,0.001288167782,0.0004715492932,6.060179907e-05,0.0005321510923,-0.001500132641,0.0001629089727,-0.001337223668,-0.0002631059883,0.000269153526,6.047537712e-06,-0.0001313199432,0.0002139657074,8.26457642e-05,-0.001682411709,0.0003248429726,-0.001357568736,-0.001708306962,0.0002601827244,-0.001448124238,-0.002616335942,0.0004951868781,-0.002121149064,-0.000933248916,-0.000214696209,-0.001147945125,-0.0002006463598,-0.0002253172679,-0.0004259636277,-0.001623114947,-0.0001960793521,-0.001819194299,-0.0003540703541,-0.0001388520069,-0.000492922361,-0.0006954812387,0.0004248620118,-0.0002706192269,-0.00122691068,0.0003619973367,-0.0008649133433,0.000378662393,0.0001837243289,0.0005623867219,-0.001402202077,0.000309557331,-0.001092644747,-0.001173487589,0.0004286787301,-0.0007448088593,-0.0006158579574,0.0001911723272,-0.0004246856302,-0.001595409501,0.0002697765074,-0.001325632994,-0.001131631883,0.0004769562115,-0.0006546756716
14.9,-0.001370877203,0.0009396678527,-0.0004312093504,0.0003463904061,-2.408810191e-05,0.0003223023042,-0.002150770299,0.0007175787256,-0.001433191574,-0.0006392406709,0.0003629196792,-0.0002763209917,-0.001044461008,0.0004289732749,-0.0006154877335,-0.000160469784,5.395121412e-06,-0.0001550746626,-3.203271264e-05,0.0003376395378,0.0003056068251,-0.0002942269924,0.0003720184227,7.77914303e-05,-0.0002728513514,6.750432241e-05,-0.000205347029,0.0003413613359,7.128260462e-05,0.0004126439405,-4.16742439e-05,0.0002479138443,0.0002062396004,0.0002129223046,-0.0006388093946,-0.00042588709,0.0008497670594,-1.630212469e-05,0.0008334649347,-0.0006493094079,-0.0004228122028,-0.001072121611,0.00201570679,-0.0002940196189,0.001721687171,0.001678709637,0.0001176912168,0.001796400853,0.000971185889,0.0002987994422,0.001269985331,0.0004787053178,4.816546304e-05,0.0005268707808,-0.001530390292,0.0001581346801,-0.001372255612,-0.0002451436934,0.000267544049,2.240035551e-05,-0.0001157417827,0.0002183424196,0.000102600637,-0.001684548904,0.0003280635111,-0.001356485393,-0.001682045753,0.000266021425,-0.001416024329,-0.00261436249,0.0005005630997,-0.002113799391,-0.0009398966805,-0.0002247021528,-0.001164598833,-0.0002217718468,-0.0002216442353,-0.0004434160821,-0.001644206932,-0.0002190966462,-0.001863303578,-0.0003812632807,-0.0001401475856,-0.0005214108663,-0.0007057962434,0.0004223737721,-0.0002834224713,-0.001245073178,0.0003533686696,-0.0008917045079,0.0004059155723,0.0001775004072,0.0005834159795,-0.001410333507,0.0003070155451,-0.001103317962,-0.001180903262,0.0004282908642,-0.0007526123979,-0.0006396622035,0.0001877443924,-0.0004519178112,-0.001617003681,0.0002671152719,-0.001349888409,-0.001177240849,0.0004733791798,-0.0007038616689
15.0,-0.001360668935,0.0009502737357,-0.0004103951998,0.0003398236083,-1.390231851e-05,0.0003259212898,-0.002121209495,0.0007268796279,-0.001394329867,-0.000622608377,0.0003687835145,-0.0002538248625,-0.001015916916,0.0004226640884,-0.0005932528278,-0.0001276184725,7.272306673e-06,-0.0001203461658,-1.948470137e-06,0.0003347304283,0.0003327819582,-0.0002715770878,0.0003695523947,9.797530694e-05,-0.0002279758016,6.669336283e-05,-0.0001612824388,0.000373165035,6.564037227e-05,0.0004388054073,-1.126505841e-05,0.0002419785216,0.0002307134632,0.0002110413136,-0.0006414597027,-0.0004304183891,0.0008278032108,-2.708744129e-05,0.0008007157695,-0.0006374960261,-0.0004156826256,-0.001053178652,0.002011430506,-0.0002988156048,0.001712614901,0.001674153709,0.0001079290101,0.001782082719,0.0009383067399,0.0003077765012,0.001246083241,0.0004796544043,3.61688917e-05,0.000515823296,-0.001564771422,0.000153331171,-0.001411440251,-0.0002297445133,0.0002659207447,3.617623136e-05,-0.0001024221797,0.0002227489305,0.0001203267508,-0.00168949369,0.0003316571765,-0.001357836513,-0.001657979163,0.0002716752525,-0.001386303911,-0.002614474693,0.0005059492019,-0.002108525491,-0.0009511208988,-0.0002335939036,-0.001184714802,-0.000245118262,-0.0002175214142,-0.0004626396761,-0.00167076488,-0.0002416741972,-0.001912439077,-0.0004104726928,-0.0001412084264,-0.0005516811192,-0.0007191038273,0.0004197199883,-0.000299383839,-0.001267427692,0.0003455834676,-0.0009218442246,0.0004291825196,0.0001712539282,0.0006004364478,-0.001421268762,0.0003041208256,-0.001117147937,-0.001192324514,0.0004273829832,-0.0007649415305,-0.0006674993491,0.0001848183306,-0.0004826810185,-0.001643174235,0.0002642313223,-0.001378942913,-0.001229513995,0.0004705637277,-0.0007589502668
15.1,-0.001352117499,0.0009609315337,-0.0003911859657,0.0003305717722,-3.782259664e-06,0.0003267895126,-0.002094288463,0.0007359407122,-0.001358347751,-0.0006084214387,0.0003743896852,-0.0002340317535,-0.0009894342947,0.0004162494626,-0.0005731848321,-9.664620379e-05,9.19935432e-06,-8.744684947e-05,2.63053867e-05,0.0003316870956,0.0003579924823,-0.0002512420743,0.000366810277,0.0001155682027,-0.0001859654739,6.554693647e-05,-0.0001204185374,0.0004025746475,5.986129684e-05,0.0004624359444,1.644793894e-05,0.000236233425,0.0002526813639,0.0002026552191,-0.0006431236632,-0.0004404684441,0.0008005108548,-3.773411036e-05,0.0007627767445,-0.0006298947719,-0.0004093984597,-0.001039293232,0.00200049655,-0.0003030999643,0.001697396586,0.001663314601,9.845081886e-05,0.001761765419,0.0009021523468,0.000314424383,0.00121657673,0.0004742666991,2.465845637e-05,0.0004989251554,-0.001603224469,0.0001485041442,-0.001454720324,-0.0002170489462,0.0002642967707,4.724782449e-05,-9.145068259e-05,0.0002271792406,0.0001357285581,-0.001697273462,0.0003356150525,-0.00136165841,-0.001636251408,0.0002771521262,-0.001359099282,-0.002616698231,0.0005113500833,-0.002105348147,-0.0009668278676,-0.0002413181931,-0.001208146061,-0.0002705995765,-0.0002129160256,-0.0004835156022,-0.001702717295,-0.0002636039923,-0.001966321288,-0.0004415928338,-0.0001419877065,-0.0005835805403,-0.0007353788652,0.0004169435621,-0.000318435303,-0.001293976583,0.0003386685297,-0.0009553080534,0.0004483153386,0.000165030272,0.0006133456106,-0.001435031032,0.0003008886743,-0.001134142357,-0.0012075513,0.0004258405622,-0.0007817107373,-0.0006992387278,0.0001823115886,-0.0005169271391,-0.001673813169,0.0002611278842,-0.001412685285,-0.00128835669,0.00046857707,-0.0008197796204
15.2,-0.001345291037,0.0009716118235,-0.0003736792139,0.0003186487526,6.24332842e-06,0.000324892081,-0.002070144899,0.0007447509375,-0.001325393962,-0.0005967645319,0.0003797246792,-0.0002170398527,-0.0009651024994,0.0004097598648,-0.0005553426347,-6.772213512e-05,1.11640041e-05,-5.655813102e-05,5.266351521e-05,0.0003285155557,0.0003811790709,-0.0002333418489,0.0003637968413,0.0001304549925,-0.0001468981045,6.407989429e-05,-8.281821018e-05,0.0004294621577,5.398221637e-05,0.000483444374,4.136067214e-05,0.0002307200753,0.0002720807475,0.0001878661272,-0.0006437936066,-0.0004559274794,0.0007678471018,-4.809658981e-05,0.000719750512,-0.0006265292329,-0.0004040115112,-0.001030540744,0.001983124046,-0.0003068357764,0.00167628827,0.001646111725,8.937012237e-05,0.001735481847,0.0008629416131,0.0003186702532,0.001181611866,0.000462460903,1.367959131e-05,0.0004761404943,-0.001645655987,0.0001436595582,-0.001501996429,-0.0002071770331,0.0002626867329,5.550969978e-05,-8.29009813e-05,0.0002316266902,0.0001487257089,-0.001707891122,0.0003399244832,-0.001367966639,-0.001616978693,0.0002824609308,-0.001334517762,-0.002621037258,0.0005167688959,-0.002104268362,-0.0009868789997,-0.0002478490644,-0.001234728064,-0.0002981237588,-0.0002077937119,-0.0005059174707,-0.00173994066,-0.0002846980192,-0.00202463868,-0.0004745195194,-0.000142445217,-0.0006169647364,-0.0007545709465,0.0004140891866,-0.0003404817598,-0.001324677865,0.0003326335691,-0.0009920442957,0.0004631916203,0.0001588717712,0.0006220633915,-0.001451626986,0.0002973388371,-0.001154288149,-0.001226358624,0.0004235590975,-0.0008027995267,-0.0007347224774,0.0001801346791,-0.0005545877984,-0.001708787883,0.0002578076285,-0.001450980255,-0.00135359648,0.0004674642912,-0.0008861321887
15.3,-0.001340233363,0.000982289235,-0.0003579441283,0.000304089225,1.614612827e-05,0.0003202353532,-0.002048885423,0.0007533022599,-0.001295583163,-0.0005877065413,0.0003847753997,-0.0002029311415,-0.0009429879665,0.0004032264998,-0.0005397614667,-4.099883862e-05,1.315482823e-05,-2.784401039e-05,7.708266949e-05,0.0003252231483,0.0004023058178,-0.0002179830385,0.0003605207499,0.0001425377115,-0.0001108148564,6.231188636e-05,-4.850297008e-05,0.0004537253671,4.80410165e-05,0.0005017663836,6.339700134e-05,0.0002254808177,0.000288877819,0.0001668274941,-0.0006434650282,-0.0004766375341,0.0007298077145,-5.80359114e-05,0.0006717718031,-0.0006273875602,-0.0003995556637,-0.001026943224,0.001959574866,-0.0003099895698,0.001649585297,0.001622513361,8.079729614e-05,0.001703310657,0.0008209004879,0.0003204686894,0.001141369177,0.0004442088431,3.277362231e-06,0.0004474862053,-0.001691927139,0.0001388038494,-0.00155312329,-0.0002002247967,0.0002611062967,6.088150005e-05,-7.682695172e-05,0.0002360839376,0.0001592569858,-0.001721321302,0.0003445691256,-0.001376752176,-0.001600244878,0.0002876111546,-0.001312633724,-0.002627472425,0.0005222063596,-0.002105266065,-0.001011092391,-0.0002531877436,-0.001264280134,-0.0003275897912,-0.0002021202731,-0.0005297100643,-0.001782260268,-0.0003047906561,-0.002087050924,-0.0005091466091,-0.00014254828,-0.0006516948891,-0.0007765974756,0.0004112010861,-0.0003653963895,-0.001359438875,0.0003274713901,-0.001031967485,0.0004737192404,0.0001528171551,0.0006265363955,-0.001471043962,0.0002934954668,-0.001177548495,-0.001248501712,0.0004204485039,-0.0008280532086,-0.0007737667083,0.0001781943257,-0.0005955723825,-0.001747941305,0.0002542744868,-0.001493666818,-0.001424980826,0.000467248401,-0.0009577324245
15.4,-0.001336960429,0.0009929425158,-0.0003440179129,0.0002869512252,2.589781574e-05,0.000312849041,-0.002030581498,0.0007615893149,-0.001268992183,-0.0005812969832,0.0003895291324,-0.0001917678508,-0.0009231277412,0.0003966810115,-0.0005264467297,-1.660834686e-05,1.516129136e-05,-1.447055494e-06,9.954780069e-05,0.0003218184767,0.0004213662774,-0.0002052569219,0.0003569938863,0.0001517369644,-7.771334904e-05,6.026699498e-05,-1.744635406e-05,0.0004752953255,4.207596235e-05,0.0005173712879,8.251599151e-05,0.0002205580648,0.0003030740563,0.0001397459188,-0.0006421374879,-0.000502391569,0.0006864327516,-6.742099711e-05,0.0006190117544,-0.0006324174784,-0.0003960477295,-0.001028465208,0.001930150446,-0.0003125288334,0.001617621613,0.001592542965,7.283674675e-05,0.001665379712,0.0007762659261,0.0003198024721,0.001096068398,0.0004195418998,-6.503126639e-06,0.0004130387731,-0.001741848769,0.0001339439263,-0.001607904842,-0.000196260464,0.0002595716529,6.331118899e-05,-7.325837306e-05,0.0002405428681,0.000167284495,-0.00173750621,0.0003495288986,-0.001387977311,-0.001586097679,0.0002926124147,-0.001293485264,-0.002635959057,0.0005276603219,-0.002108298735,-0.001039243391,-0.0002573611439,-0.001296604535,-0.0003588823286,-0.0001958636121,-0.0005547459406,-0.001829449212,-0.0003237400157,-0.002153189228,-0.0005453612122,-0.0001422717312,-0.0006876329435,-0.0008013371843,0.0004083208202,-0.0003930163641,-0.001398111109,0.0003231588273,-0.001074952282,0.0004798416038,0.0001469011794,0.0006267427833,-0.001493246412,0.0002893870974,-0.001203859314,-0.001273720008,0.0004164366993,-0.0008572833088,-0.0008161616603,0.0001763967258,-0.0006397649345,-0.001791090054,0.0002505350214,-0.001540555033,-0.001502177171,0.0004679314019,-0.001034245769
15.5,-0.001335457137,0.0010035543,-0.0003319028367,0.0002673187634,3.546957405e-05,0.0003027883375,-0.002015265968,0.0007696089776,-0.001245656991,-0.0005775624121,0.0003939734689,-0.0001835889432,-0.0009055238184,0.0003901550679,-0.0005153687505,5.341747987e-06,1.717365642e-05,2.251540441e-05,0.0001200768258,0.0003183112598,0.0004383880857,-0.0001952374556,0.000353230627,0.0001579931715,-4.754299758e-05,5.797321769e-05,1.043022011e-05,0.0004941417087,3.612493123e-05,0.0005302666399,9.871716659e-05,0.0002159934243,0.0003147105909,0.0001068829106,-0.0006398168885,-0.0005329339779,0.0006378123111,-7.613068667e-05,0.0005616816245,-0.0006415219078,-0.0003934886315,-0.001035010539,0.001895188908,-0.0003144204015,0.001580768506,0.00155628469,6.558431507e-05,0.001621869005,0.0007292912115,0.0003166810474,0.001045972259,0.0003885568466,-1.561679598e-05,0.0003729400506,-0.001795177577,0.0001290872255,-0.001666090351,-0.0001953213861,0.0002580989842,6.277759807e-05,-7.219758199e-05,0.0002449945607,0.0001727969787,-0.001756352631,0.000354779942,-0.001401572689,-0.001574546715,0.0002974738651,-0.00127707285,-0.002646426483,0.0005331255836,-0.0021133009,-0.001071065444,-0.000260419113,-0.001331484557,-0.0003918664535,-0.0001889958028,-0.0005808622563,-0.001881226263,-0.0003414298357,-0.002222656099,-0.0005830397995,-0.0001415976747,-0.0007246374742,-0.0008286266936,0.0004054853479,-0.0004231413456,-0.001440488691,0.0003196583582,-0.001120830332,0.0004815415104,0.0001411543599,0.0006226958702,-0.001518173473,0.0002850463615,-0.001233127111,-0.001301741527,0.0004114722144,-0.0008902693125,-0.0008616720038,0.0001746508392,-0.0006870211646,-0.001838022507,0.0002465990987,-0.001591423409,-0.001584776087,0.000469495811,-0.001115280276
15.6,-0.001335675514,0.001014110636,-0.0003215648774,0.000245303383,4.483165389e-05,0.0002901350369,-0.002002931134,0.0007773598411,-0.001225571293,-0.0005765037034,0.0003980962073,-0.0001784074961,-0.0008901403801,0.000383679879,-0.000506460501,2.477112453e-05,1.918280544e-05,4.395392996e-05,0.0001387220915,0.0003147121631,0.0004534342546,-0.0001879798281,0.0003492472396,0.0001612674115,-2.020474596e-05,5.546193156e-05,3.52571856e-05,0.0005102742617,3.022468432e-05,0.000540498946,0.0001120419542,0.0002118268288,0.000323868783,6.85543669e-05,-0.0006365184035,-0.0005679640366,0.000584090471,-8.405676511e-05,0.0005000337059,-0.0006545574159,-0.0003918644988,-0.001046421915,0.001855060931,-0.0003156298601,0.00153943107,0.001513886495,5.912494784e-05,0.001573011443,0.0006802500217,0.0003111374197,0.0009913874415,0.0003514187204,-2.401927481e-05,0.0003273994456,-0.001851615712,0.000124242144,-0.001727373568,-0.0001974123052,0.0002567039406,5.929163543e-05,-7.361794227e-05,0.0002494292775,0.0001758113353,-0.001777731176,0.0003602945832,-0.001417436593,-0.001565563979,0.0003022035279,-0.001263360451,-0.002658779069,0.0005385938937,-0.002120185175,-0.001106252357,-0.0002624310145,-0.001368683372,-0.0004263846718,-0.0001814952917,-0.0006078799635,-0.001937255131,-0.0003577718159,-0.002295026947,-0.000622046854,-0.000140515425,-0.000762562279,-0.0008582614743,0.000402725438,-0.0004555360363,-0.001486311472,0.0003169201182,-0.001169391353,0.0004788422111,0.0001356027741,0.0006144449852,-0.001545738998,0.000280509535,-0.001265229463,-0.001332288874,0.0004055263381,-0.0009267625364,-0.0009100382632,0.0001728714192,-0.000737166844,-0.001888498525,0.00024247999,-0.001646018535,-0.001672297963,0.0004719061968,-0.001200391766
15.7,-0.001337534831,0.001024600367,-0.0003129344636,0.0002210439916,5.395302856e-05,0.0002749970201,-0.001993528849,0.0007848417125,-0.001208687136,-0.0005780947883,0.0004018853045,-0.0001762094838,-0.0008769047787,0.0003772857464,-0.0004996190323,4.162788819e-05,2.118004369e-05,6.280793188e-05,0.0001555679645,0.0003110326582,0.0004666006227,-0.0001835197617,0.0003450615279,0.0001615417662,4.444414886e-06,5.276737773e-05,5.721179262e-05,0.0005237400259,2.441024529e-05,0.0005481502712,0.000122570996,0.0002080957333,0.0003306667293,2.512628649e-05,-0.0006322690182,-0.0006071427317,0.0005254662453,-9.110744715e-05,0.0004343587982,-0.0006713367303,-0.0003911475239,-0.001062484254,0.001810163675,-0.0003161218652,0.00149404181,0.001465559982,5.35305832e-05,0.001519090566,0.0006294374974,0.0003032242545,0.000932661752,0.000308359354,-3.166800585e-05,0.0002766913481,-0.001910814825,0.0001194189012,-0.001791395923,-0.0002025052295,0.0002554010665,5.289583701e-05,-7.74643932e-05,0.0002538363666,0.0001763719734,-0.001801478116,0.0003660412553,-0.001435436861,-0.001559086622,0.000306807632,-0.00125227899,-0.002672898937,0.0005440540511,-0.002128844886,-0.001144462615,-0.0002634823499,-0.001407944965,-0.0004622572844,-0.0001733490821,-0.0006356063664,-0.001997148306,-0.0003727064502,-0.002369854756,-0.0006622367979,-0.0001390214355,-0.0008012582335,-0.0008900013335,0.0004000646128,-0.0004899367207,-0.001535272515,0.0003148841246,-0.00122038839,0.0004718050367,0.0001302679977,0.0006020730343,-0.001575834247,0.000275815971,-0.001300018276,-0.001365087255,0.0003985949864,-0.0009664922691,-0.0009609799531,0.0001709815782,-0.0007899983749,-0.001942251512,0.0002381940632,-0.001704057448,-0.001764202682,0.0004751103838,-0.001289092298
15.8,-0.00134092378,0.001035014494,-0.0003059092858,0.0001947047481,6.280118143e-05,0.0002575059296,-0.001986972665,0.0007920551951,-0.00119491747,-0.0005822830022,0.0004053289321,-0.00017695407,-0.0008657119996,0.0003710017153,-0.0004947102843,5.588794248e-05,2.315690481e-05,7.904484728e-05,0.0001707250946,0.0003072849144,0.0004780100089,-0.0001818735776,0.0003406927116,0.000158819134,2.65829834e-05,4.992613092e-05,7.650911432e-05,0.000534617207,1.871438792e-05,0.000553331595,0.0001304180638,0.0002048343801,0.000335252444,-2.299335603e-05,-0.0006271089953,-0.0006501023513,0.0004621914825,-9.721067295e-05,0.0003649808096,-0.0006916350595,-0.000391296876,-0.001082931936,0.001760913099,-0.0003158615629,0.001445051536,0.001411577053,4.885821174e-05,0.001460435265,0.0005771672919,0.0002930101581,0.0008701774501,0.0002596713234,-3.852338344e-05,0.00022114794,-0.001972384374,0.0001146306108,-0.001857753763,-0.0002105409321,0.0002542032264,4.366229428e-05,-8.365591717e-05,0.000258204089,0.0001745481718,-0.001827399591,0.0003719844258,-0.001455415166,-0.001555021538,0.000311290058,-0.00124373148,-0.002688650028,0.0005494921211,-0.002139157907,-0.00118532585,-0.0002636717231,-0.001448997573,-0.0004992861827,-0.0001645546221,-0.0006638408048,-0.00206047654,-0.0003862012404,-0.00244667778,-0.0007034590562,-0.0001371188466,-0.0008405779028,-0.0009235795813,0.0003975188732,-0.0005260607081,-0.001587028734,0.0003134826495,-0.001273546084,0.000460523822,0.0001251673178,0.0005856911398,-0.001608332438,0.0002710073597,-0.001337325078,-0.001399874027,0.0003906997517,-0.001009174276,-0.001014200577,0.0001689148837,-0.0008452856935,-0.001998992439,0.0002337601609,-0.001765232278,-0.001859901198,0.0004790402833,-0.001380860915
15.9,-0.001345704402,0.001045345612,-0.0003003587895,0.0001664712009,7.134204303e-05,0.0002378132439,-0.00198314168,0.0007990013228,-0.001184140357,-0.0005889908572,0.0004084156,-0.0001805752573,-0.0008564316317,0.0003648553142,-0.0004915763175,6.755283521e-05,2.510495097e-05,9.265778618e-05,0.000184322524,0.000303481704,0.000487804228,-0.0001830388865,0.0003361614144,0.0001531225279,4.641400697e-05,4.697654114e-05,9.339054811e-05,0.0005430070833,1.316725067e-05,0.000556174334,0.00013572187,0.0002020731442,0.0003377950142,-7.536518571e-05,-0.0006210924207,-0.0006964576064,0.0003945661928,-0.0001023166911,0.0002922495018,-0.0007151989354,-0.0003922599969,-0.001107458932,0.001707735502,-0.0003148173267,0.001392918176,0.0013522641,4.514814054e-05,0.00139741224,0.0005237639281,0.0002805773799,0.000804341308,0.000205698179,-4.454971058e-05,0.0001611484684,-0.002035903064,0.0001098942797,-0.001926008784,-0.000221431896,0.0002531211873,3.168929133e-05,-9.208950666e-05,0.0002625195095,0.0001704300028,-0.001855277599,0.0003780847059,-0.001477192893,-0.001553251038,0.0003156519574,-0.001237599081,-0.002705882908,0.0005548917528,-0.002150991155,-0.001228450938,-0.0002631083549,-0.001491559293,-0.0005372610514,-0.000155121301,-0.0006923823524,-0.002126782153,-0.0003982474634,-0.002525029617,-0.0007455650365,-0.0001348167787,-0.0008803818152,-0.0009587142255,0.0003950972275,-0.000563616998,-0.001641212837,0.0003126426365,-0.001328570201,0.000445117168,0.0001203142818,0.0005654314498,-0.001643093983,0.0002661267063,-0.001376967276,-0.001436408714,0.0003818874761,-0.001054521238,-0.001069394138,0.000166617012,-0.0009027771258,-0.002058415126,0.0002291988161,-0.00182921631,-0.001958768363,0.0004836127051,-0.001475155658
16.0,-0.00135171717,0.00105558743,-0.0002961297401,0.0001365452739,7.954002902e-05,0.0002160853029,-0.001981885454,0.0008056811757,-0.001176204278,-0.0005981188212,0.0004111342717,-0.0001869845494,-0.0008489159621,0.0003588723356,-0.0004900436265,7.664659413e-05,2.701558699e-05,0.0001036621811,0.0001964991837,0.0002996363283,0.000496135512,-0.0001869956497,0.0003314896487,0.0001444939989,6.415352561e-05,4.395817933e-05,0.0001081117049,0.0005490256324,7.796124478e-06,0.0005568217569,0.0001386374009,0.0001998379996,0.0003384754005,-0.0001315289806,-0.0006142877009,-0.0007458166814,0.0003229320912,-0.0001063995958,0.0002165324954,-0.0007417560026,-0.0003939742699,-0.001135730273,0.001651059277,-0.000312964525,0.001338094752,0.001287994475,4.242267932e-05,0.001330417154,0.000469550988,0.0002660215955,0.0007355725835,0.0001468228724,-4.971607767e-05,9.710679473e-05,-0.002100931701,0.0001052313908,-0.00199570031,-0.0002350662452,0.000252163425,1.709717986e-05,-0.0001026449424,0.0002667685241,0.0001641235816,-0.001884876837,0.0003842992294,-0.001500577608,-0.001553638643,0.0003198915437,-0.0012337471,-0.002724439604,0.0005602344829,-0.002164205122,-0.001273434543,-0.0002619104784,-0.001535345021,-0.0005759663656,-0.0001450716527,-0.0007210380183,-0.002195593435,-0.0004088573958,-0.002604450831,-0.0007884148915,-0.0001321299844,-0.0009205448759,-0.0009951190324,0.0003928027132,-0.0006023163192,-0.001697444575,0.0003122879661,-0.001385156609,0.0004257202208,0.000115719412,0.0005414396328,-0.001679971284,0.000261216992,-0.001418754292,-0.001474481697,0.0003722281752,-0.001102253521,-0.001126252383,0.0001640469085,-0.0009622054747,-0.002120202112,0.0002245316442,-0.001895670468,-0.002060156802,0.0004887307185,-0.001571426084
16.1,-0.001358786437,0.001065734332,-0.0002930521046,0.0001051399722,8.735810515e-05,0.0001924980774,-0.001983029191,0.0008120954716,-0.001170933719,-0.0006095485305,0.0004134744457,-0.0001960740849,-0.0008430075521,0.0003530766536,-0.0004899308986,8.321226104e-05,2.887993389e-05,0.0001120921949,0.0002073965448,0.0002957625826,0.0005031591274,-0.0001937072938,0.0003267007715,0.0001329934778,8.002059541e-05,4.091128445e-05,0.0001209318799,0.0005527967683,2.625409685e-06,0.000555422178,0.0001393286698,0.0001981501189,0.0003374787887,-0.0001910118275,-0.0006067785942,-0.0007977904216,0.0002476655855,-0.0001094580813,0.0001382075042,-0.0007710241949,-0.0003963688491,-0.001167393044,0.001591308167,-0.0003102897467,0.00128101842,0.001219179964,4.06855987e-05,0.001259865563,0.0004148371266,0.0002494535671,0.0006642906937,8.345677677e-05,-5.399727496e-05,2.945950181e-05,-0.002167025498,0.000100667774,-0.002066357724,-0.0002513119084,0.0002513360251,2.411669468e-08,-0.0001151894495,0.0002709359239,0.0001557464743,-0.001915951201,0.0003905822021,-0.001525368999,-0.001556033947,0.0003240040361,-0.001232029911,-0.00274415774,0.0005654999004,-0.002178657839,-0.001319869243,-0.0002602044763,-0.00158007372,-0.0006151876305,-0.0001344422529,-0.0007496298835,-0.00226643801,-0.0004180627147,-0.002684500725,-0.0008318818041,-0.0001290793318,-0.0009609611359,-0.001032512191,0.0003906335263,-0.0006418786652,-0.001755339557,0.0003123414782,-0.001442998079,0.0004024778602,0.0001113907778,0.000513868638,-0.001718812058,0.0002563195866,-0.001462492471,-0.001513919536,0.0003618115426,-0.001152107994,-0.001184471662,0.0001611773699,-0.001023294292,-0.002184030469,0.0002197812448,-0.001964249225,-0.002163411385,0.0004942861707,-0.001669125214
16.2,-0.001366725364,0.001075780941,-0.0002909444237,7.247474627e-05,9.475787363e-05,0.0001672326199,-0.001986378314,0.0008182441996,-0.001168134115,-0.0006231457765,0.0004154262198,-0.0002077195567,-0.0008385446049,0.0003474901043,-0.0004910545006,8.730893517e-05,3.06887744e-05,0.0001179977096,0.0002171541087,0.0002918747416,0.0005090288503,-0.0002031215645,0.0003218193969,0.0001186978324,9.423094955e-05,3.787612936e-05,0.0001321070789,0.0005544489143,-2.323359677e-06,0.0005521255547,0.0001379646495,0.0001970255273,0.0003349901768,-0.0002533330018,-0.0005986652019,-0.0008519982037,0.0001691718606,-0.0001115162271,5.76556335e-05,-0.0008027188758,-0.0003993665252,-0.001202085401,0.001528897049,-0.0003067947831,0.001222102266,0.001146262479,3.992252492e-05,0.001186185004,0.0003599025187,0.0002310022921,0.0005909048109,1.603139303e-05,-5.737457115e-05,-4.134317812e-05,-0.002233744174,9.623289606e-05,-0.002137511278,-0.0002700202105,0.0002506424923,-1.937771815e-05,-0.0001295813208,0.0002750053568,0.000145424036,-0.00194824878,0.0003968854448,-0.001551363335,-0.00156027564,0.0003279817758,-0.001232293864,-0.002764873392,0.0005706656868,-0.002194207706,-0.001367351247,-0.00025812393,-0.001625475177,-0.0006547154974,-0.0001232841247,-0.000777999622,-0.002338853573,-0.0004259137474,-0.00276476732,-0.0008758522005,-0.0001256929243,-0.001001545125,-0.001070620856,0.0003885840907,-0.0006820367648,-0.001814514453,0.0003127268209,-0.001501787632,0.0003755407553,0.0001073342239,0.0004828749791,-0.001759460348,0.0002514726298,-0.001507987718,-0.001554585521,0.0003507425142,-0.001203843007,-0.001243758118,0.0001579950626,-0.001085763056,-0.002249576625,0.0002149715823,-0.002034605043,-0.00226788287,0.0005001635083,-0.001767719362
16.3,-0.001375339647,0.00108572168,-0.000289617967,3.877227161e-05,0.0001016997361,0.0001404720077,-0.001991721783,0.0008241263343,-0.001167595448,-0.0006387626928,0.0004169803496,-0.0002217823432,-0.0008353630084,0.0003421324057,-0.0004932306027,8.900994594e-05,3.243250921e-05,0.0001214424552,0.0002259085608,0.0002879874903,0.0005138960511,-0.0002151709164,0.0003168711687,0.0001017002523,0.0001069950715,3.489222207e-05,0.0001418872935,0.0005541154744,-7.031551053e-06,0.0005470839234,0.0001347189847,0.0001964747202,0.0003311937049,-0.0003180064493,-0.0005900636539,-0.0009080701031,8.788156889e-05,-0.0001126247725,-2.474320361e-05,-0.0008365571437,-0.0004028856417,-0.001239442785,0.001464230204,-0.0003024993952,0.001161730809,0.001069707543,4.010205701e-05,0.0011098096,0.0003049883864,0.0002108190884,0.0005158074748,-5.500604387e-05,-5.98361337e-05,-0.0001148421776,-0.002300658736,9.195898259e-05,-0.002208699753,-0.0002910284727,0.0002500834526,-4.094502008e-05,-0.0001456720897,0.0002789592101,0.0001332871203,-0.001981514904,0.0004031588688,-0.001578356036,-0.00156619264,0.0003318145169,-0.001234378123,-0.002786422643,0.000575707702,-0.002210714941,-0.00141548737,-0.0002558079556,-0.001671295325,-0.000694346658,-0.0001116626093,-0.0008060092673,-0.002412394782,-0.0004324790707,-0.002844873853,-0.0009202216519,-0.0001220070414,-0.001042228693,-0.001109181438,0.0003866460412,-0.0007225353973,-0.001874588611,0.0003133701389,-0.001561218472,0.0003450646022,0.0001035532811,0.0004486178833,-0.001801755171,0.0002467097175,-0.001555045453,-0.00159637532,0.0003391365143,-0.001257238806,-0.001303830552,0.0001545002087,-0.001149330344,-0.002316519288,0.00021012855,-0.002106390738,-0.002372938421,0.000506244141,-0.00186669428
16.4,-0.001384429806,0.001095550336,-0.0002888794704,4.25681453e-06,0.0001081431449,0.0001123999594,-0.001998834102,0.0008297395814,-0.001169094521,-0.0006562390038,0.0004181282605,-0.0002381107432,-0.0008332954036,0.0003370210248,-0.0004962743788,8.840217717e-05,3.410105739e-05,0.0001225032346,0.0002337957504,0.0002841157431,0.0005179114935,-0.0002297724807,0.0003118823051,8.210982442e-05,0.0001185193544,3.199738356e-05,0.000150516738,0.0005519378195,-1.148356491e-05,0.0005404542546,0.0001297721803,0.0001965022419,0.0003262744222,-0.0003845426894,-0.0005811037006,-0.00096564639,4.250355973e-06,-0.000112862341,-0.000108611985,-0.0008722596585,-0.0004068420409,-0.001279101699,0.001397701055,-0.0002974420723,0.001100258983,0.0009900001972,4.117725279e-05,0.00103117745,0.0002502913432,0.0001890814248,0.0004393727681,-0.0001291933542,-6.137716375e-05,-0.0001905705179,-0.0023673547,8.788001652e-05,-0.002279474684,-0.0003141618244,0.0002496564009,-6.450542348e-05,-0.0001633075907,0.0002827785644,0.0001194709737,-0.002015493796,0.0004093509344,-0.001606142862,-0.001573604288,0.0003354898055,-0.001238114483,-0.002808642318,0.0005806002845,-0.002228042033,-0.001463900216,-0.000253399036,-0.001717299252,-0.0007338815786,-9.965689331e-05,-0.0008335384719,-0.002486636422,-0.0004378446257,-0.002924481048,-0.0009648881782,-0.0001180660582,-0.001082954236,-0.001147937644,0.0003848090206,-0.0007631286236,-0.001935183676,0.0003142014285,-0.001620982247,0.0003112114926,0.0001000489289,0.0004112604216,-0.001845527874,0.0002420591291,-0.001603468745,-0.001639208849,0.0003271147974,-0.001312094052,-0.001364421327,0.0001507062497,-0.001213715078,-0.002384540536,0.0002052805623,-0.002179259974,-0.002477967487,0.0005124101643,-0.001965557323
16.5,-0.001393792556,0.001105259599,-0.0002885329569,-3.084643608e-05,0.0001140468666,8.320043054e-05,-0.002007476765,0.0008350800996,-0.001172396666,-0.0006754027816,0.0004188619979,-0.0002565407837,-0.0008321691708,0.0003321709267,-0.0004999982442,8.558587874e-05,3.568372328e-05,0.000121269602,0.000240953271,0.0002802743841,0.0005212276551,-0.0002468279187,0.0003068789684,6.005104973e-05,0.0001290076875,2.922685934e-05,0.0001582345468,0.0005480681379,-1.566699555e-05,0.0005324011424,0.0001233137675,0.000197106319,0.0003204200865,-0.0004524519046,-0.0005719244337,-0.001024376338,-8.12402847e-05,-0.0001123356668,-0.0001935759515,-0.0009095513065,-0.0004111509098,-0.001320702216,0.001329692394,-0.0002916788484,0.001038013546,0.0009076422747,4.308736302e-05,0.0009507296377,0.0001959620486,0.0001659951732,0.0003619572218,-0.0002060526562,-6.19999952e-05,-0.0002680526514,-0.002433432832,8.403026887e-05,-0.002349402564,-0.0003392347956,0.0002493555941,-8.987920148e-05,-0.000182328726,0.000286443303,0.000104114577,-0.002049929974,0.0004154090854,-0.001634520889,-0.001582321038,0.0003389933099,-0.001243327728,-0.002831370746,0.0005853167763,-0.00224605397,-0.001512231025,-0.0002510408128,-0.001763271838,-0.0007731208388,-8.735936488e-05,-0.0008604802037,-0.002561174421,-0.0004421114074,-0.003003285828,-0.001009745967,-0.0001139211151,-0.001123667082,-0.001186639076,0.0003830611482,-0.0008035779273,-0.001995923516,0.000315155398,-0.001680768118,0.000274151631,9.681943082e-05,0.0003709710619,-0.001890599926,0.0002375435828,-0.001653056343,-0.001683020251,0.0003147999975,-0.001368220254,-0.001425276153,0.0001466394129,-0.00127863674,-0.0024533263,0.0002004592704,-0.00225286703,-0.002582383908,0.0005185467602,-0.002063837147
16.6,-0.001403222133,0.001114840656,-0.0002883814773,-6.631209016e-05,0.0001193691766,5.305708641e-05,-0.002017400149,0.0008401422218,-0.001177257927,-0.0006960714457,0.0004191741688,-0.0002768972769,-0.0008318055644,0.0003275942485,-0.0005042113159,8.067405604e-05,3.716912126e-05,0.0001178431773,0.0002475214274,0.0002764780204,0.0005239994478,-0.000266223553,0.000301886644,3.566309099e-05,0.000138661209,2.661259746e-05,0.0001652738065,0.0005426699361,-1.957274688e-05,0.0005230971892,0.0001155423722,0.0001982786263,0.0003138209985,-0.0005212490917,-0.0005626690701,-0.001083918162,-0.0001680829357,-0.0001111783978,-0.0002792613335,-0.0009481620368,-0.0004157285279,-0.001363890565,0.001260576572,-0.0002852810466,0.0009752955256,0.0008231492492,4.575992031e-05,0.0008689091696,0.0001421059172,0.0001417947418,0.000283900659,-0.0002850907698,-6.171426988e-05,-0.0003468050397,-0.002498509444,8.044231965e-05,-0.002418067124,-0.0003660532074,0.0002491720321,-0.0001168811753,-0.000202572711,0.0002899322989,8.735958795e-05,-0.00208457038,0.0004212800643,-0.001663290316,-0.001592146563,0.0003423090284,-0.001249837534,-0.002854449154,0.0005898301787,-0.002264618975,-0.001560141046,-0.0002488759515,-0.001809016998,-0.0008118625,-7.487477813e-05,-0.0008867372781,-0.002635626163,-0.000445392008,-0.003081018171,-0.001054681951,-0.0001096279884,-0.001164309939,-0.001225042356,0.0003813891701,-0.0008436531862,-0.002056436087,0.0003161719105,-0.001740264176,0.0002340639167,9.386039713e-05,0.0003279243138,-0.001936782467,0.000233180322,-0.001703602145,-0.00172774827,0.0003023119917,-0.001425436278,-0.001486153316,0.0001423376407,-0.001343815675,-0.002522567656,0.0001957004624,-0.002326867194,-0.002685626845,0.0005245433323,-0.002161083513
16.7,-0.001412512327,0.001124282947,-0.0002882293805,-0.0001019161508,0.000124068014,2.215186325e-05,-0.002028346557,0.0008449182664,-0.001183428291,-0.0007180535491,0.000419057957,-0.0002989955921,-0.0008320212732,0.0003233000193,-0.0005087212539,7.379082936e-05,3.854520897e-05,0.0001123360383,0.0002536415561,0.000272740807,0.0005263823631,-0.0002878310515,0.0002969296923,9.098640852e-06,0.0001476753857,2.41827173e-05,0.000171858103,0.0005359154516,-2.319508928e-05,0.0005127203623,0.0001066629537,0.0002000041909,0.0003066671446,-0.0005904609709,-0.0005534797779,-0.001143940749,-0.000255746321,-0.000109548679,-0.000365295,-0.0009878285681,-0.0004204941382,-0.001408322706,0.001190715302,-0.0002783330002,0.0009123823014,0.0007370454521,4.911322085e-05,0.000786158673,8.87841038e-05,0.0001167412987,0.0002055254025,-0.0003658024326,-6.053714353e-05,-0.0004263395761,-0.00256221811,7.714514517e-05,-0.002485072965,-0.0003944166514,0.0002490934673,-0.0001453231841,-0.0002238752197,0.0002932235953,6.934837562e-05,-0.002119167652,0.0004269100468,-0.001692257605,-0.001602881475,0.0003454194253,-0.00125746205,-0.002877723932,0.000594113865,-0.002283610067,-0.001607312823,-0.000247044113,-0.001854356936,-0.0008499020391,-6.231908056e-05,-0.0009122211197,-0.002709630502,-0.0004478074512,-0.003157437953,-0.001099575908,-0.0001052448548,-0.001204820763,-0.001262915089,0.0003797784824,-0.0008831366063,-0.002116357691,0.0003171962472,-0.001799161444,0.0001911347155,9.11651061e-05,0.0002822998216,-0.001983878058,0.0002289813312,-0.001754896727,-0.001773328992,0.0002897642983,-0.001483564694,-0.001546822789,0.0001378484775,-0.001408974312,-0.00259196349,0.0001910449028,-0.002400918587,-0.002787162571,0.0005302937201,-0.002256868851
16.8,-0.001421459505,0.001133574194,-0.0002878853109,-0.0001374388258,0.0001281012337,-9.337592067e-06,-0.002040054562,0.0008493984762,-0.001190656086,-0.0007411514944,0.000418507227,-0.0003226442674,-0.000832632456,0.0003192940005,-0.0005133384554,6.50686587e-05,3.979938798e-05,0.0001048680467,0.0002594519166,0.0002690763266,0.0005285282432,-0.0003115087316,0.0002920310915,-1.947764005e-05,0.0001562348424,2.196114677e-05,0.0001781959892,0.0005279805303,-2.653165872e-05,0.0005014488715,9.688165833e-05,0.0002022614228,0.0002991430811,-0.0006596335558,-0.0005444932385,-0.001204126794,-0.0003436799627,-0.0001076258976,-0.0004513058603,-0.001028297215,-0.0004253720646,-0.00145366928,0.001120458285,-0.000270930249,0.0008495280355,0.0006498573989,5.305904001e-05,0.0007029164389,3.601471658e-05,9.111930078e-05,0.0001271340174,-0.0004476763685,-5.849344943e-05,-0.0005061698179,-0.002624213442,7.416293649e-05,-0.002550050506,-0.0004241216618,0.0002491045444,-0.0001750171174,-0.00024607347,0.0002962946202,5.022115018e-05,-0.002153484441,0.0004322446848,-0.001721239757,-0.00161432825,0.0003483056115,-0.001266022638,-0.002901049664,0.0005981423064,-0.002302907358,-0.001653452229,-0.0002456802479,-0.001899132477,-0.0008870350068,-4.981784001e-05,-0.0009368528468,-0.00278284756,-0.0004494853766,-0.003232332937,-0.001144303268,-0.0001008305246,-0.001245133793,-0.001300041706,0.0003782132304,-0.0009218284755,-0.002175339086,0.0003181793249,-0.001857159761,0.0001455549001,8.872505027e-05,0.0002342799503,-0.002031684388,0.0002249536565,-0.001806730731,-0.001819691857,0.0002772612458,-0.001542430611,-0.00160706574,0.000133226073,-0.001473839667,-0.002661224209,0.0001865386148,-0.002474685594,-0.002886487602,0.000535695921,-0.002350791681
16.9,-0.001429866461,0.00114270062,-0.0002871658412,-0.000172668415,0.0001314270694,-4.124134561e-05,-0.002052264291,0.0008535710256,-0.001198693265,-0.0007651649783,0.0004175166546,-0.0003476483238,-0.0008334604462,0.0003155786384,-0.0005178818078,5.464471821e-05,4.091860435e-05,9.556332256e-05,0.0002650821546,0.0002654974862,0.0005305796408,-0.0003371033811,0.0002872123,-4.989108111e-05,0.0001645071106,1.996743961e-05,0.0001844745503,0.0005190382082,-2.95833534e-05,0.0004894548548,8.63993979e-05,0.0002050223141,0.000291421712,-0.0007283392098,-0.0005358374362,-0.001264176646,-0.0004313214931,-0.0001056066799,-0.000536928173,-0.001069327821,-0.0004302938362,-0.001499621657,0.00105013968,-0.0002631777947,0.0007869618855,0.0005621057033,5.750534119e-05,0.0006196110445,-1.622493199e-05,6.523130361e-05,4.900637162e-05,-0.0005302031562,-5.561581758e-05,-0.0005858189738,-0.00268417614,7.151477015e-05,-0.00261266137,-0.0004549654375,0.000249187219,-0.0002057782184,-0.0002690099232,0.000299122542,3.011261886e-05,-0.002187298295,0.0004372292317,-0.001750069063,-0.0016262966,0.000350947645,-0.001275348955,-0.002924292472,0.000601891727,-0.002322400745,-0.001698291535,-0.0002449134588,-0.001943204994,-0.0009230616001,-3.750433745e-05,-0.0009605659376,-0.002854958445,-0.0004505596417,-0.003305518087,-0.001188739203,-9.644325802e-05,-0.001285182461,-0.001336229684,0.0003766765314,-0.000959553153,-0.002233052181,0.0003190777988,-0.001913974383,9.751580294e-05,8.653066003e-05,0.000184046463,-0.002079999375,0.000221099989,-0.001858899386,-0.001866758654,0.0002648961729,-0.001601862481,-0.001666674804,0.0001285277944,-0.001538147009,-0.002730075649,0.0001822321817,-0.002547843467,-0.00298313272,0.0005406517232,-0.002442480997
17.0,-0.001437546648,0.001151647178,-0.0002858994699,-0.0002074057064,0.0001340048111,-7.340089526e-05,-0.002064723113,0.0008574220268,-0.001207301086,-0.0007898947361,0.0004160818173,-0.0003738129189,-0.0008343378495,0.0003121530871,-0.0005221847624,4.265694088e-05,4.188943533e-05,8.454637622e-05,0.0002706477504,0.0002620164172,0.0005326641676,-0.0003644523706,0.0002824931811,-8.195918948e-05,0.0001726368743,1.821679645e-05,0.0001908536707,0.000509252564,-3.235407451e-05,0.0004768984895,7.540563658e-05,0.000208252863,0.0002836584995,-0.0007961824516,-0.0005276298574,-0.001323812309,-0.0005181063463,-0.0001036997719,-0.0006218061182,-0.001110698272,-0.0004351998942,-0.001545898166,0.0009800722734,-0.0002551877243,0.0007248845492,0.0004742965826,6.235875111e-05,0.0005366553337,-6.799450329e-05,3.939100367e-05,-2.860349962e-05,-0.0006128833377,-5.194487121e-05,-0.0006648282089,-0.00274181775,6.921469163e-05,-0.002672603059,-0.0004867496374,0.0002493214324,-0.000237428205,-0.0002925359444,0.0003016847565,9.148812109e-06,-0.002220406308,0.0004418088725,-0.001778597436,-0.001638608365,0.0003533249476,-0.001285283417,-0.002947333013,0.0006053405623,-0.00234199245,-0.001741593272,-0.0002448665253,-0.001986459798,-0.000957791866,-2.551743232e-05,-0.0009833092983,-0.002925664861,-0.0004511708128,-0.003376835673,-0.001232762836,-9.213971904e-05,-0.001324902555,-0.00137131446,0.0003751507263,-0.0009961637332,-0.002289195709,0.0003198539039,-0.001969341805,4.720516945e-05,8.457209206e-05,0.0001317772615,-0.002128626687,0.0002174195735,-0.001911207114,-0.00191444454,0.00025275082,-0.00166169372,-0.001725455063,0.0001238109606,-0.001601644102,-0.002798262103,0.0001781789912,-0.002620083112,-0.003076666852,0.0005450663093,-0.002531600542
17.1,-0.001444328195,0.001160397646,-0.0002839305487,-0.0002414680378,0.0001357956177,-0.0001056724201,-0.002077191023,0.0008609355423,-0.001216255481,-0.0008151460403,0.0004141992451,-0.0004009467951,-0.00083511357,0.0003090132984,-0.0005261002716,2.924039808e-05,4.269818788e-05,7.193858596e-05,0.0002762459905,0.0002586443773,0.0005348903678,-0.0003933857786,0.0002778919663,-0.0001154938123,0.0001807424581,1.672024443e-05,0.0001974627025,0.0004987744955,-3.485033581e-05,0.0004639241597,6.407400137e-05,0.000211913703,0.0002759877044,-0.0008628040151,-0.0005199768726,-0.001382780888,-0.0006034788079,-0.0001021194613,-0.0007055982692,-0.001152208648,-0.0004400405278,-0.001592249175,0.0009105409104,-0.0002470762975,0.0006634646129,0.0003869142342,6.752656733e-05,0.0004544408015,-0.0001193846921,1.391466523e-05,-0.0001054700268,-0.0006952341945,-4.752957401e-05,-0.0007427637685,-0.002796883568,6.727156472e-05,-0.002729612004,-0.0005192835559,0.00024948584,-0.0002697977159,-0.0003165146075,0.0003039593606,-1.255524693e-05,-0.002252628624,0.0004459292736,-0.001806699351,-0.00165110104,0.0003554168115,-0.001295684229,-0.002970068462,0.0006084696847,-0.002361598777,-0.001783154019,-0.0002456559026,-0.002028809922,-0.0009910500307,-1.399932621e-05,-0.001005049357,-0.002994688861,-0.0004514664916,-0.003446155353,-0.001276260404,-8.797369137e-05,-0.001364234095,-0.001405161573,0.0003736175828,-0.00103154399,-0.002343498456,0.0003204750079,-0.002023023448,-5.19560389e-06,8.283990566e-05,7.764430177e-05,-0.002177380263,0.0002139092752,-0.001963470988,-0.001962659727,0.000240895625,-0.001721764102,-0.001783225352,0.0001191301988,-0.001664095154,-0.002865547498,0.0001744326655,-0.002691114832,-0.003166699322,0.0005488476493,-0.002617851673
17.2,-0.001450057215,0.001168934627,-0.0002811225881,-0.0002746921829,0.0001367634021,-0.0001379287808,-0.002089445126,0.0008640936372,-0.001225351489,-0.0008407314628,0.0004118664779,-0.0004288649849,-0.0008356555873,0.000306152182,-0.0005295034053,1.452462802e-05,4.333100669e-05,5.785563471e-05,0.0002819545178,0.0002553916246,0.0005373461425,-0.000423728286,0.0002734252005,-0.0001503030855,0.0001889156947,1.548484912e-05,0.0002044005438,0.0004877404738,-3.708085221e-05,0.0004506596216,5.256077571e-05,0.0002159608336,0.0002685216093,-0.0009278826232,-0.0005129740159,-0.001440856639,-0.0006869029454,-0.0001010778455,-0.0007879807909,-0.001193684167,-0.0004447759292,-0.001638460096,0.0008417975812,-0.0002389613337,0.0006028362474,0.0003004151871,7.291810719e-05,0.0003733332942,-0.0001705085723,-1.088836248e-05,-0.0001813969347,-0.0007767941118,-4.242756622e-05,-0.000819221678,-0.002849152772,6.568827205e-05,-0.0027834645,-0.0005523861565,0.0002496584252,-0.0003027277313,-0.0003408220596,0.0003059255046,-3.489655506e-05,-0.002283810133,0.0004495373149,-0.001834272818,-0.001663629545,0.0003572029709,-0.001306426574,-0.002992413113,0.0006112625147,-0.002381150599,-0.00182280679,-0.0002473917298,-0.00207019852,-0.001022676653,-3.093331038e-06,-0.001025769984,-0.003061773202,-0.0004516002181,-0.00351337342,-0.001319126089,-8.399490385e-05,-0.001403120993,-0.001437665463,0.0003720584927,-0.00106560697,-0.002395719647,0.0003209130512,-0.002074806596,-5.951208911e-05,8.132548471e-05,2.18133956e-05,-0.002226086752,0.0002105646395,-0.002015522112,-0.002011310373,0.0002293902075,-0.001781920165,-0.001839819445,0.0001145358064,-0.001725283638,-0.002931714376,0.0001710440533,-0.002760670322,-0.003252879568,0.0005519058901,-0.002700973678
17.3,-0.001454600162,0.001177239599,-0.0002773605634,-0.0003069356294,0.0001368757712,-0.0001700598582,-0.002101282967,0.0008668764593,-0.001234406507,-0.0008664726951,0.0004090821285,-0.0004573905665,-0.0008358513116,0.000303559792,-0.0005322915197,-1.36786252e-06,4.377394686e-05,4.240608434e-05,0.000287832261,0.0002522672012,0.0005400994622,-0.0004553007675,0.0002691075829,-0.0001861931846,0.0001972246185,1.451385797e-05,0.0002117384764,0.000476273797,-3.905620593e-05,0.0004372175911,4.100584617e-05,0.0002203463426,0.0002613521888,-0.000991134564,-0.0005067069681,-0.001497841532,-0.0007678725022,-0.0001007769009,-0.0008686494031,-0.001234976721,-0.0004493755504,-0.001684352271,0.0007740593613,-0.0002309603946,0.0005430989667,0.0002152249296,7.844541401e-05,0.0002936703436,-0.0002214907972,-3.472466749e-05,-0.0002562154647,-0.0008571244245,-3.670524901e-05,-0.0008938296735,-0.002898436123,6.446047694e-05,-0.002833975646,-0.0005858869982,0.0002498170269,-0.0003360699714,-0.0003653475269,0.0003075636772,-5.778384973e-05,-0.002313820569,0.0004525819992,-0.00186123857,-0.001676066704,0.0003586641778,-0.001317402526,-0.003014297839,0.0006137051857,-0.002400592653,-0.001860421141,-0.0002501774431,-0.002110598584,-0.001052528365,7.058417436e-06,-0.001045469947,-0.003126682119,-0.0004517285366,-0.003578410656,-0.001361259962,-8.024855122e-05,-0.001441508513,-0.001468745934,0.0003704546943,-0.00109829124,-0.002445647616,0.0003211441205,-0.002124503495,-0.0001155756352,8.002123566e-05,-3.555439955e-05,-0.002274585994,0.0002073809011,-0.002067205093,-0.002060298144,0.000218283531,-0.001842014613,-0.001895086839,0.0001100731096,-0.001785013729,-0.002996561423,0.0001680581917,-0.002828503231,-0.003334894779,0.0005541533933,-0.002780741386
17.4,-0.001457845359,0.001185293016,-0.0002725523438,-0.0003380765343,0.0001361049845,-0.0002019715498,-0.002112525017,0.0008692622892,-0.001243262728,-0.0008922016553,0.0004058459034,-0.0004863557519,-0.0008356066333,0.000301223471,-0.0005343831623,-1.832225892e-05,4.401298053e-05,2.569072161e-05,0.0002939212428,0.0002492786107,0.0005431998535,-0.0004879217451,0.0002649516937,-0.0002229700514,0.0002057168626,1.380680346e-05,0.0002195236661,0.0004644864194,-4.078858697e-05,0.0004236978324,2.953427921e-05,0.0002250190974,0.0002545533766,-0.001052312218,-0.0005012529689,-0.001553565187,-0.0008459197682,-0.0001014014123,-0.0009473211804,-0.001275965408,-0.0004538170989,-0.001729782507,0.0007075083992,-0.0002231893322,0.000484319067,0.0001317360924,8.402353039e-05,0.0002157596228,-0.0002724563447,-5.732424461e-05,-0.0003297805893,-0.0009358098947,-3.043749146e-05,-0.0009662473862,-0.002944572735,6.357553051e-05,-0.002880997204,-0.0006196265751,0.0002499398943,-0.0003696866808,-0.000389992662,0.0003088560424,-8.11366196e-05,-0.00234255396,0.0004550155294,-0.00188753843,-0.001688303501,0.0003597826922,-0.001328520809,-0.003035669142,0.0006157868088,-0.002419882333,-0.001895901578,-0.0002541087588,-0.002150010336,-0.001080476509,1.631747787e-05,-0.001064159031,-0.003189201903,-0.0004520069256,-0.003641208828,-0.001402564148,-7.677560904e-05,-0.001479339757,-0.001498344384,0.000368787373,-0.001129557011,-0.002493098806,0.0003211481986,-0.002171950607,-0.0001732217752,7.89207303e-05,-9.430104491e-05,-0.002322730746,0.0002043538507,-0.002118376895,-0.002109519475,0.0002076139105,-0.001901905564,-0.001948893267,0.000105782352,-0.001843110915,-0.003059901198,0.0001655117132,-0.002894389485,-0.003412467009,0.0005555059489,-0.00285696106
17.5,-0.001459704144,0.001193074355,-0.0002666297892,-0.0003680131899,0.0001344288575,-0.0002335843323,-0.002123016903,0.0008712275649,-0.001251789338,-0.0009177614224,0.0004021585573,-0.0005156028652,-0.0008348453468,0.0002991279395,-0.0005357174073,-3.62319257e-05,4.403397466e-05,7.802048963e-06,0.0003002475278,0.0002464314522,0.00054667898,-0.0005214089709,0.0002609677132,-0.0002604412577,0.0002144216192,1.335967169e-05,0.0002277812909,0.0004524793934,-4.22915331e-05,0.0004101878603,1.825665293e-05,0.0002299254475,0.0002481821004,-0.001111202872,-0.0004966822836,-0.001607885156,-0.0009206237432,-0.0001031134395,-0.001023737183,-0.001316556803,-0.0004580854616,-0.001774642265,0.0006422921636,-0.0002157604838,0.0004265316798,5.03070653e-05,8.95705261e-05,0.0001398775914,-0.0003235199127,-7.844675984e-05,-0.0004019666726,-0.001012459686,-2.370692665e-05,-0.001036166612,-0.002987427552,6.301174336e-05,-0.002924415808,-0.0006534566245,0.0002500062587,-0.0004034503658,-0.0004146710119,0.0003097868243,-0.0001048841876,-0.002369928318,0.0004567944135,-0.001913133904,-0.001700250006,0.0003605426268,-0.001339707379,-0.003056488486,0.0006174997456,-0.00243898874,-0.001929186144,-0.0002592717364,-0.00218845788,-0.001106406654,2.455189575e-05,-0.001081854758,-0.00324914154,-0.0004525854109,-0.003701726951,-0.001442939516,-7.361368064e-05,-0.001516553197,-0.001526421425,0.0003670374153,-0.00115938401,-0.002537918589,0.0003209089332,-0.002217009656,-0.0002322895925,7.801882076e-05,-0.0001542707718,-0.002370386742,0.0002014803897,-0.002168906352,-0.002158865935,0.0001974092787,-0.001961456656,-0.002001121128,0.0001016984392,-0.001899422689,-0.003121559543,0.0001634310582,-0.002958128485,-0.003485351324,0.0005558853726,-0.002929465952
17.6,-0.001460112111,0.001200562096,-0.0002595500152,-0.0003966638193,0.000131831564,-0.0002648322553,-0.002132631775,0.0008727469798,-0.001259884796,-0.0009430075104,0.0003980218435,-0.0005449856669,-0.0008335100784,0.0002972553957,-0.0005362546827,-5.499928862e-05,4.382271565e-05,-1.117657297e-05,0.0003068203699,0.000243729104,0.000550549474,-0.0005555813339,0.0002571632889,-0.000298418045,0.0002233492486,1.316517405e-05,0.0002365144226,0.00044034111,-4.357962752e-05,0.0003967614824,7.267321822e-06,0.0002350099593,0.0002422772812,-0.001167628499,-0.0004930592982,-0.001660687797,-0.0009916175414,-0.0001060484854,-0.001097666027,-0.001356685434,-0.000462171921,-0.001818857355,0.0005785228661,-0.0002087805489,0.0003697423171,-2.87397383e-05,9.50074077e-05,6.62676694e-05,-0.0003747759776,-9.788799043e-05,-0.000472663968,-0.00108671016,-1.660287581e-05,-0.001103313036,-0.003026890261,6.27378135e-05,-0.002964152448,-0.0006872407115,0.0002499968019,-0.0004372439095,-0.0004393080724,0.0003103426268,-0.0001289654456,-0.002395886015,0.0004578804179,-0.001938005597,-0.001711837188,0.000360930177,-0.001350907011,-0.003076732202,0.000618839791,-0.002457892411,-0.001960246872,-0.0002657397753,-0.002225986647,-0.001130220274,3.163914516e-05,-0.001098581129,-0.003306334698,-0.0004536041835,-0.003759938882,-0.001482284857,-7.079811806e-05,-0.001553082975,-0.001552956418,0.0003651848299,-0.001187771588,-0.002579984015,0.0003204132806,-0.002259570735,-0.000292622546,7.731149435e-05,-0.0002153110516,-0.002417433618,0.000198758702,-0.002218674916,-0.00220822615,0.0001876878355,-0.002020538314,-0.002051670022,9.785010496e-05,-0.001953819917,-0.003181376928,0.0001618314412,-0.003019545487,-0.003553335962,0.0005552234604,-0.002998112501
17.7,-0.001459030697,0.001207733752,-0.0002512969451,-0.000423967094,0.000128304386,-0.000295662708,-0.002141272771,0.0008737937731,-0.001267478998,-0.000967809691,0.000393438525,-0.000574371166,-0.0008315648068,0.0002955856926,-0.0005359791142,-7.453731053e-05,4.336501667e-05,-3.117229386e-05,0.0003136296807,0.0002411724942,0.0005548021749,-0.0005902611285,0.0002535436347,-0.0003367174938,0.000232488876,1.32130606e-05,0.0002457019366,0.0004281437588,-4.466817679e-05,0.000383475582,-3.359065183e-06,0.000240216156,0.0002368570908,-0.001221446625,-0.0004904428557,-0.001711889481,-0.001058594643,-0.0001103131185,-0.001168907761,-0.001396314206,-0.0004660741102,-0.001862388316,0.0005162764027,-0.0002023490099,0.0003139273928,-0.0001051202775,0.0001002580725,-4.862204986e-06,-0.000426289803,-0.0001154870027,-0.0005417768057,-0.001158229635,-9.219982268e-06,-0.001167449617,-0.003062875585,6.271238831e-05,-0.003000163196,-0.0007208551766,0.0002498939952,-0.0004709611813,-0.0004638420548,0.0003105126359,-0.0001533294189,-0.00242039481,0.0004582413532,-0.001962153456,-0.001723019213,0.0003609338326,-0.001362085381,-0.00309639191,0.0006198062647,-0.002476585645,-0.001989092314,-0.0002735700937,-0.002262662408,-0.001151838644,3.746909521e-05,-0.001114369549,-0.00336064366,-0.0004551896958,-0.003815833356,-0.001520499208,-6.836310346e-05,-0.001588862311,-0.001577948659,0.0003632082391,-0.00121474042,-0.002619207413,0.0003196509806,-0.002299556432,-0.0003540705443,7.679526222e-05,-0.0002772752821,-0.002463766624,0.0001961880939,-0.00226757853,-0.002257488972,0.000178459201,-0.002079029771,-0.002100457694,9.425868175e-05,-0.002006199013,-0.003239210903,0.0001607162144,-0.003078494688,-0.003616244507,0.0005534666866,-0.00306277782
17.8,-0.001456448985,0.001214566087,-0.0002418828983,-0.0004498832519,0.0001238464536,-0.0003260367983,-0.002148875173,0.0008743402304,-0.001274534943,-0.0009920541921,0.0003884124395,-0.0006036417526,-0.0008289982134,0.0002940965866,-0.0005349016268,-9.477135435e-05,4.264688057e-05,-5.212447378e-05,0.0003206427278,0.0002387599433,0.0005594026711,-0.0006252765716,0.0002501118276,-0.000375164744,0.0002418051448,1.349042321e-05,0.000255295568,0.0004159391975,-4.557288467e-05,0.0003703663129,-1.357168302e-05,0.0002454872405,0.0002319155575,-0.001272552041,-0.0004888857753,-0.001761437817,-0.001121313743,-0.0001159836816,-0.001237297425,-0.001435434122,-0.000469796755,-0.001905230877,0.0004555918176,-0.0001965577193,0.0002590340983,-0.0001785918508,0.0001052494444,-7.334240638e-05,-0.0004780908231,-0.0001311327672,-0.0006092235903,-0.001226724324,-1.656579291e-06,-0.001228380903,-0.00309532445,6.288404521e-05,-0.003032440405,-0.000754190359,0.0002496824422,-0.0005045079169,-0.0004882251654,0.000310288785,-0.0001779363804,-0.002443449211,0.0004578518588,-0.001985597352,-0.001733775418,0.0003605446404,-0.001373230777,-0.003115475061,0.0006204020502,-0.002495073011,-0.002015770986,-0.0002828009015,-0.002298571887,-0.00117120806,4.194684033e-05,-0.001129261219,-0.00341196421,-0.0004574522486,-0.003869416459,-0.001557486658,-6.634223718e-05,-0.001623828895,-0.001601419344,0.0003610849085,-0.001240334436,-0.002655539348,0.0003186138935,-0.002336925455,-0.0004164927169,7.646622519e-05,-0.0003400264917,-0.002509298668,0.0001937685683,-0.0023155301,-0.002306547591,0.0001697264157,-0.002136821175,-0.002147421705,9.093712309e-05,-0.002056484582,-0.003294938735,0.0001600765178,-0.003134862217,-0.003673939101,0.0005505803155,-0.003123358786
17.9,-0.001452385231,0.001221035481,-0.0002313497493,-0.000474395282,0.0001184653732,-0.0003559299089,-0.002155407778,0.0008743583171,-0.00128104946,-0.001015645806,0.0003829485534,-0.000632697253,-0.000825826612,0.0002927640124,-0.0005330625997,-0.0001156409377,4.165468707e-05,-7.398625067e-05,0.0003278014658,0.0002364870593,0.0005642885251,-0.0006604643098,0.0002468691829,-0.0004135951269,0.0002512358138,1.398201034e-05,0.0002652178241,0.0004037558037,-4.630948974e-05,0.000357446314,-2.334671168e-05,0.0002507668299,0.0002274201182,-0.001320878548,-0.000488433996,-0.001809312544,-0.001179602389,-0.0001231056143,-0.001302708003,-0.001474062811,-0.0004733526545,-0.001947415465,0.0003964717492,-0.0001914912515,0.0002049804977,-0.0002489560989,0.0001099118669,-0.000139044232,-0.0005301697393,-0.0001447682351,-0.0006749379744,-0.001291944179,5.9872114e-06,-0.001285956967,-0.003124205227,6.319182947e-05,-0.003061013398,-0.0007871517354,0.0002493493218,-0.0005378024136,-0.0005124248063,0.000309665951,-0.0002027588553,-0.00246507144,0.0004566942833,-0.002008377157,-0.001744110958,0.0003597565156,-0.001384354442,-0.003134004943,0.0006206335558,-0.002513371387,-0.002040373972,-0.0002934502444,-0.002333824217,-0.001188304878,4.499509891e-05,-0.001143309779,-0.003460230137,-0.0004604855277,-0.003920715664,-0.001593162115,-6.47683469e-05,-0.001657930462,-0.001623412659,0.0003587914246,-0.001264621234,-0.002688969469,0.0003172953405,-0.002371674129,-0.000479760038,7.631925933e-05,-0.0004034407786,-0.002553961784,0.0001915001686,-0.002362461616,-0.002355303851,0.0001614886775,-0.002193815173,-0.002192521448,8.78898141e-05,-0.002104631634,-0.003348459775,0.0001598915496,-0.003188568225,-0.00372632341,0.0005465508191,-0.003179772591
18.0,-0.001446887359,0.001227118298,-0.0002197690606,-0.0004975093748,0.0001121775489,-0.0003853318259,-0.00216087296,0.0008738203442,-0.001287052616,-0.001038509306,0.0003770529742,-0.0006614563314,-0.0008220949809,0.0002915623543,-0.0005305326266,-0.0001371007376,4.037541265e-05,-9.672532494e-05,0.0003350221031,0.0002343466829,0.000569368786,-0.0006956715282,0.0002438155727,-0.0004518559555,0.0002606920769,1.467057104e-05,0.000275362648,0.000391597968,-4.689335411e-05,0.0003447046138,-3.26879011e-05,0.0002559997208,0.0002233118197,-0.001366399241,-0.0004891260672,-0.001855525308,-0.001233359373,-0.0001316927192,-0.001365052092,-0.001512241451,-0.0004767633603,-0.001989004811,0.00033888387,-0.0001872271027,0.0001516567672,-0.0003160611129,0.0001141798435,-0.0002018812693,-0.0005824788436,-0.0001563910541,-0.0007388698977,-0.001353686888,1.361156213e-05,-0.001340075326,-0.003149513924,6.356622565e-05,-0.003085947698,-0.0008196603428,0.0002488848019,-0.0005707755409,-0.0005364238427,0.0003086421074,-0.0002277817352,-0.002485310969,0.0004547595478,-0.002030551421,-0.001754055259,0.000358566556,-0.001395488703,-0.003152019445,0.000620510524,-0.002531508921,-0.002063035105,-0.0003055164145,-0.00236855152,-0.00120313861,4.655592755e-05,-0.001156582683,-0.003505416788,-0.0004643673448,-0.003969784133,-0.001627455831,-6.367272091e-05,-0.001691128552,-0.001643994192,0.0003563048019,-0.001287689391,-0.00271952404,0.0003156897532,-0.002403834287,-0.0005437566854,7.634770862e-05,-0.0004674089768,-0.002597707039,0.0001893822337,-0.002408324805,-0.002403671325,0.0001537440973,-0.002249927227,-0.002235739281,8.511326058e-05,-0.00215062602,-0.003399696994,0.0001601296935,-0.0032395673,-0.003773344246,0.0005413864351,-0.003231957811
18.1,-0.001440031757,0.001232791161,-0.0002072405961,-0.0005192538617,0.0001050081062,-0.0004142457555,-0.002165305063,0.0008726996128,-0.00129260545,-0.0010605896,0.0003707329513,-0.0006898566486,-0.0008178748306,0.0002904647233,-0.0005274101074,-0.0001591202317,3.879688811e-05,-0.0001203233436,0.0003421981686,0.0002323288794,0.000574527048,-0.0007307572472,0.0002409495889,-0.0004898076583,0.0002700629129,1.55371528e-05,0.0002856000657,0.0003794493639,-4.733908013e-05,0.0003321102838,-4.162341214e-05,0.0002611326406,0.0002195092285,-0.001409123936,-0.0004909933943,-0.00190011733,-0.001282554904,-0.0001417260283,-0.001424280932,-0.001550029538,-0.0004800595505,-0.002030089088,0.0002827637389,-0.0001838351908,9.892854809e-05,-0.0003798016603,0.0001179931783,-0.000261808482,-0.0006349334764,-0.000166051515,-0.0008009849914,-0.001411798338,2.111905179e-05,-0.001390679286,-0.003171272312,6.393046418e-05,-0.003107341847,-0.0008516519188,0.000248282186,-0.0006033697327,-0.0005602192727,0.000307218315,-0.0002530009577,-0.002504241872,0.0004520477804,-0.002052194091,-0.001763658041,0.0003569753141,-0.001406682727,-0.003169568214,0.0006200456756,-0.002549522539,-0.00208392788,-0.0003189789216,-0.002402906801,-0.00121575149,4.659173792e-05,-0.001169159752,-0.003547542802,-0.0004691607717,-0.004016703573,-0.001660314418,-6.308420612e-05,-0.001723398625,-0.001663246036,0.0003536038164,-0.00130964222,-0.002747259818,0.0003137929157,-0.002433466903,-0.0006083791882,7.65436745e-05,-0.0005318355137,-0.002640502256,0.0001874128649,-0.002453089391,-0.002451575753,0.0001464919418,-0.002305083811,-0.002277079262,8.259745604e-05,-0.002194481806,-0.003448596588,0.0001607501029,-0.003287846485,-0.003814990756,0.0005351162175,-0.003279874539
18.2,-0.001431920144,0.001238031187,-0.0001938889572,-0.0005396763502,9.699049474e-05,-0.0004426858554,-0.002168767043,0.0008709709922,-0.001297796051,-0.001081850409,0.0003639969004,-0.0007178535085,-0.0008132586993,0.0002894432282,-0.0005238154711,-0.0001816817361,3.690804474e-05,-0.0001447736914,0.0003492070367,0.000230420964,0.0005796280008,-0.0007655925877,0.0002382684778,-0.0005273241099,0.0002792230816,1.656124658e-05,0.0002957843282,0.0003672796186,-4.766027505e-05,0.0003196193436,-5.019934508e-05,0.0002661148932,0.0002159155481,-0.001449093749,-0.0004940607939,-0.001943154543,-0.001327227367,-0.0001531527748,-0.001480380141,-0.001587497536,-0.0004832813067,-0.002070778843,0.0002280195093,-0.0001813763927,4.664311656e-05,-0.0004401170162,0.0001212983558,-0.0003188186604,-0.0006874128503,-0.0001738487821,-0.0008612616324,-0.001466168951,2.841669957e-05,-0.001437752251,-0.003189523734,6.420212886e-05,-0.003125321605,-0.0008830747266,0.0002475377273,-0.0006355369993,-0.0005838193522,0.0003053985713,-0.0002784207809,-0.00252195814,0.0004485686288,-0.002073389511,-0.001772983767,0.0003549869768,-0.00141799679,-0.003186708537,0.000619254311,-0.002567454226,-0.002103259303,-0.0003337989863,-0.002437058289,-0.0012262141,4.508576032e-05,-0.00118112834,-0.003586668352,-0.0004749155696,-0.004061583922,-0.001691697453,-6.302836538e-05,-0.001754725818,-0.001681259788,0.0003506705095,-0.001330589279,-0.002772255366,0.000311602777,-0.002460652589,-0.0006735333556,7.689875846e-05,-0.0005966345971,-0.00268232788,0.0001855888541,-0.002496739026,-0.002498952291,0.0001397341626,-0.002359218129,-0.00231656283,8.032767934e-05,-0.002236235151,-0.003495124966,0.0001617040933,-0.003333420872,-0.003851290517,0.000527788002,-0.003323502515
18.3,-0.001422674967,0.00124281621,-0.0001798587564,-0.0005588395525,8.816589395e-05,-0.0004706736585,-0.00217134599,0.0008686113583,-0.001302734632,-0.001102271759,0.000356854425,-0.0007454173344,-0.0008083526952,0.0002884691926,-0.0005198835026,-0.0002047772692,3.469909218e-05,-0.000170078177,0.000355918121,0.0002286075496,0.0005845256706,-0.0008000601547,0.0002357678536,-0.0005642923011,0.0002880423934,1.772079059e-05,0.000305763184,0.0003550521992,-4.786950162e-05,0.0003071826976,-5.847208042e-05,0.0002708988602,0.0002124267797,-0.001486374428,-0.0004983464268,-0.001984720855,-0.001367476905,-0.0001658864281,-0.001533363333,-0.00162471868,-0.0004864781644,-0.002111196845,0.0001745381035,-0.0001799000317,-5.361928241e-06,-0.0004969867166,0.0001240498013,-0.0003729369153,-0.0007397601948,-0.0001799261147,-0.0009196863094,-0.001516727222,3.541786494e-05,-0.001481309357,-0.003204327557,6.429495806e-05,-0.003140032599,-0.0009138866796,0.0002466502882,-0.0006672363914,-0.0006072399712,0.0003031896768,-0.0003040502944,-0.00253856808,0.0004443412939,-0.002094226786,-0.001782106029,0.0003526093989,-0.00142949663,-0.003203500858,0.0006181540076,-0.002585346851,-0.002121261856,-0.0003499191293,-0.002471180986,-0.001234618374,4.2042108e-05,-0.001192576266,-0.003622889363,-0.00048166986,-0.004104559223,-0.001721570999,-6.352669751e-05,-0.001785097696,-0.001698129875,0.0003474918494,-0.001350638026,-0.002794602009,0.0003091205391,-0.00248548147,-0.0007391300753,7.740498713e-05,-0.0006617250882,-0.002723172208,0.0001839060684,-0.00253926614,-0.002545740356,0.0001334760625,-0.002412264294,-0.002354222049,7.828642675e-05,-0.002275935622,-0.003539264014,0.0001629362096,-0.003376327805,-0.003882303352,0.0005194658903,-0.003362837462
18.4,-0.001412434268,0.001247124972,-0.0001653092961,-0.0005768168553,7.858246578e-05,-0.0004982343896,-0.002173148541,0.0008655998398,-0.001307548701,-0.001121847065,0.0003493163026,-0.0007725307628,-0.0008032693986,0.0002875132773,-0.0005157561213,-0.0002284051498,3.216163977e-05,-0.0001962435101,0.0003622002211,0.0002268706438,0.0005890708649,-0.0008340529601,0.000233441348,-0.0006006116122,0.0002963932908,1.899217534e-05,0.0003153854661,0.0003427307992,-4.797832951e-05,0.0002947524697,-6.650202531e-05,0.0002754404088,0.0002089383835,-0.001521050555,-0.0005038606434,-0.002024911198,-0.001403457423,-0.0001798085649,-0.001583265988,-0.001661761917,-0.0004897085581,-0.002151470475,0.0001221921381,-0.000179440984,-5.724884595e-05,-0.0005504251938,0.0001262107504,-0.0004242144434,-0.0007917837396,-0.0001844650976,-0.0009762488372,-0.001563432984,4.204396022e-05,-0.001521389023,-0.003215754074,6.412080471e-05,-0.00315163327,-0.0009440525744,0.0002456210446,-0.0006984315298,-0.0006305012863,0.0003006012165,-0.0003299000698,-0.002554189107,0.0004393943063,-0.0021147948,-0.001791103189,0.0003498539395,-0.00144124925,-0.003220004914,0.0006167644375,-0.002603240477,-0.002138185157,-0.0003672622617,-0.002505447418,-0.001241070502,3.748554546e-05,-0.001203584957,-0.00365632925,-0.0004894516129,-0.004145780863,-0.001749900701,-6.459598366e-05,-0.001814496684,-0.001713949178,0.0003440614012,-0.001369887777,-0.002814396563,0.000306351708,-0.002508044855,-0.0008050813762,7.805554869e-05,-0.0007270258275,-0.002763027454,0.000182360165,-0.002580667289,-0.002591877742,0.0001277260873,-0.002464151654,-0.002390091895,7.645512269e-05,-0.002313636772,-0.003581006626,0.0001643854065,-0.00341662122,-0.003908114808,0.0005102277493,-0.003397887058
18.5,-0.001401346933,0.001250937224,-0.000150409709,-0.0005936886217,6.82944472e-05,-0.0005253941745,-0.002174297074,0.0008619179095,-0.001312379165,-0.001140580541,0.0003413944635,-0.0007991860777,-0.0007981228864,0.0002865455411,-0.0005115773453,-0.00025256716,2.92888324e-05,-0.0002232783275,0.0003679263397,0.0002251898462,0.0005931161859,-0.0008674733144,0.0002312804428,-0.0006361928716,0.0003041549834,2.03503751e-05,0.0003245053585,0.0003302826435,-4.799738152e-05,0.000282285262,-7.435030069e-05,0.0002796992691,0.0002053489684,-0.001553222019,-0.0005106039918,-0.002063826011,-0.001435368531,-0.0001947730512,-0.001630141582,-0.001698687439,-0.0004930385201,-0.002191725959,7.084739187e-05,-0.0001800178244,-0.0001091704325,-0.0006004763925,0.0001277537986,-0.0004727225939,-0.0008432604415,-0.0001876785046,-0.001030938946,-0.001606272519,4.822589314e-05,-0.001558046626,-0.003223881367,6.359192007e-05,-0.003160289447,-0.0009735419684,0.0002444532594,-0.000729088709,-0.0006536252409,0.0002976455803,-0.0003559796606,-0.00256894371,0.0004337649516,-0.002135178759,-0.001800055793,0.0003467350801,-0.001453320712,-0.003236277007,0.0006151072414,-0.002621169765,-0.002154288446,-0.0003857313192,-0.002540019766,-0.001245685853,3.146098845e-05,-0.001214224864,-0.003687130554,-0.0004982796616,-0.004185410215,-0.00177664694,-6.624770171e-05,-0.001842894641,-0.00172880754,0.0003403806828,-0.001388426857,-0.002831736885,0.0003033068913,-0.002528429993,-0.000871297617,7.884500545e-05,-0.0007924526115,-0.002801887533,0.0001809475092,-0.002620940024,-0.002637295238,0.000122494749,-0.002514800489,-0.002424203192,7.481547835e-05,-0.002349387713,-0.003620353867,0.0001659867562,-0.003454367111,-0.003928830529,0.0005001626951,-0.003428667834
18.6,-0.001389568846,0.001254233791,-0.0001353350555,-0.0006095397863,5.736113367e-05,-0.0005521786526,-0.002174927017,0.0008575494413,-0.001317377576,-0.001158485375,0.000333102032,-0.0008253833431,-0.0007930264297,0.0002855355305,-0.0005074908992,-0.0002772666703,2.607555005e-05,-0.0002511911203,0.0003729756486,0.0002235426763,0.000596518325,-0.0009002319515,0.0002292746571,-0.0006709572944,0.0003112140778,2.176920581e-05,0.0003329832836,0.000317678719,-4.793634635e-05,0.0002697423726,-8.207843006e-05,0.0002836393763,0.0002015609462,-0.001583002818,-0.0005185651593,-0.002101567977,-0.00146344812,-0.000210612539,-0.001674060659,-0.001735544946,-0.0004965399579,-0.002232084904,2.037077199e-05,-0.0001816331471,-0.0001612623751,-0.0006472092287,0.0001286613647,-0.000518547864,-0.0008939433916,-0.0001898017506,-0.001083745142,-0.001645256308,5.390514343e-05,-0.001591351164,-0.00322879463,6.262366275e-05,-0.003166170967,-0.001002327846,0.000243152047,-0.0007591757992,-0.0006766341294,0.0002943378947,-0.0003822962347,-0.002582956668,0.0004274982879,-0.00215545838,-0.001809045539,0.0003432698697,-0.001465775669,-0.003252368403,0.0006132059178,-0.002639162486,-0.002169834401,-0.0004052103028,-0.002575044703,-0.001248586711,2.403275624e-05,-0.001224553954,-0.003715448073,-0.0005081644187,-0.004223612492,-0.00180176346,-6.848731213e-05,-0.001870250772,-0.00174279257,0.0003364599387,-0.001406332631,-0.002846720051,0.0003000021651,-0.002546717886,-0.0009376859887,7.976890705e-05,-0.0008579170816,-0.002839747547,0.0001796660938,-0.002660081453,-0.002681912137,0.0001177926252,-0.002564119512,-0.002456577402,7.335062741e-05,-0.002383226775,-0.003657313775,0.0001676736046,-0.003489640171,-0.003944571827,0.0004893684231,-0.003455203404
18.7,-0.001377260055,0.001256996679,-0.0001202633761,-0.0006244588248,4.584589846e-05,-0.0005786129263,-0.002175185122,0.0008524808264,-0.001322704296,-0.001175582696,0.0003244534597,-0.0008511292359,-0.0007880923984,0.0002844524556,-0.0005036399427,-0.0003025076989,2.251864662e-05,-0.0002799890523,0.0003772332719,0.000221905014,0.0005991382858,-0.0009322474684,0.000227412079,-0.0007048353894,0.0003174627645,2.322164049e-05,0.000340684405,0.0003048919596,-4.780398194e-05,0.0002570879777,-8.975010148e-05,0.0002872291362,0.0001974790348,-0.001610521143,-0.0005277197251,-0.002138240868,-0.001487965768,-0.000227146489,-0.001715112257,-0.001772373863,-0.0005002889388,-0.002272662802,-2.936165967e-05,-0.0001842762427,-0.0002136379024,-0.0006907142723,0.0001289261338,-0.0005617881386,-0.0009435721528,-0.0001910834138,-0.001134655567,-0.001680418839,5.903438469e-05,-0.001621384454,-0.00323058755,6.113744633e-05,-0.003169450103,-0.001030385985,0.0002417241498,-0.0007886618356,-0.0006995500321,0.0002906958608,-0.0004088541713,-0.002596353224,0.0004206458717,-0.002175707353,-0.001818155219,0.0003394773216,-0.001478677897,-0.00326832453,0.0006110857479,-0.002657238782,-0.002185084336,-0.0004255666872,-0.002610651023,-0.001249902368,1.528365225e-05,-0.001234618716,-0.003741444266,-0.0005191084923,-0.004260552758,-0.001825199241,-7.131354522e-05,-0.001896512786,-0.00175599157,0.0003323182635,-0.001423673306,-0.00285944217,0.0002964589196,-0.00256298325,-0.001004150126,8.08230336e-05,-0.0009233270922,-0.002876604318,0.000178516276,-0.002698088042,-0.002725632636,0.0001136273861,-0.00261200525,-0.002487223694,7.20459947e-05,-0.0024151777,-0.003691900914,0.0001693796713,-0.003522521242,-0.003955472739,0.0004779487792,-0.00347752396
18.8,-0.001364582648,0.001259209255,-0.0001053733933,-0.0006385377071,3.381535889e-05,-0.0006047223483,-0.002175228192,0.0008467011364,-0.001328527056,-0.001191901053,0.0003154646996,-0.0008764363535,-0.0007834332931,0.0002832654375,-0.0005001678556,-0.0003282945498,1.861716822e-05,-0.0003096773815,0.0003805891088,0.0002202516,0.0006008407088,-0.0009634459765,0.0002256800969,-0.0007377658796,0.0003227961667,2.468015699e-05,0.0003474763237,0.0002918948614,-4.760810256e-05,0.0002442867588,-9.743358933e-05,0.0002904416092,0.0001930080199,-0.001635919999,-0.0005380296974,-0.002173949696,-0.001509216549,-0.0002441894852,-0.001753406034,-0.001809204489,-0.0005043640828,-0.002313568572,-7.845726358e-05,-0.0001879275376,-0.0002663848012,-0.0007311013805,0.0001285513003,-0.0006025500803,-0.000991884157,-0.000191775419,-0.001183659576,-0.0017118192,6.357760798e-05,-0.001648241592,-0.00322936479,5.906356296e-05,-0.003170301227,-0.001057694764,0.0002401778371,-0.0008175169265,-0.0007223946946,0.0002867396015,-0.000435655093,-0.002609257722,0.0004132643906,-0.002195993332,-0.001827468747,0.0003353778743,-0.001492090872,-0.003284184396,0.0006087737377,-0.002675410658,-0.00220029445,-0.0004466545892,-0.002646949039,-0.00124977034,5.313914594e-06,-0.001244456426,-0.003765286978,-0.0005311069181,-0.004296393897,-0.001846901978,-7.471813562e-05,-0.001921620114,-0.001768493033,0.0003279830904,-0.001440509943,-0.002869998427,0.000292703311,-0.002577295116,-0.001070590339,8.20026016e-05,-0.000988587737,-0.002912457082,0.0001775013092,-0.002734955773,-0.002768342998,0.0001099999935,-0.002658343004,-0.002516137707,7.088964232e-05,-0.002445248064,-0.00372413573,0.0001710406556,-0.003553095074,-0.003961679262,0.0004660121918,-0.00349566707
18.9,-0.001351698915,0.00126085651,-9.084240455e-05,-0.0006518720616,2.133865878e-05,-0.0006305334028,-0.00217522156,0.0008402022668,-0.001335019293,-0.00120747593,0.0003061533524,-0.0009013225778,-0.0007791624715,0.0002819437753,-0.0004972186962,-0.000354631471,1.437252466e-05,-0.0003402589464,0.0003829372371,0.0002185565608,0.0006014937979,-0.0009937606826,0.0002240661382,-0.0007696945444,0.0003271107426,2.611714703e-05,0.0003532278896,0.000278658205,-4.735551253e-05,0.0002313026925,-0.0001052031691,0.0002932546501,0.0001880514811,-0.001659358352,-0.000549442618,-0.00220880097,-0.001527514247,-0.0002615588252,-0.001789073072,-0.001846058856,-0.0005088450116,-0.002354903867,-0.0001270003776,-0.0001925637958,-0.0003195641734,-0.0007684973631,0.0001275503488,-0.0006409470143,-0.001038625417,-0.0001921232864,-0.001230748704,-0.001739540859,6.750978317e-05,-0.001672031076,-0.003225244249,5.634354175e-05,-0.003168900708,-0.001084234919,0.000238522942,-0.0008457119775,-0.0007451891639,0.0002824915517,-0.0004626976122,-0.002621791844,0.0004054143091,-0.002216377535,-0.001837070284,0.0003309929481,-0.001506077336,-0.003299979568,0.0006062984632,-0.002693681105,-0.002215712174,-0.0004683181982,-0.002684030372,-0.00124833718,-5.760031737e-06,-0.001254097212,-0.003787148773,-0.0005441464073,-0.00433129518,-0.001866821116,-7.868623299e-05,-0.001945507349,-0.001780386033,0.0003234890615,-0.001456896971,-0.002878481853,0.0002887655957,-0.002589716257,-0.00113690358,8.330163935e-05,-0.001053601941,-0.002947307249,0.0001766276772,-0.002770679572,-0.002809909331,0.0001069008202,-0.002703008511,-0.00254330089,6.987204097e-05,-0.002473428849,-0.003754043103,0.0001725954365,-0.003581447667,-0.00396335058,0.0004536709955,-0.003509679585
19.0,-0.001338769211,0.001261925402,-7.684380822e-05,-0.0006645606101,8.48676159e-06,-0.0006560738485,-0.002175336566,0.000832979035,-0.001342357531,-0.001222348687,0.0002965387526,-0.0009258099343,-0.0007753930277,0.0002804572122,-0.0004949358155,-0.0003815216488,9.788610646e-06,-0.0003717330382,0.0003841774922,0.000216793933,0.0006009714251,-0.001023131009,0.0002225582448,-0.000800572764,0.0003303056442,2.750537707e-05,0.0003578110213,0.0002651525087,-4.705189844e-05,0.0002181006102,-0.0001131378694,0.0002956510075,0.000182513138,-0.001681012278,-0.0005618893426,-0.002242901621,-0.001543183081,-0.0002790806416,-0.001822263723,-0.001882949789,-0.0005138109583,-0.002396760747,-0.0001750466459,-0.000198162896,-0.0003732095419,-0.0008030424876,0.0001259462916,-0.000677096196,-0.001083559354,-0.0001923566767,-0.001275916031,-0.001763688896,7.081612232e-05,-0.001692872774,-0.003218357633,5.293188811e-05,-0.003165425745,-0.001109988617,0.000236770867,-0.0008732177496,-0.0007679523924,0.0002779762795,-0.0004899761128,-0.002634071557,0.0003971585294,-0.002236913027,-0.001847041632,0.000326344558,-0.001520697074,-0.003315732107,0.0006036897098,-0.002712042397,-0.002231571631,-0.0004903952358,-0.002721966866,-0.001245757368,-1.780710988e-05,-0.001263564478,-0.003807206267,-0.0005582034724,-0.004365409739,-0.001884908696,-8.319732934e-05,-0.001968106026,-0.001791756202,0.0003188763907,-0.001472879812,-0.002884979508,0.000284679475,-0.002600300032,-0.001202982021,8.471258854e-05,-0.001118269432,-0.002981156111,0.0001759051265,-0.002805250984,-0.002850175917,0.0001043068519,-0.002745869065,-0.002568679236,6.898550662e-05,-0.002499693729,-0.003781649678,0.0001739874407,-0.003607662237,-0.003960660583,0.000441040981,-0.003519619602
19.1,-0.001325949009,0.001262405243,-6.35437659e-05,-0.0006767030963,-4.668308792e-06,-0.0006813714051,-0.002175746539,0.0008250292418,-0.001350717297,-0.001236564435,0.0002866419947,-0.0009499224401,-0.0007722337431,0.0002787761945,-0.0004934575485,-0.0004089649589,4.871833981e-06,-0.0004040931249,0.0003842201937,0.0002149381536,0.0005991583473,-0.001051500955,0.0002211453769,-0.0008303555784,0.0003322880695,2.881840415e-05,0.0003611064737,0.000251353006,-4.670177654e-05,0.0002046512295,-0.0001213166951,0.0002976183096,0.0001763016146,-0.001701074199,-0.0005752811482,-0.002276355347,-0.001556547671,-0.0002965941149,-0.001853141786,-0.001919877368,-0.0005193395462,-0.002439216914,-0.000222617747,-0.0002047071198,-0.0004273248669,-0.0008348850435,0.0001237705805,-0.000711114463,-0.001126472812,-0.0001926803771,-0.001319153189,-0.001784383442,7.349102365e-05,-0.001710892418,-0.003208848184,4.879726191e-05,-0.003160050922,-0.001134937378,0.0002349343893,-0.0009000029887,-0.0007906983776,0.0002732201429,-0.0005174782347,-0.002646202364,0.0003885610819,-0.002257641282,-0.001857457828,0.0003214549332,-0.001536002895,-0.003331451403,0.0006009779672,-0.002730473435,-0.002248087331,-0.0005127204763,-0.002760807807,-0.001242189169,-3.068343562e-05,-0.001272872604,-0.003825637506,-0.0005732419653,-0.004398879471,-0.001901117129,-8.822636121e-05,-0.00198934349,-0.001802678438,0.0003141889458,-0.001488489492,-0.002889565841,0.0002804813622,-0.002609084479,-0.001268709545,8.62260965e-05,-0.001182483449,-0.003014000007,0.0001753462666,-0.002838653741,-0.00288896382,0.0001021805558,-0.002786783265,-0.002592220707,6.822366377e-05,-0.002523997043,-0.00380697967,0.0001751665679,-0.003631813102,-0.003953797378,0.0004282404986,-0.003525556879
19.2,-0.001313385003,0.00126228807,-5.109693371e-05,-0.0006883965366,-1.805427518e-05,-0.0007064508117,-0.002176621367,0.0008163536839,-0.001360267683,-0.001250168765,0.0002764858755,-0.0009736828898,-0.0007697823794,0.0002768720823,-0.0004929102971,-0.0004369544296,-3.690152659e-07,-0.0004373234449,0.0003829934063,0.0002129644582,0.0005959578645,-0.001078816766,0.0002198174257,-0.0008589993404,0.0003329816477,3.003085468e-05,0.0003630125024,0.0002372471277,-4.630859755e-05,0.0001909385302,-0.0001298112085,0.0002991488614,0.0001693376529,-0.001719748542,-0.0005895076353,-0.002309256177,-0.001567921697,-0.000313953967,-0.001881875664,-0.001956823466,-0.0005255054131,-0.002482328879,-0.0002696967896,-0.0002121844049,-0.0004818811945,-0.0008641741839,0.0001210619665,-0.0007431122174,-0.001167178919,-0.0001932660405,-0.001360444959,-0.001801749784,7.553685263e-05,-0.001726212931,-0.003196865428,4.392322709e-05,-0.0031529422,-0.001159059104,0.0002330273078,-0.000926031796,-0.0008134321911,0.0002682508508,-0.0005451813403,-0.002658273515,0.0003796859394,-0.002278587576,-0.001868381976,0.0003163461083,-0.001552035867,-0.003347130631,0.0005981939644,-0.002748936666,-0.002265445793,-0.0005351294835,-0.002800575276,-0.001237787656,-4.42344466e-05,-0.001282022102,-0.003842616413,-0.0005892105107,-0.004431826924,-0.001915394402,-9.374471501e-05,-0.002009139117,-0.001813208275,0.0003094723273,-0.001503735948,-0.002892294786,0.0002762094844,-0.002616085302,-0.001333956649,8.783087249e-05,-0.001246125776,-0.003045823689,0.0001749657446,-0.002870857945,-0.002926069565,0.0001004700646,-0.0028255995,-0.002613851713,6.758121022e-05,-0.002546270503,-0.003830049295,0.0001760912544,-0.00365395804,-0.003942959741,0.000415389011,-0.00352757073
19.3,-0.001301210686,0.001261568856,-3.964182947e-05,-0.0006997304864,-3.159942892e-05,-0.0007313299153,-0.002178121465,0.0008069560712,-0.001371165394,-0.001263203846,0.0002660947,-0.0009971091456,-0.0007681181462,0.000274717249,-0.0004934008972,-0.000465472077,-5.92306257e-06,-0.0004713951396,0.000380450508,0.0002108491641,0.0005912996721,-0.001105024333,0.0002185650286,-0.0008864593047,0.00033233506,3.111859966e-05,0.0003634536597,0.0002228418437,-4.587500743e-05,0.0001769668363,-0.0001386779515,0.0003002392558,0.0001615613043,-0.001737244195,-0.0006044364841,-0.002341680679,-0.001577596594,-0.0003310317614,-0.001908628355,-0.001993746064,-0.000532378434,-0.002526124498,-0.0003162253513,-0.0002205876856,-0.0005368130369,-0.0008910522328,0.0001178653846,-0.0007731868482,-0.001205517302,-0.0001942454938,-0.001399762796,-0.001815907521,7.696270061e-05,-0.001738944821,-0.003182558154,3.83087117e-05,-0.003144249443,-0.001182324944,0.0002310641319,-0.0009512608122,-0.0008361459027,0.0002630970904,-0.0005730488123,-0.00267035258,0.0003705960461,-0.002299756534,-0.001879860787,0.0003110394537,-0.001568821333,-0.003362743938,0.0005953683431,-0.002767375595,-0.002283795944,-0.0005574625326,-0.002841258476,-0.001232696713,-5.829729857e-05,-0.001290994011,-0.003858305352,-0.000606039993,-0.004464345345,-0.001927678733,-9.972109626e-05,-0.00202739983,-0.001823374852,0.0003047722166,-0.001518602636,-0.002893193165,0.0002719027797,-0.002621290385,-0.001398575317,8.951347904e-05,-0.001309061838,-0.003076593683,0.000174779169,-0.002901814514,-0.00296126427,9.911007728e-05,-0.002862154192,-0.002633473845,6.705388656e-05,-0.002566419958,-0.003850860821,0.0001767298526,-0.003674130969,-0.003928351497,0.0004026056014,-0.003525745896
19.4,-0.001289542232,0.001260245494,-2.92967379e-05,-0.0007107825462,-4.523342182e-05,-0.000756015968,-0.002180392212,0.0007968428551,-0.001383549357,-0.001275704737,0.0002554939513,-0.001020210785,-0.000767295643,0.000272285063,-0.00049501058,-0.0004944851054,-1.177773224e-05,-0.0005062628376,0.000376575616,0.0002085698895,0.0005851455055,-0.001130066886,0.0002173793732,-0.0009126875129,0.0003303280611,3.205895328e-05,0.0003623870144,0.0002081682743,-4.540316482e-05,0.0001627651094,-0.0001479532098,0.000300889888,0.0001529366782,-0.001753765829,-0.0006199153872,-0.002373681216,-0.001585832119,-0.0003477161523,-0.001933548272,-0.002030575077,-0.000540021689,-0.002570596766,-0.0003621029704,-0.0002299130135,-0.0005920159839,-0.0009156479331,0.0001142307641,-0.000801417169,-0.001241352714,-0.0001957065489,-0.001437059263,-0.001826961564,7.778308305e-05,-0.001749178481,-0.003166067676,3.196823435e-05,-0.003134099441,-0.001204696808,0.0002290599082,-0.0009756368999,-0.0008588154247,0.0002577882648,-0.00060102716,-0.002682481651,0.0003613525076,-0.002321129144,-0.001891921915,0.0003055551331,-0.001586366782,-0.003378245269,0.0005925314039,-0.002785713865,-0.002303240312,-0.0005795683799,-0.002882808692,-0.001227042342,-7.270355576e-05,-0.001299745898,-0.003872848213,-0.0006236413171,-0.00449648953,-0.001937895071,-0.0001061223059,-0.002044017377,-0.001833177567,0.0003001331295,-0.001533044438,-0.00289225745,0.0002675995084,-0.002624657941,-0.001462395656,9.125807204e-05,-0.001371137583,-0.003106253513,0.0001748019956,-0.002931451518,-0.002994294356,9.802335982e-05,-0.002896270996,-0.002650962193,6.663825825e-05,-0.002584323934,-0.00386939799,0.0001770610619,-0.003692336928,-0.003910176265,0.0003900082088,-0.003520168056
19.5,-0.001278475495,0.001258318628,-2.015686724e-05,-0.0007216151957,-5.888796211e-05,-0.0007805031578,-0.002183559644,0.0007860230631,-0.001397536581,-0.001287696665,0.0002447099143,-0.001042986751,-0.0007673417702,0.0002695498325,-0.0004977919377,-0.000523943279,-1.791909909e-05,-0.0005418623781,0.0003713855355,0.0002061057861,0.0005774913216,-0.001153883338,0.000216252162,-0.0009376311759,0.0003269735536,3.28309711e-05,0.0003598045247,0.000193282427,-4.489502303e-05,0.000148387404,-0.000157651302,0.00030110444,0.0001434531381,-0.001769506278,-0.0006357758724,-0.00240528215,-0.00159285012,-0.000363912018,-0.001956762138,-0.002067210882,-0.0005484893869,-0.002615700269,-0.0004071891224,-0.000240157577,-0.0006473466994,-0.000938071686,0.0001102116591,-0.000827860027,-0.001274573397,-0.000197691475,-0.001472264872,-0.001834996698,7.801646106e-05,-0.001756980237,-0.003147523276,2.493183569e-05,-0.00312259144,-0.00122612591,0.0002270300898,-0.0009990958203,-0.0008813988367,0.0002523542305,-0.0006290446062,-0.002694675716,0.0003520137638,-0.002342661952,-0.001904573378,0.0002999115383,-0.00160466184,-0.003393569168,0.0005897128303,-0.002803856338,-0.002323829094,-0.0006013073887,-0.002925136482,-0.001220928852,-8.728220237e-05,-0.001308211055,-0.003886366154,-0.0006419036527,-0.004528269806,-0.001945955056,-0.0001129137653,-0.002058868822,-0.001842587068,0.000295597555,-0.001546989513,-0.002889454654,0.0002633355806,-0.002626119074,-0.001525225345,9.304621936e-05,-0.001432179126,-0.003134721824,0.0001750484326,-0.002959673391,-0.003024885066,9.712331705e-05,-0.002927761749,-0.002666166176,6.633108238e-05,-0.002599835094,-0.003885624276,0.000177073806,-0.00370855047,-0.00388863446,0.0003777139563,-0.003510920504
19.6,-0.001268084638,0.001255791612,-1.229302639e-05,-0.0007322744682,-7.249734145e-05,-0.0008047718096,-0.002187727708,0.000774508255,-0.001413219453,-0.001299193599,0.0002337693634,-0.001065424236,-0.0007682559247,0.0002664868195,-0.0005017691053,-0.0005537778499,-2.43321344e-05,-0.0005781099843,0.0003649281951,0.0002034378029,0.000568365998,-0.001176407432,0.0002151757892,-0.000961231643,0.0003223159055,3.341581401e-05,0.0003557317195,0.000178262378,-4.435255444e-05,0.0001339098236,-0.0001677661903,0.0003008893445,0.0001331231542,-0.001784640951,-0.0006518384561,-0.002436479407,-0.001598831685,-0.000379538934,-0.001978370619,-0.002103526106,-0.0005578246963,-0.002661350803,-0.000451307211,-0.0002513188262,-0.0007026260372,-0.0009584132162,0.000105863756,-0.0008525494602,-0.001305090551,-0.0002001975383,-0.001505288089,-0.001840076156,7.768365511e-05,-0.001762392501,-0.003127040958,1.72447659e-05,-0.003109796192,-0.001246552462,0.0002249903708,-0.001021562091,-0.000903836318,0.0002468249448,-0.0006570113732,-0.002706923133,0.0003426346807,-0.002364288453,-0.001917804785,0.0002941248168,-0.001623679968,-0.003408633387,0.0005869413686,-0.002821692019,-0.002345558086,-0.0006225535906,-0.002968111676,-0.001214438392,-0.0001018628484,-0.00131630124,-0.003898956914,-0.0006606931771,-0.004559650091,-0.001951760734,-0.0001200595591,-0.002071820293,-0.001851549989,0.0002912054223,-0.001560344566,-0.002884727023,0.0002591428277,-0.002625584195,-0.00158685208,9.48569329e-05,-0.001491995147,-0.003161893516,0.0001755302932,-0.002986363222,-0.003052747527,9.631797324e-05,-0.002956429554,-0.002678913297,6.612849129e-05,-0.002612784806,-0.003899484456,0.0001767669477,-0.003722717509,-0.003863922806,0.0003658399529,-0.003498082853
19.7,-0.001258422485,0.001252670756,-5.751729063e-06,-0.0007427903752,-8.599874974e-05,-0.000828789125,-0.002192976926,0.0007623126411,-0.001430664285,-0.001310198105,0.0002226993457,-0.001087498759,-0.0007700129082,0.0002630723609,-0.0005069405474,-0.0005839019987,-3.100084959e-05,-0.0006149028483,0.0003572783621,0.0002005489423,0.0005578273044,-0.001197567676,0.0002141436782,-0.000983423998,0.0003164265664,3.379711788e-05,0.0003502236842,0.0001632030219,-4.37779196e-05,0.0001194251023,-0.0001782754037,0.0003002532315,0.0001219778278,-0.001799324116,-0.00066791849,-0.002467242606,-0.001603917253,-0.0003945298496,-0.001998447102,-0.002139370321,-0.0005680573583,-0.00270742768,-0.0004942501131,-0.0002633952309,-0.000757645344,-0.0009767416402,0.0001012434516,-0.0008754981886,-0.001332839575,-0.0002031790056,-0.00153601858,-0.001842243755,7.680642222e-05,-0.001765437332,-0.003104725377,8.96711216e-06,-0.003095758265,-0.001265906471,0.0002229565579,-0.001042949914,-0.0009260515765,0.0002412300817,-0.0006848214948,-0.002719187938,0.0003332657475,-0.00238592219,-0.001931589668,0.0002882085905,-0.001643381077,-0.003423342776,0.0005842444821,-0.002839098294,-0.002368370448,-0.0006431955994,-0.003011566047,-0.001207633464,-0.0001162788317,-0.001323912296,-0.003910697359,-0.0006798526264,-0.004590549985,-0.001955211122,-0.0001275221297,-0.002082733252,-0.00185999613,0.0002869937654,-0.001573002364,-0.002877999465,0.0002550475441,-0.002622951921,-0.001647048463,9.666702261e-05,-0.00155038144,-0.003187643335,0.0001762557863,-0.003011387548,-0.003077588958,9.551475603e-05,-0.002982074202,-0.002689015855,6.602564473e-05,-0.00262299021,-0.003910909057,0.0001761489768,-0.003734760081,-0.003836235397,0.0003545033217,-0.003481732076
19.8,-0.001249522234,0.001248965807,-5.564272512e-07,-0.000753178597,-9.933237226e-05,-0.0008525109693,-0.002199364075,0.0007494532987,-0.001449910776,-0.001320702158,0.0002115270082,-0.00110917515,-0.0007725674369,0.0002592840635,-0.0005132833734,-0.0006142123985,-3.790837651e-05,-0.000652120775,0.0003485319029,0.0001974244649,0.0005459563678,-0.001217287933,0.000213150687,-0.001004137246,0.0003093984781,3.396136325e-05,0.0003433598413,0.0001482098867,-4.3173557e-05,0.0001050363297,-0.0001891448688,0.0002992064205,0.0001100615517,-0.001813686653,-0.0006838318487,-0.002497518502,-0.001608209127,-0.000408830233,-0.00201703936,-0.002174576547,-0.0005792012064,-0.002753777754,-0.000535786941,-0.0002763880479,-0.000812174989,-0.0009931075474,9.640662543e-05,-0.000896700922,-0.001357782835,-0.0002065502151,-0.00156433305,-0.001841528566,7.540637865e-05,-0.001766122187,-0.003080673907,1.733993457e-07,-0.003080500508,-0.001284109425,0.0002209445858,-0.001063164839,-0.0009479544149,0.0002355987221,-0.0007123556928,-0.002731413456,0.0003239526142,-0.002407460842,-0.001945888008,0.0002821738881,-0.00166371412,-0.003437593685,0.0005816479725,-0.002855945712,-0.002392161518,-0.0006631368241,-0.003055298342,-0.0012005614,-0.0001303699921,-0.001330931392,-0.003921648004,-0.0006992025123,-0.004620850516,-0.001956210198,-0.0001352620017,-0.002091472199,-0.001867846276,0.0002829963171,-0.001584849959,-0.00286918827,0.0002510695438,-0.002618118727,-0.00170557837,9.845177394e-05,-0.001607126596,-0.00321183091,0.000177228347,-0.003034602563,-0.003099124664,9.462486008e-05,-0.003004499804,-0.002696280188,6.601742159e-05,-0.002630262767,-0.003919820933,0.0001752378961,-0.003744583036,-0.003805765281,0.0003438196733,-0.003461945607
19.9,-0.001241399849,0.00124469043,3.290581081e-06,-0.0007634427391,-0.0001124413104,-0.0008758840495,-0.002206922283,0.0007359504072,-0.001470971876,-0.00133068843,0.0002002794242,-0.001130409006,-0.0007758588345,0.0002551010322,-0.0005207578023,-0.0006445913054,-4.503699359e-05,-0.0006896282989,0.0003388001214,0.000194052045,0.0005328521664,-0.00123548844,0.0002121934893,-0.00102329495,0.0003013410832,3.389825619e-05,0.0003352393394,0.0001333937171,-4.254216924e-05,9.085154786e-05,-0.0002003329988,0.0002977605331,9.742753432e-05,-0.001827835082,-0.0006993996437,-0.002527234726,-0.001611775929,-0.0004223968839,-0.002034172813,-0.002208968022,-0.0005912520575,-0.002800220079,-0.0005756706169,-0.0002903027842,-0.0008659734011,-0.001007546353,9.140763223e-05,-0.000916138721,-0.001379913063,-0.0002101894949,-0.001590102558,-0.001837950489,7.350418547e-05,-0.001764446303,-0.003054981497,-9.047988819e-06,-0.003064029486,-0.001301076345,0.0002189706233,-0.001082105721,-0.0009694437318,0.0002299590835,-0.0007394846483,-0.002743526376,0.0003147360089,-0.002428790367,-0.001960647893,0.0002760292449,-0.001684618648,-0.003451277981,0.0005791755397,-0.002872102441,-0.002416785418,-0.0006822956311,-0.003099081049,-0.001193259301,-0.0001439850982,-0.001337244399,-0.003931857441,-0.0007185448051,-0.004650402246,-0.001954674942,-0.0001432375241,-0.002097912466,-0.001875018639,0.0002792428323,-0.001595775807,-0.002858209456,0.0002472219002,-0.002610987556,-0.001762203392,0.0001001857401,-0.001662017652,-0.003234305895,0.0001784455832,-0.003055860312,-0.003117090268,9.356643714e-05,-0.003023523831,-0.002700517115,6.609994629e-05,-0.002634417169,-0.003926142971,0.0001740617297,-0.003752081241,-0.003772705625,0.0003339001819,-0.003438805443
20.0,-0.00123405628,0.001239862501,5.80622104e-06,-0.0007735763317,-0.0001252714329,-0.0008988477646,-0.002215660911,0.0007218274657,-0.001493833445,-0.001340131419,0.0001889834377,-0.001151147982,-0.0007798143832,0.0002505041245,-0.0005293102586,-0.000674908506,-5.236808581e-05,-0.0007272765918,0.0003282057702,0.0001904218861,0.0005186276563,-0.001252086934,0.0002112708339,-0.0010408161,0.0002923777963,3.36010626e-05,0.0003259788589,0.0001188675082,-4.188664478e-05,7.698086342e-05,-0.0002117923672,0.0002959282166,8.413584941e-05,-0.001841851217,-0.00071445177,-0.002556302987,-0.001614658146,-0.0004351955623,-0.002049853708,-0.002242363792,-0.0006041864347,-0.002846550227,-0.0006136454342,-0.0003051494157,-0.0009187948499,-0.001020081944,8.629860448e-05,-0.0009337833394,-0.001399256071,-0.0002139439773,-0.001613200048,-0.001831524795,7.111887197e-05,-0.001760405923,-0.003027744941,-1.859576281e-05,-0.003046340704,-0.001316717545,0.0002170510906,-0.001099666455,-0.0009904100643,0.0002243381533,-0.000766071911,-0.002755440194,0.0003056518889,-0.002449788305,-0.001975805433,0.0002697809311,-0.001706024502,-0.003464285909,0.0005768482974,-0.002887437611,-0.002442062068,-0.0007006056601,-0.003142667728,-0.001185757837,-0.0001569839711,-0.001342741808,-0.003941364544,-0.0007376689943,-0.004679033538,-0.001950542052,-0.0001514042213,-0.002101946274,-0.001881432203,0.0002757582129,-0.001605673991,-0.002844985191,0.0002435114871,-0.002601473704,-0.001816687901,0.0001018434282,-0.001714844473,-0.003254911924,0.0001798983972,-0.003075013527,-0.003131252786,9.226649231e-05,-0.003038986294,-0.002701551509,6.627202855e-05,-0.00263527948,-0.003929805333,0.0001726597244,-0.003757145609,-0.003737249509,0.0003248479412,-0.003412401568
20.1,-0.001227478782,0.001234504215,7.02543334e-06,-0.0007835638057,-0.0001377712942,-0.0009213350999,-0.002225564701,0.0007071114846,-0.001518453217,-0.001348997891,0.0001776655446,-0.001171332346,-0.0007843501634,0.0002454762296,-0.0005388739337,-0.0007050225517,-5.988207276e-05,-0.0007649046245,0.000316881769,0.0001865267792,0.0005034085481,-0.001266999638,0.0002103835668,-0.001056616071,0.0002826469309,3.306677413e-05,0.000315713705,0.0001047468698,-4.121001406e-05,6.353685576e-05,-0.0002234680789,0.0002937228913,7.025481236e-05,-0.001855791386,-0.0007288295269,-0.002584620913,-0.001616873388,-0.0004471977231,-0.002064071111,-0.002274582544,-0.0006179611195,-0.002892543664,-0.0006494533548,-0.0003209414205,-0.0009703947753,-0.001030729667,8.112919478e-05,-0.0009496004723,-0.001415871462,-0.0002176352388,-0.001633506701,-0.001822264133,6.826732691e-05,-0.001753996806,-0.002999064955,-2.835729456e-05,-0.003027422249,-0.00133093967,0.0002152024872,-0.001115737183,-0.001010737072,0.0002187611917,-0.0007919758803,-0.002767057282,0.0002967316753,-0.002470325607,-0.00199128276,0.0002634332999,-0.00172784946,-0.003476507491,0.000574684351,-0.00290182314,-0.002467783493,-0.0007180160206,-0.003185799513,-0.001178082514,-0.0001692393278,-0.001347321842,-0.003950197894,-0.000756359153,-0.004706557047,-0.001943771627,-0.0001597136845,-0.002103485312,-0.001887006458,0.0002725616695,-0.001614444788,-0.002829447445,0.0002399402251,-0.00258950722,-0.001868802011,0.0001033999212,-0.00176540209,-0.003273488782,0.0001815704464,-0.003091918335,-0.003141419005,9.066138286e-05,-0.003050757622,-0.002699229201,6.653570165e-05,-0.0026326935,-0.003930750438,0.000171083459,-0.003759666979,-0.003699587673,0.000316754241,-0.003382833432
20.2,-0.001221641029,0.001228642155,7.001125165e-06,-0.0007933801411,-0.0001498922241,-0.0009432723653,-0.002236592137,0.0006918331165,-0.00154475902,-0.00135724639,0.0001663517713,-0.001190894619,-0.0007893693489,0.0002400025203,-0.0005493668286,-0.0007347811174,-6.755839396e-05,-0.0008023395113,0.0003049723066,0.0001823620585,0.0004873343651,-0.001280142015,0.0002095343568,-0.001070607658,0.000272305151,3.229603421e-05,0.0003046011852,9.115287485e-05,-4.051551574e-05,5.063735911e-05,-0.0002352936517,0.0002911584433,5.586479159e-05,-0.00186968485,-0.000742387504,-0.002612072354,-0.001618420279,-0.0004583772879,-0.002076797567,-0.002305445319,-0.0006325130854,-0.002937958404,-0.0006828384403,-0.0003376941748,-0.001020532615,-0.001039498174,7.594672026e-05,-0.0009635514533,-0.001429850883,-0.0002210652588,-0.001650916141,-0.001810177776,6.496395917e-05,-0.001745213817,-0.002969045038,-3.821103409e-05,-0.003007256072,-0.001343646126,0.0002134411035,-0.001130205022,-0.001030302082,0.0002132512429,-0.0008170508391,-0.00277826977,0.0002880025225,-0.002490267248,-0.002006985018,0.0002569892226,-0.001749995795,-0.003487832877,0.0005726985646,-0.002915134313,-0.002493718812,-0.0007344910409,-0.003228209853,-0.001170252026,-0.0001806383992,-0.001350890425,-0.003958373826,-0.0007743999133,-0.00473277374,-0.001934346939,-0.0001681124797,-0.002102459418,-0.001891658904,0.0002696660954,-0.001621992809,-0.002811539506,0.0002365066298,-0.002575032876,-0.001918322916,0.0001048316153,-0.0018134913,-0.003289873408,0.0001834381469,-0.003106435261,-0.003147440258,8.869607175e-05,-0.003058744186,-0.002693420746,6.689569794e-05,-0.002626525048,-0.003928935023,0.0001693967483,-0.003759538275,-0.003659904656,0.0003096950236,-0.003350209632
20.3,-0.00121650234,0.001222307351,5.805011245e-06,-0.0008029896354,-0.0001615886654,-0.0009645783008,-0.002248673554,0.0006760266862,-0.001572646868,-0.001364826206,0.0001550674865,-0.00120975872,-0.0007947594163,0.000234070609,-0.0005606888073,-0.000764020931,-7.537560442e-05,-0.0008393965354,0.000292634567,0.000177925462,0.000470560029,-0.001291429501,0.0002087272131,-0.001082702288,0.0002615308848,3.129288985e-05,0.0002928237747,7.821503406e-05,-3.980675836e-05,3.84082757e-05,-0.000247186708,0.0002882488749,4.106216691e-05,-0.001883532081,-0.00075499504,-0.002638527121,-0.001619281197,-0.0004687079389,-0.002087989136,-0.002334778357,-0.0006477594433,-0.0029825378,-0.0007135504196,-0.000355422903,-0.001068973323,-0.001046390447,7.079651104e-05,-0.0009755939356,-0.001441314292,-0.0002240225329,-0.001665336825,-0.001795269582,6.122039272e-05,-0.001734049189,-0.002937787773,-4.802980537e-05,-0.002985817578,-0.001354737466,0.0002117827211,-0.001142954745,-0.001048976414,0.0002078288079,-0.0008411476063,-0.002788960254,0.0002794876367,-0.002509472617,-0.002022797916,0.0002504505304,-0.001772347386,-0.003498152568,0.0005709025567,-0.002927250011,-0.002519618194,-0.000750009241,-0.003269627435,-0.001162274867,-0.0001910843466,-0.001353359213,-0.003965895336,-0.0007915798761,-0.004757475213,-0.001922271741,-0.0001765415405,-0.002098813281,-0.001895302853,0.0002670776153,-0.001628225237,-0.002791217209,0.0002332071151,-0.002558010093,-0.001965035943,0.0001061170907,-0.001858918852,-0.003303901183,0.0001854712773,-0.003118429905,-0.00314921449,8.632321803e-05,-0.003062891272,-0.002684022996,6.735822274e-05,-0.002616664773,-0.003924330511,0.000167673961,-0.00375665655,-0.003618374838,0.0003037274748,-0.003314647364
20.4,-0.001212006784,0.001215535302,3.528517813e-06,-0.0008123447598,-0.0001728187853,-0.0009851635451,-0.002261709943,0.0006597301443,-0.001601979799,-0.001371676525,0.0001438371592,-0.001227839365,-0.0008003904183,0.0002276706,-0.0005727198182,-0.0007925680987,-8.331153099e-05,-0.0008758796297,0.0002800389704,0.0001732169679,0.0004532559383,-0.001300778492,0.0002079670106,-0.001092811481,0.0002505251904,3.006450213e-05,0.0002805896925,6.607203871e-05,-3.908790268e-05,2.698413602e-05,-0.0002590468104,0.0002850079669,2.59611566e-05,-0.001897304049,-0.000766537804,-0.002663841853,-0.001619424704,-0.0004781613783,-0.002097586082,-0.002362416812,-0.0006635975975,-0.003026014409,-0.0007413491353,-0.0003741400593,-0.001115489195,-0.001051404999,6.572230076e-05,-0.0009856826979,-0.001450404927,-0.0002262889548,-0.001676693882,-0.001777537117,5.704515527e-05,-0.001720491962,-0.002905390709,-5.76847695e-05,-0.002963075479,-0.001364112256,0.000210242299,-0.001153869957,-0.001066626256,0.0002025116699,-0.0008641145864,-0.002799003427,0.0002712066057,-0.002527796821,-0.002038587097,0.0002438183831,-0.001794768714,-0.003507358338,0.0005693048655,-0.002938053473,-0.00254521686,-0.0007645613427,-0.003309778202,-0.001154146438,-0.0002004974178,-0.001354643856,-0.003972753482,-0.000807692601,-0.004780446083,-0.001907568127,-0.0001849361633,-0.00209250429,-0.001897847401,0.0002647951331,-0.001633052268,-0.002768451412,0.0002300366253,-0.002538414787,-0.002008736557,0.0001072379251,-0.001901498632,-0.003315408865,0.0001876340417,-0.003127774824,-0.00314668773,8.350341074e-05,-0.003063184319,-0.0026709601,6.792952207e-05,-0.002603030578,-0.00391692373,0.000165997263,-0.003750926467,-0.003575160173,0.0002988869405,-0.003276273232
20.5,-0.001208083026,0.00120836596,2.829335208e-07,-0.0008213860401,-0.0001835452595,-0.0010049313,-0.002275573173,0.0006429850353,-0.001632588138,-0.001377726463,0.0001326841592,-0.001245042304,-0.0008061158523,0.0002207951053,-0.000585320747,-0.0008202395144,-9.134339841e-05,-0.0009115829128,0.00026736669,0.0001682386837,0.0004356053736,-0.001308107827,0.0002072592302,-0.001100848597,0.0002395089113,2.862088107e-05,0.0002681297924,5.486918859e-05,-3.836380844e-05,1.650538015e-05,-0.0002707566154,0.0002814489849,1.06923695e-05,-0.001910943398,-0.0007769198308,-0.002687863229,-0.001618808133,-0.0004867073765,-0.00210551551,-0.002388209085,-0.000679906362,-0.003068115447,-0.0007660109417,-0.0003938521169,-0.001159863059,-0.001054538097,6.076655695e-05,-0.00099377154,-0.00145728361,-0.0002276475759,-0.001684931186,-0.00175697367,5.244348495e-05,-0.001704530185,-0.002871944023,-6.704974791e-05,-0.002938993771,-0.001371668744,0.0002088335993,-0.001162835145,-0.001083114548,0.0001973147752,-0.000885799773,-0.002808269177,0.0002631756474,-0.002545093529,-0.002054199794,0.0002370935735,-0.001817106221,-0.003515345249,0.0005679112294,-0.00294743402,-0.002570240183,-0.0007781476268,-0.00334838781,-0.001145848524,-0.0002088157581,-0.001354664282,-0.003978931538,-0.0008225367779,-0.004801468316,-0.00189027713,-0.0001932266157,-0.002083503746,-0.001899200253,0.0002628098221,-0.001636390431,-0.002743232284,0.0002269885547,-0.002516243729,-0.002049233905,0.0001081792027,-0.001941054702,-0.003324239692,0.0001898863076,-0.003134353384,-0.003139856444,8.020672859e-05,-0.003059649716,-0.002654185268,6.861468558e-05,-0.002585570582,-0.003906719221,0.0001644534256,-0.003742265795,-0.00353041059,0.0002951848513,-0.003235225739
20.6,-0.001204645398,0.001200843798,-3.801600479e-06,-0.0008300434798,-0.0001937359996,-0.001023779479,-0.002290107927,0.0006258365502,-0.001664271377,-0.00138289631,0.0001216306754,-0.001261265634,-0.0008117764643,0.0002134392931,-0.0005983371712,-0.0008468455954,-9.944788404e-05,-0.0009462934795,0.0002548044332,0.0001629947959,0.0004177992291,-0.001313340841,0.0002066099622,-0.001106730879,0.000228716377,2.697462967e-05,0.0002556910067,4.475279886e-05,-3.764012347e-05,7.112675387e-06,-0.0002821862301,0.0002775844261,-4.60180396e-06,-0.001924367938,-0.0007860658217,-0.00271043376,-0.001617380866,-0.0004943156092,-0.002111696475,-0.002412021113,-0.0006965486781,-0.003108569791,-0.0007873370931,-0.0004145558858,-0.001201892979,-0.001055787229,5.597059781e-05,-0.0009998166314,-0.001462123286,-0.0002278901175,-0.001690013404,-0.001733573337,4.74173244e-05,-0.001686156013,-0.002837531017,-7.600556176e-05,-0.002913536579,-0.001377307468,0.000207568826,-0.001169738642,-0.001098303982,0.000192250156,-0.0009060538262,-0.002816627134,0.000255407763,-0.002561219371,-0.002069468536,0.000230276852,-0.001839191684,-0.003522014664,0.000566724976,-0.002955289688,-0.00259441049,-0.0007907752062,-0.003385185696,-0.001137351805,-0.0002159957469,-0.001353347552,-0.003984410807,-0.0008359176042,-0.004820328411,-0.00187046226,-0.0002013394718,-0.002071801732,-0.001899273056,0.0002611046966,-0.00163816836,-0.002715575301,0.000224054384,-0.002491520916,-0.002086355864,0.0001089296092,-0.001977426255,-0.003330250277,0.0001921847694,-0.003138065508,-0.003128770774,7.641479644e-05,-0.003052355978,-0.002633684067,6.941706863e-05,-0.002564266998,-0.003893742967,0.0001631304726,-0.003730612495,-0.003484266988,0.0002926082782,-0.00319165871
20.7,-0.00120159622,0.001193017949,-8.578271203e-06,-0.0008382395643,-0.0002033646106,-0.001041604175,-0.00230513518,0.0006083336384,-0.001696801542,-0.001387099897,0.0001106977407,-0.001276402156,-0.0008172063925,0.0002056009775,-0.000611605415,-0.0008721941607,-0.0001076011167,-0.0009797952774,0.0002425373474,0.0001574915393,0.0004000288867,-0.001316407853,0.0002060260484,-0.001110381805,0.0002183867858,2.514069465e-05,0.0002435274804,3.586270759e-05,-3.692327975e-05,-1.060572161e-06,-0.0002931998052,0.0002734258372,-1.977396795e-05,-0.001937476283,-0.0007939232233,-0.002731399506,-0.001615089209,-0.0005009579836,-0.002116047193,-0.002433740147,-0.0007133757784,-0.003147115926,-0.0008051633083,-0.0004362345773,-0.001241397886,-0.001055155501,5.137435497e-05,-0.001003781146,-0.001465104555,-0.0002268231683,-0.001691927723,-0.001707338242,4.19654807e-05,-0.001665372761,-0.002802231215,-8.444404519e-05,-0.00288667526,-0.001380934725,0.0002064584465,-0.001174476279,-0.001112060929,0.0001873269894,-0.0009247339399,-0.002823952281,0.0002479129243,-0.002576039357,-0.002084216243,0.0002233693295,-0.001860846914,-0.003527277861,0.0005657475036,-0.002961530357,-0.002617455943,-0.0008024555322,-0.003419911475,-0.001128621072,-0.0002220116349,-0.001350632707,-0.003989176449,-0.0008476506011,-0.00483682705,-0.00184821469,-0.0002091997983,-0.002057414489,-0.00189798828,0.0002596544086,-0.001638333872,-0.002685528351,0.0002212235552,-0.002464304796,-0.002119955062,0.0001094812467,-0.002010473815,-0.003333318509,0.0001944839441,-0.003138834565,-0.003113538011,7.212263988e-05,-0.003041415371,-0.002609479266,7.03384935e-05,-0.002539140773,-0.003878046813,0.0001621143469,-0.003715932466,-0.003436866031,0.0002911211285,-0.003145744903
20.8,-0.001198829015,0.001184942291,-1.38867236e-05,-0.0008458934627,-0.000212410501,-0.001058303964,-0.002320456815,0.0005905290948,-0.00172992772,-0.001390247776,9.99053007e-05,-0.001290342475,-0.0008222405249,0.0001972807176,-0.0006249598073,-0.0008960950104,-0.0001157786422,-0.001011873653,0.000230741359,0.0001517371558,0.0003824785148,-0.001317248868,0.0002055152041,-0.001111733664,0.0002087548832,2.313616367e-05,0.0002318910468,2.832438739e-05,-3.622033966e-05,-7.895952268e-06,-0.0003036629348,0.00026898377,-3.467916479e-05,-0.001950154651,-0.0008004637963,-0.002750618447,-0.001611883137,-0.000506610263,-0.0021184934,-0.002453277881,-0.0007302319804,-0.003183509861,-0.00081936906,-0.0004588540188,-0.001278223079,-0.00105265646,4.701580818e-05,-0.001005640652,-0.001466412666,-0.0002242731642,-0.001690685831,-0.001678286632,3.608401498e-05,-0.001642202617,-0.002766124835,-9.227154332e-05,-0.002858396378,-0.001382466536,0.0002055112471,-0.001176955288,-0.001124259787,0.0001825518254,-0.0009417079619,-0.002830130847,0.0002406984211,-0.002589432426,-0.002098261773,0.000216372931,-0.001881888842,-0.003531059625,0.0005649787735,-0.002966080851,-0.002639121372,-0.0008132022024,-0.003452323575,-0.001119622149,-0.0002268543778,-0.001346476527,-0.003993222506,-0.0008575675408,-0.004850790047,-0.001823658421,-0.0002167340653,-0.002040392486,-0.001895286172,0.0002584252991,-0.001636860873,-0.002653178564,0.0002184837239,-0.00243469484,-0.002149914901,0.0001098294015,-0.0020400855,-0.003333351343,0.0001967370191,-0.003136614324,-0.003094325571,6.734022838e-05,-0.003026985342,-0.002581636474,7.137996022e-05,-0.002510256514,-0.003859712778,0.0001614859376,-0.003698226841,-0.003388345703,0.0002906664968,-0.003097679206
20.9,-0.001196232123,0.001176675361,-1.955676197e-05,-0.0008529257342,-0.0002208586804,-0.001073784415,-0.002335860825,0.0005724795634,-0.001763381262,-0.001392250668,8.927228729e-05,-0.00130297838,-0.0008267216569,0.0001884819208,-0.0006382397361,-0.0009183646343,-0.0001239553558,-0.00104231999,0.0002195764517,0.0001457418441,0.0003653182958,-0.001315816206,0.0002050860514,-0.001110730154,0.0002000428104,2.098011397e-05,0.0002210229244,2.224234719e-05,-3.553868581e-05,-1.329633862e-05,-0.0003134491893,0.0002642679145,-4.918127473e-05,-0.001962283381,-0.0008056848181,-0.002767968199,-0.001607723887,-0.0005112528141,-0.002118976701,-0.00247057263,-0.0007469593579,-0.003217531988,-0.000829885138,-0.000482359471,-0.001312244609,-0.001048318734,4.293030878e-05,-0.001005388426,-0.001466236047,-0.0002200908623,-0.00168632691,-0.001646460506,2.976699972e-05,-0.001616693506,-0.002729297144,-9.941190153e-05,-0.002828709046,-0.001381832446,0.000204734469,-0.001177097977,-0.001134786997,0.000177928863,-0.0009568581343,-0.002835065478,0.0002337693594,-0.002601296119,-0.002111424925,0.0002092908481,-0.001902134077,-0.003533301142,0.0005644177254,-0.002968883417,-0.002659179739,-0.0008230292678,-0.003482209007,-0.001110328997,-0.0002305298898,-0.001340858887,-0.003996556258,-0.0008655230207,-0.004862079279,-0.001796953841,-0.0002238733185,-0.00202082716,-0.0018911301,0.0002573757366,-0.001633754364,-0.002618656954,0.0002158211848,-0.00240283577,-0.002176154374,0.0001099723956,-0.002066181978,-0.00333029128,0.0001988966371,-0.003131394642,-0.003071362338,6.209373e-05,-0.003009268608,-0.002550269177,7.254239199e-05,-0.002477726785,-0.003838856308,0.0001613187205,-0.003677537588,-0.003338850236,0.0002911695817,-0.003047680654
21.0,-0.001193692148,0.001168280058,-2.541209002e-05,-0.0008592626861,-0.0002286993175,-0.001087962004,-0.002351126483,0.0005542454414,-0.001796881042,-0.001393022607,7.8816698e-05,-0.001314205909,-0.0008305059723,0.0001792109738,-0.0006512949985,-0.0009388304246,-0.0001321054013,-0.001070935826,0.0002091823241,0.000139517689,0.0003487000131,-0.001312076774,0.000204748051,-0.001107328723,0.0001924548436,1.869342142e-05,0.000211148265,1.769636263e-05,-3.488564507e-05,-1.718928244e-05,-0.0003224442435,0.0002592873575,-6.315688599e-05,-0.001973741897,-0.0008096100179,-0.002783351915,-0.001602590711,-0.0005148709992,-0.00211746171,-0.002485589961,-0.0007634020571,-0.003248992018,-0.0008366987048,-0.0005066732454,-0.00134337195,-0.001042189685,3.915003552e-05,-0.00100303965,-0.001464765784,-0.0002141556099,-0.001678921394,-0.001611931253,2.300767648e-05,-0.001588923576,-0.002691841429,-0.000105808871,-0.0027976503,-0.001378978512,0.0002041338345,-0.001174844677,-0.001143543995,0.000173460142,-0.0009700838534,-0.002838678732,0.000227129188,-0.002611549544,-0.002123530129,0.0002021279931,-0.001921402136,-0.003533961663,0.0005640625943,-0.002969899068,-0.002677442021,-0.0008319504008,-0.003509392422,-0.001100729112,-0.0002330571526,-0.001333786264,-0.003999201871,-0.0008714005479,-0.004870602418,-0.001768298312,-0.0002305560966,-0.001998854408,-0.001885508996,0.000256456901,-0.001629052095,-0.002582139357,0.0002132213222,-0.002368918034,-0.002198630595,0.0001099115164,-0.002088719079,-0.003324120466,0.0002009157214,-0.003123204745,-0.003044936757,5.642605045e-05,-0.002988510706,-0.002515541732,7.382716629e-05,-0.002441714566,-0.003815627201,0.0001616767785,-0.003653950422,-0.003288532766,0.0002925405286,-0.002995992237
21.1,-0.00119109673,0.001159823176,-3.127355441e-05,-0.0008648396022,-0.0002359271434,-0.001100766746,-0.002366028937,0.0005358906553,-0.001830138282,-0.001392483286,6.855567091e-05,-0.001323927615,-0.0008334658193,0.0001694773916,-0.0006639884277,-0.0009573338941,-0.0001402020754,-0.001097535969,0.0001996771873,0.000133078524,0.0003327557113,-0.001306013736,0.0002045112901,-0.001101502446,0.0001861756455,1.629840758e-05,0.0002024740531,1.47411017e-05,-3.426816818e-05,-1.952706648e-05,-0.0003305470228,0.0002540508681,-7.649615469e-05,-0.001984411817,-0.0008122898134,-0.002796701631,-0.001596485325,-0.0005174558989,-0.002113941224,-0.0024983212,-0.0007794103778,-0.003277731578,-0.0008398558078,-0.0005316930524,-0.00137154886,-0.001034337145,3.570361055e-05,-0.0009986335344,-0.001462195201,-0.000206379085,-0.001668574286,-0.001574801988,1.579984122e-05,-0.001559002146,-0.002653859905,-0.0001114275378,-0.002765287442,-0.001373869172,0.0002037134591,-0.001170155713,-0.001150448773,0.0001691456685,-0.0009813031042,-0.002840914554,0.0002207801576,-0.002620134396,-0.002134408763,0.0001948914686,-0.001939517295,-0.003533018798,0.0005639111903,-0.002969107608,-0.00269376382,-0.0008399788147,-0.003533742635,-0.001090825745,-0.000234466537,-0.001325292282,-0.004001202398,-0.0008751178909,-0.004876320288,-0.00173792299,-0.0002367308393,-0.001974653829,-0.001878436839,0.0002556141825,-0.001622822656,-0.002543843524,0.0002106691573,-0.002333174366,-0.002217338736,0.0001096509734,-0.002107687762,-0.003314862062,0.0002027483948,-0.003112113667,-0.003015390791,5.039596783e-05,-0.002964994823,-0.002477669357,7.523640706e-05,-0.00240243295,-0.003790207533,0.0001626127501,-0.003627594783,-0.003237554732,0.0002946765662,-0.002942878166
21.2,-0.001188336467,0.001151374738,-3.696172838e-05,-0.000869602503,-0.0002425408019,-0.001112143305,-0.002380343111,0.0005174822598,-0.001862860851,-0.001390559485,5.850551452e-05,-0.00133205397,-0.0008354899548,0.0001592939062,-0.0006761960485,-0.0009737328004,-0.0001482178053,-0.001121950606,0.0001911590957,0.0001264396958,0.0003175987915,-0.001297627491,0.0002043860716,-0.001093241419,0.0001813708627,1.38183029e-05,0.0001951891656,1.340805962e-05,-3.369260355e-05,-2.028454393e-05,-0.0003376688604,0.0002485671591,-8.910170121e-05,-0.001994179065,-0.0008138000911,-0.002807979156,-0.001589433626,-0.0005190056545,-0.00210843928,-0.00250878015,-0.0007948446222,-0.003303624772,-0.0008394617912,-0.000557291028,-0.001396752819,-0.001024848893,3.261572412e-05,-0.0009922331693,-0.00145871903,-0.000196708097,-0.001655427127,-0.001535206512,8.139152942e-06,-0.001527067359,-0.002615462732,-0.0001162544731,-0.002731717205,-0.001366488252,0.0002034758101,-0.001163012442,-0.001155436345,0.0001649836107,-0.0009904527345,-0.00284173828,0.0002147237145,-0.002627014565,-0.002143900906,0.0001875909945,-0.001956309911,-0.003530467897,0.0005639612095,-0.002966506688,-0.002708048531,-0.0008471271803,-0.003555175712,-0.001080636896,-0.0002347984893,-0.001315435386,-0.004002619535,-0.0008766315361,-0.004879251071,-0.00170608651,-0.0002423578562,-0.001948444366,-0.001869950724,0.0002547891479,-0.001615161576,-0.002504024118,0.0002081501283,-0.002295873989,-0.002232310081,0.000109197844,-0.002123112237,-0.003302579457,0.0002043509852,-0.003098228472,-0.00298311081,4.407579213e-05,-0.002939035018,-0.002436915007,7.677292744e-05,-0.00236014208,-0.003762807303,0.0001641657067,-0.003598641596,-0.003186082963,0.0002974633667,-0.002888619596
21.3,-0.001185306302,0.001143007079,-4.229922304e-05,-0.0008735087843,-0.0002485422255,-0.00112205101,-0.002393847353,0.0004990898486,-0.001894757504,-0.001387186012,4.868167017e-05,-0.001338504342,-0.0008364827414,0.0001486764274,-0.000687806314,-0.0009879025921,-0.0001561242212,-0.001144026813,0.0001837080041,0.0001196177659,0.00030332577,-0.001286936166,0.0002043823832,-0.001082553783,0.0001781877973,1.127664e-05,0.0001894644373,1.370763952e-05,-3.31645071e-05,-1.945686758e-05,-0.0003437326484,0.0002428451377,-0.0001008875107,-0.002002936423,-0.0008142391213,-0.002817175545,-0.001581485609,-0.000519526822,-0.002101012431,-0.002516999439,-0.0008095783751,-0.003326577814,-0.0008356802701,-0.0005833136912,-0.001418993961,-0.001013830677,2.990670288e-05,-0.000983923974,-0.001454532349,-0.0001851264295,-0.001639658778,-0.001493306466,2.413312691e-08,-0.001493282333,-0.002576765981,-0.0001202970187,-0.002697063,-0.001356839617,0.0002034218153,-0.001153417801,-0.001158458805,0.0001609706258,-0.0009974881796,-0.002841136184,0.0002089608478,-0.002632175336,-0.002151857583,0.0001802391741,-0.001971618409,-0.003526321199,0.0005642105683,-0.002962110631,-0.00272024796,-0.0008534071615,-0.003573655122,-0.001070192628,-0.0002341025985,-0.001304295227,-0.004003531957,-0.0008759396999,-0.004879471656,-0.001673067376,-0.0002474111214,-0.001920478497,-0.001860109527,0.0002539217643,-0.001606187763,-0.002462968079,0.0002056511874,-0.002257316892,-0.002243609555,0.0001085619726,-0.002135047582,-0.003287374614,0.0002056830766,-0.003081691538,-0.002948517692,3.754826622e-05,-0.002910969426,-0.002393584015,7.84397164e-05,-0.002315144299,-0.00373365965,0.0001663594265,-0.003567300224,-0.003134287071,0.000300776383,-0.002833510688
21.4,-0.001181907041,0.001134793712,-4.71133291e-05,-0.0008765275123,-0.0002539360225,-0.001130463535,-0.002406327459,0.0004807848686,-0.00192554259,-0.001382306765,3.909865269e-05,-0.001343208113,-0.0008363640708,0.0001376438845,-0.0006987201863,-0.0009997378209,-0.0001638922704,-0.001163630091,0.0001773867339,0.0001126302306,0.0002900169645,-0.001273976008,0.000204509441,-0.001069466567,0.000176754319,8.696716274e-06,0.0001854510353,1.562962045e-05,-3.268842786e-05,-1.705880741e-05,-0.0003486735946,0.0002368941624,-0.0001117794322,-0.002010587281,-0.0008137230043,-0.002824310285,-0.0015727154,-0.0005190344965,-0.002091749897,-0.002523028311,-0.0008235007125,-0.003346529024,-0.0008287312523,-0.0006095833609,-0.001438314613,-0.001001404149,2.75920496e-05,-0.0009738120989,-0.001449829649,-0.0001716559503,-0.001621485599,-0.00144928888,-8.543165884e-06,-0.001457832046,-0.002537889624,-0.0001235825011,-0.002661472125,-0.001344947845,0.0002035510534,-0.001141396791,-0.001159485539,0.0001571022145,-0.001002383325,-0.002839115365,0.0002034923322,-0.002635623033,-0.002158144062,0.0001728515381,-0.001985292524,-0.003520607342,0.0005646577049,-0.002955949637,-0.002730361241,-0.0008588290477,-0.003589190289,-0.001059532804,-0.0002324369471,-0.001291969751,-0.004004034062,-0.0008730833017,-0.004877117363,-0.001639157214,-0.0002518799056,-0.001891037119,-0.001848994301,0.0002529525381,-0.001596041763,-0.002420992077,0.0002031622377,-0.00221782984,-0.00225133385,0.00010775578,-0.00214357807,-0.003269386744,0.0002067085265,-0.003062678218,-0.002912057793,3.090339067e-05,-0.002881154403,-0.002348017946,8.023923902e-05,-0.002267778707,-0.003703017377,0.0001692014387,-0.003533815939,-0.003082339451,0.0003044828331,-0.002777856618
21.5,-0.001178047555,0.001126808209,-5.123934578e-05,-0.0008786400637,-0.0002587287991,-0.001137368863,-0.002417581411,0.0004626399592,-0.001954941452,-0.001375876364,2.977004835e-05,-0.001346106315,-0.000835070956,0.0001262180309,-0.000708852925,-0.00100915395,-0.0001714923333,-0.001180646284,0.000172240061,0.0001054953084,0.0002777353694,-0.001258801912,0.0002047754462,-0.001054026466,0.000177175515,6.101177987e-06,0.000183276693,1.91415487e-05,-3.226767282e-05,-1.312612413e-05,-0.0003524420337,0.0002307242827,-0.000121717751,-0.002017050296,-0.0008123804841,-0.00282943078,-0.00156322271,-0.0005175505249,-0.002080773235,-0.002526932723,-0.0008365171706,-0.003363449893,-0.0008188888308,-0.0006359012656,-0.001454790096,-0.000987705612,2.568195731e-05,-0.0009620236547,-0.001444804197,-0.0001563570481,-0.001601161245,-0.001403365495,-1.755663783e-05,-0.001420922133,-0.00249895668,-0.0001261574788,-0.002625114159,-0.001330859098,0.0002038619154,-0.001126997182,-0.001158503906,0.0001533729918,-0.001005130914,-0.002835704323,0.0001983188465,-0.002637385476,-0.002162644091,0.0001654464089,-0.001997197682,-0.003513371446,0.0005653018386,-0.002948069607,-0.002738432928,-0.0008634018285,-0.003601834756,-0.001048706574,-0.0002298675475,-0.001278574121,-0.004004236595,-0.0008681446526,-0.004872381248,-0.001604656486,-0.0002557696418,-0.001860426127,-0.001836710414,0.0002518244604,-0.001584885954,-0.002378442104,0.0002006777577,-0.002177764346,-0.002255610617,0.00010679397,-0.002148816647,-0.003248791839,0.0002073964172,-0.003041395421,-0.00287419497,2.423527668e-05,-0.002849959693,-0.002300589081,8.217301909e-05,-0.002218416062,-0.003671151534,0.000172682985,-0.003498468549,-0.003030418204,0.0003084443292,-0.002721973875
21.6,-0.001173647914,0.00111912333,-5.452458353e-05,-0.0008798413773,-0.0002629283604,-0.001142769738,-0.002427424712,0.0004447283758,-0.001982696336,-0.001367862378,2.070859643e-05,-0.001347153782,-0.0008325606698,0.0001144232676,-0.0007181374022,-0.0010160896,-0.0001788943577,-0.001194983957,0.0001682922539,9.823178361e-05,0.0002665240375,-0.001241488102,0.0002051875296,-0.001036300572,0.0001795287612,3.51171284e-06,0.000183040474,2.418570122e-05,-3.190407082e-05,-7.718369607e-06,-0.0003550077118,0.0002243464431,-0.0001306612687,-0.002022264253,-0.0008103477912,-0.002832612044,-0.001553135211,-0.0005151006707,-0.002068235881,-0.002528796984,-0.0008485500554,-0.003377347039,-0.0008064788233,-0.0006620517781,-0.001468530601,-0.0009728857134,2.418084067e-05,-0.0009487048727,-0.001439647389,-0.0001393283528,-0.001578975742,-0.001355774133,-2.700546367e-05,-0.001382779597,-0.002460094343,-0.0001280863757,-0.002588180719,-0.001314642169,0.0002043517657,-0.001110290404,-0.001155520394,0.0001497769142,-0.00100574348,-0.002830954156,0.0001934411047,-0.002637513051,-0.002165264485,0.0001580446912,-0.002007219794,-0.00350467564,0.0005661432173,-0.002938532423,-0.002744551355,-0.0008671333139,-0.003611684669,-0.001037773717,-0.0002264676438,-0.001264241361,-0.004004269433,-0.0008612442764,-0.00486551371,-0.001569873368,-0.0002591012347,-0.001828974602,-0.001823390708,0.0002504849134,-0.001572905794,-0.002335693967,0.0001981982683,-0.002137495699,-0.002256598475,0.0001056931218,-0.002150905354,-0.003225802931,0.000207722027,-0.003018080904,-0.002835403196,1.763885152e-05,-0.002817764345,-0.002251696154,8.424159165e-05,-0.002167454563,-0.003638351616,0.0001767797872,-0.003461571829,-0.002978712123,0.0003125202043,-0.002666191919
21.7,-0.001168643193,0.001111810416,-5.683277754e-05,-0.0008801416014,-0.0002665428352,-0.001146684437,-0.002435695873,0.0004271234522,-0.002008572421,-0.001358247882,1.192629712e-05,-0.001346321585,-0.0008288145747,0.0001022864872,-0.0007265280876,-0.001020508937,-0.0001860680367,-0.001206576974,0.0001655440868,9.085887772e-05,0.0002564029646,-0.001222128731,0.000205751777,-0.001016376954,0.0001838585813,9.488536189e-07,0.000184807435,3.067586712e-05,-3.159770896e-05,-9.218418406e-07,-0.0003563643464,0.0002177727001,-0.0001385916464,-0.002026192393,-0.0008077639438,-0.002833956337,-0.001542610159,-0.000511712343,-0.002054322502,-0.002528725269,-0.0008595389684,-0.003388264237,-0.000791876547,-0.0006878067053,-0.001479683252,-0.0009571097933,2.308695975e-05,-0.0009340228336,-0.001434547687,-0.0001207059415,-0.001555253628,-0.001306781374,-3.68731578e-05,-0.001343654532,-0.002421436811,-0.0001294490745,-0.002550885886,-0.001296389549,0.0002050171993,-0.00109137235,-0.001150561955,0.0001463075808,-0.001004254374,-0.002824939947,0.0001888602115,-0.002636079735,-0.002165939246,0.0001506696752,-0.002015269571,-0.003494599618,0.0005671833346,-0.002927416284,-0.002748847907,-0.0008700299261,-0.003618877833,-0.001026807002,-0.000222316746,-0.001249123748,-0.004004285427,-0.0008525367256,-0.004856822153,-0.001535125267,-0.0002619085978,-0.001797033865,-0.001809198413,0.0002488877068,-0.001560310707,-0.002293152921,0.0001957313481,-0.002097421573,-0.002254487049,0.0001044711075,-0.002150015941,-0.003200670328,0.0002076678295,-0.002993002499,-0.002796159765,1.120658287e-05,-0.002784953182,-0.002201760976,8.644447712e-05,-0.002115316499,-0.0036049258,0.000181453111,-0.003423472689,-0.002927426959,0.0003165720205,-0.002610854938
21.8,-0.001162987357,0.001104938867,-5.804848956e-05,-0.0008795674952,-0.0002695798684,-0.001149147364,-0.002442261423,0.0004098980393,-0.002032363383,-0.001347033813,3.4344767e-06,-0.001343599337,-0.0008238413746,8.983691906e-05,-0.0007340044556,-0.001022403739,-0.000192983004,-0.001215386743,0.0001639706893,8.339615247e-05,0.0002473668418,-0.001200838117,0.0002064732692,-0.0009943648475,0.0001901729876,-1.568095608e-06,0.000188604892,3.849547069e-05,-3.134660524e-05,7.148865451e-06,-0.0003565329558,0.0002110165253,-0.0001455164305,-0.002028825431,-0.0008047668053,-0.002833592236,-0.001531833988,-0.0005074136421,-0.00203924763,-0.002526841854,-0.0008694417293,-0.003396283583,-0.0007755043134,-0.000712928902,-0.001488433215,-0.0009405583222,2.23921461e-05,-0.0009181661761,-0.001429688641,-0.0001006623537,-0.001530350994,-0.001256685053,-4.713641547e-05,-0.001303821468,-0.002383128343,-0.0001303377211,-0.002513466064,-0.001276218068,0.0002058543628,-0.001070363705,-0.001143676917,0.0001429586027,-0.001000718315,-0.002817761523,0.0001845783063,-0.002633183217,-0.00216463223,0.0001433468689,-0.002021285361,-0.003483240629,0.0005684250135,-0.002914815615,-0.002751496796,-0.0008720962387,-0.003623593035,-0.001015894173,-0.0002174993842,-0.001233393557,-0.00400446348,-0.0008422058008,-0.004846669281,-0.001500741125,-0.0002642349092,-0.001764976034,-0.001794328268,0.0002469952514,-0.001547333016,-0.002251250856,0.0001932921892,-0.002057958667,-0.002249496081,0.0001031463554,-0.002146349726,-0.003173680701,0.0002072243018,-0.0029664564,-0.002756939352,5.025841383e-06,-0.00275191351,-0.002151224801,8.877983985e-05,-0.002062444961,-0.003571199468,0.0001866505512,-0.003384548917,-0.002876792049,0.0003204693067,-0.002556322742
21.9,-0.001156656476,0.001098575534,-5.80809421e-05,-0.0008781627501,-0.0002720460256,-0.001150208776,-0.002447019688,0.0003931239228,-0.002053895765,-0.001334240599,-4.756189839e-06,-0.001338996789,-0.0008176783977,7.710598077e-05,-0.0007405724169,-0.001021794492,-0.0001996090087,-0.001221403501,0.0001635216019,7.586346287e-05,0.0002393850648,-0.001177750326,0.0002073561024,-0.0009703942234,0.0001984429104,-4.021070768e-06,0.0001944218396,4.749849301e-05,-3.114636043e-05,1.635213258e-05,-0.000355562497,0.0002040931932,-0.0001514693038,-0.002030182331,-0.0008014899331,-0.002831672264,-0.00152101933,-0.0005022334253,-0.002023252756,-0.002523289879,-0.0008782350262,-0.003401524905,-0.0007578273929,-0.0007371754096,-0.001495002802,-0.0009234266036,2.208163052e-05,-0.0009013449731,-0.001425245649,-7.940525364e-05,-0.001504650903,-0.001205814682,-5.776400607e-05,-0.001263578688,-0.002345324703,-0.0001308531965,-0.0024761779,-0.001254268565,0.0002068591608,-0.001047409404,-0.001134934836,0.000139723897,-0.000995210939,-0.002809542778,0.0001805993445,-0.002628943433,-0.002161337695,0.0001361038311,-0.002025233864,-0.003470712375,0.0005698722944,-0.002900840081,-0.002752714314,-0.0008733343771,-0.003626048691,-0.001005138102,-0.0002121036312,-0.001217241733,-0.004005009241,-0.0008304589579,-0.004835468199,-0.001467062002,-0.0002661283398,-0.001733190342,-0.001779004638,0.0002447807975,-0.001534223841,-0.002210440131,0.0001909038701,-0.002019536261,-0.002241872781,0.0001017371044,-0.002140135677,-0.003145153921,0.0002063902332,-0.002938763688,-0.002718208819,-8.226065693e-07,-0.002719031426,-0.002100543188,9.124378998e-05,-0.002009299398,-0.003537511162,0.0001923064662,-0.003345204696,-0.002827065652,0.0003240955323,-0.002502970119
22.0,-0.001149650724,0.001092784017,-5.686670692e-05,-0.0008759866498,-0.0002739464438,-0.001149933094,-0.002449902814,0.0003768712578,-0.002073031556,-0.00131990864,-1.263565503e-05,-0.001332544296,-0.0008103900253,6.412713782e-05,-0.0007462628875,-0.001018730098,-0.0002059160681,-0.001224646166,0.0001641237345,6.828093946e-05,0.0002324046739,-0.00115301798,0.0002084033476,-0.0009446146328,0.0002086053415,-6.393330604e-06,0.0002022120109,5.751376846e-05,-3.098991177e-05,2.652385669e-05,-0.0003535272015,0.0001970201587,-0.0001565070428,-0.002030308433,-0.0007980601001,-0.002828368533,-0.001510399217,-0.000496202268,-0.002006601486,-0.002518228871,-0.0008859140434,-0.003404142915,-0.0007393469911,-0.000760301029,-0.00149964802,-0.0009059230124,2.213401536e-05,-0.000883788997,-0.001421381487,-5.717506326e-05,-0.00147855655,-0.00115452838,-6.87159377e-05,-0.001223244318,-0.002308192145,-0.0001311014931,-0.002439293638,-0.001230704286,0.0002080272447,-0.001022677041,-0.001124424993,0.0001365978174,-0.0009878271758,-0.002800429217,0.0001769297849,-0.002623499432,-0.002156078868,0.0001289699706,-0.002027108897,-0.003457142701,0.0005715302078,-0.002885612493,-0.002752756241,-0.000873743505,-0.003626499746,-0.0009946542848,-0.0002062193965,-0.001200873681,-0.004006152303,-0.0008175209335,-0.004823673237,-0.001434438155,-0.0002676378558,-0.001702076011,-0.001763476654,0.0002422306098,-0.001521246044,-0.002171184344,0.0001885973826,-0.001982586962,-0.002231887006,0.0001002607287,-0.002131626277,-0.003115437221,0.0002051724237,-0.002910264798,-0.00268042228,-6.264944892e-06,-0.002686687225,-0.002050178829,9.382961459e-05,-0.001956349214,-0.00350420646,0.0001983426201,-0.00330586384,-0.002778537243,0.0003273531684,-0.002451184074
22.1,-0.00114199496,0.001087624041,-5.437091907e-05,-0.0008731112174,-0.0002752846591,-0.001148395876,-0.002450877076,0.0003612080072,-0.002089669069,-0.001304097647,-2.019446908e-05,-0.001324292116,-0.0008020636785,5.09357311e-05,-0.0007511279474,-0.001013286203,-0.0002118746249,-0.001225160828,0.0001656864742,6.066894717e-05,0.0002263554213,-0.001126810402,0.0002096169217,-0.0009171934807,0.0002205689777,-8.669688555e-06,0.0002118992891,6.835154101e-05,-3.086748042e-05,3.74840606e-05,-0.0003505216175,0.0001898173409,-0.0001607042765,-0.002029271635,-0.000794595494,-0.002823867129,-0.001500218381,-0.000489354919,-0.0019895733,-0.00251183156,-0.0008924908087,-0.003404322369,-0.0007205899762,-0.0007820630172,-0.001502652993,-0.0008882656897,2.252143707e-05,-0.0008657442526,-0.001418241224,-3.42411593e-05,-0.001452482383,-0.001103206395,-7.994306849e-05,-0.001183149463,-0.002271904542,-0.0001311900247,-0.002403094566,-0.001205708312,0.0002093538964,-0.0009963544154,-0.001112253948,0.0001335752004,-0.0009786787477,-0.002790584296,0.000173579062,-0.002617005234,-0.002148905578,0.0001219762804,-0.002026929297,-0.003442670502,0.0005734045819,-0.00286926592,-0.002751912325,-0.0008733201536,-0.003625232479,-0.0009845661535,-0.0001999364826,-0.001184502636,-0.004008139614,-0.0008036272253,-0.004811766839,-0.001403222851,-0.0002688094524,-0.001672032304,-0.001748011611,0.0002393457611,-0.00150866585,-0.002133947554,0.0001864112375,-0.001947536316,-0.002219824794,9.873308214e-05,-0.002121091712,-0.003084897349,0.0002035848994,-0.00288131245,-0.002644016329,-1.123367392e-05,-0.002655250003,-0.002000593082,9.652745407e-05,-0.001904065628,-0.003471631266,0.0002046697571,-0.003266961509,-0.002731526474,0.0003301676861,-0.002401358788
22.2,-0.0011337381,0.001083150949,-5.05871516e-05,-0.000869617749,-0.0002760625795,-0.001145680329,-0.002449942231,0.0003461993208,-0.00210374291,-0.001286885265,-2.742378214e-05,-0.001314309047,-0.0007928050364,3.756871399e-05,-0.0007552363224,-0.001005562826,-0.0002174557139,-0.00122301854,0.0001681069934,5.30479947e-05,0.0002211549881,-0.001099311493,0.0002109974263,-0.0008883140665,0.0002342198522,-1.083681451e-05,0.0002233830377,7.980993288e-05,-3.076668094e-05,4.904325194e-05,-0.0003466555478,0.0001825073159,-0.0001641482319,-0.00202715809,-0.0007912046264,-0.002818362716,-0.001490722529,-0.0004817344537,-0.001972456983,-0.002504280927,-0.0008979914674,-0.003402272395,-0.0007020966214,-0.0008022267718,-0.001504323393,-0.0008706784274,2.320997166e-05,-0.0008474684557,-0.001415947749,-1.089682448e-05,-0.001426844573,-0.00105224294,-9.138734698e-05,-0.001143630287,-0.002236640237,-0.000131223902,-0.002367864139,-0.00117948069,0.0002108339908,-0.0009686466996,-0.001098542948,0.0001306514535,-0.0009678914948,-0.002780185659,0.0001705598356,-0.002609625824,-0.002139892237,0.0001151549698,-0.002024737268,-0.003427442652,0.0005755019281,-0.002851940724,-0.002750497876,-0.0008720600955,-0.003622557972,-0.0009749997332,-0.0001933425463,-0.001168342279,-0.004011226011,-0.0007890182361,-0.004800244247,-0.001373764998,-0.0002696830628,-0.001643448061,-0.001732888373,0.0002361430958,-0.001496745277,-0.002099184044,0.000184390545,-0.001914793499,-0.00220598164,9.716785343e-05,-0.002108813787,-0.003053912208,0.0002016478316,-0.002852264376,-0.002609405723,-1.566630079e-05,-0.002625072024,-0.001952237772,9.932486056e-05,-0.001852912912,-0.003440126175,0.0002111902706,-0.003228935905,-0.002686380036,0.0003324907881,-0.002353889248
22.3,-0.001124951743,0.001079415299,-4.553644373e-05,-0.0008655938095,-0.0002762806721,-0.001141874482,-0.002447130821,0.0003319068386,-0.002115223982,-0.001268365633,-3.43153836e-05,-0.001302681016,-0.0007827343078,2.406430531e-05,-0.0007586700025,-0.0009956820248,-0.0002226311076,-0.001218313132,0.0001712739416,4.543863019e-05,0.0002167125718,-0.001070717748,0.0002125440891,-0.0008581736587,0.0002494248883,-1.288345094e-05,0.0002365414373,9.167935371e-05,-3.06726798e-05,6.100667391e-05,-0.0003420507553,0.0001751154766,-0.0001669352788,-0.002024068805,-0.0007879855786,-0.002812054384,-0.001482147869,-0.0004733967266,-0.001955544596,-0.002495768302,-0.0009024530506,-0.003398221353,-0.0006844079691,-0.0008205719264,-0.001504979895,-0.0008533867566,2.416032225e-05,-0.0008292264344,-0.001414599539,1.254693633e-05,-0.001402052603,-0.001002038549,-0.000102982821,-0.00110502137,-0.002202579887,-0.0001313023921,-0.002333882279,-0.001152235858,0.0002124620689,-0.0009397737894,-0.001083425927,0.0001278226841,-0.0009556032433,-0.00276942219,0.00016788801,-0.00260153418,-0.002129136864,0.0001085389706,-0.002020597894,-0.003411611522,0.0005778293427,-0.00283378218,-0.002748844343,-0.0008699613687,-0.003618805712,-0.0009660792498,-0.0001865212641,-0.001152600514,-0.004015663643,-0.0007739347487,-0.004789598391,-0.001346402766,-0.0002702903369,-0.001616693103,-0.001718392032,0.0002326551157,-0.001485736916,-0.002067330173,0.0001825857222,-0.00188474445,-0.002190656931,9.55760327e-05,-0.002095080898,-0.003022863465,0.0001993862341,-0.002823477231,-0.002576979837,-1.950379637e-05,-0.002596483633,-0.001905548565,0.000102208231,-0.001803340334,-0.003410022735,0.0002178014319,-0.003192221303,-0.002643467674,0.0003343023696,-0.002309165304
22.4,-0.001115728539,0.001076462526,-3.926601331e-05,-0.0008611313614,-0.0002759384485,-0.00113706981,-0.002442507982,0.0003183880141,-0.002124119968,-0.001248648351,-4.086171824e-05,-0.001289510069,-0.0007719845018,1.046164235e-05,-0.0007615228595,-0.0009837861128,-0.0002273734127,-0.001211159525,0.0001750688082,3.786137839e-05,0.0002129301866,-0.001041236623,0.0002142549335,-0.0008269816899,0.0002660328096,-1.480047039e-05,0.0002512323392,0.0001037443006,-3.056833042e-05,7.317597021e-05,-0.000336839993,0.0001676701809,-0.000169169812,-0.002020117954,-0.0007850247471,-0.002805142701,-0.001474713505,-0.0004644130602,-0.001939126566,-0.002486492636,-0.0009059204874,-0.003392413123,-0.0006680540628,-0.0008368984264,-0.001504952489,-0.0008366150194,2.532875193e-05,-0.0008112862675,-0.001414271955,3.57689595e-05,-0.001378502995,-0.0009529944459,-0.0001146573039,-0.00106765175,-0.002169905763,-0.0001315158717,-0.002301421635,-0.001124200554,0.0002142324187,-0.0009099681349,-0.001067048392,0.0001250857624,-0.0009419626301,-0.002758492109,0.0001655824969,-0.002592909612,-0.00211676111,0.0001021613608,-0.002014599749,-0.003395333322,0.0005803943771,-0.002814938945,-0.002747291267,-0.000867027221,-0.003614318488,-0.000957924628,-0.0001795509202,-0.001137475548,-0.00402169227,-0.0007586149127,-0.004780307182,-0.001321459189,-0.0002706534006,-0.001592112589,-0.001704810402,0.0002289289556,-0.001475881446,-0.002038798758,0.0001810511052,-0.001857747653,-0.002174150252,9.396555965e-05,-0.002080184692,-0.002992130865,0.0001968285036,-0.002795302361,-0.002547100515,-2.268905469e-05,-0.00256978957,-0.001860940539,0.0001051646529,-0.001755775886,-0.003381641658,0.0002243986014,-0.003157243056,-0.002603177754,0.0003356103615,-0.002267567392
22.5,-0.001106180675,0.001074332705,-3.184797059e-05,-0.00085632619,-0.0002750351702,-0.00113136136,-0.002436171766,0.0003056955817,-0.002130476184,-0.001227858025,-4.705582244e-05,-0.001274913847,-0.0007607015993,-3.199483416e-06,-0.0007639010828,-0.0009700364651,-0.0002316561306,-0.001201692596,0.0001793653179,3.033672982e-05,0.0002097020477,-0.001011085286,0.0002161271998,-0.0007949580859,0.0002838731277,-1.658081679e-05,0.0002672923109,0.0001157832264,-3.043430033e-05,8.534892611e-05,-0.0003311677643,0.0001602028544,-0.0001709649099,-0.002015433141,-0.0007823945098,-0.002797827651,-0.001468617712,-0.0004548703528,-0.001923488065,-0.002476660498,-0.0009084443768,-0.003385104874,-0.0006535442565,-0.000851032174,-0.001504576431,-0.0008205848544,2.666824149e-05,-0.0007939166129,-0.001415021892,5.844693685e-05,-0.001356574955,-0.0009055093261,-0.0001263342499,-0.001031843576,-0.002138802465,-0.0001319433176,-0.002270745783,-0.001095612202,0.0002161391466,-0.0008794730558,-0.001049567124,0.0001224382804,-0.0009271288439,-0.002747601919,0.0001636647668,-0.002583937152,-0.002102910762,9.605481254e-05,-0.002006855949,-0.003378767093,0.0005832049056,-0.002795562187,-0.002746180466,-0.0008632682939,-0.00360944876,-0.0009506510168,-0.0001725033462,-0.001123154363,-0.004029532224,-0.0007432921345,-0.004772824358,-0.001299239839,-0.0002707844537,-0.001570024293,-0.001692432068,0.0002250247834,-0.001467407285,-0.002013975462,0.0001798436544,-0.001834131808,-0.00215675936,9.234110142e-05,-0.002064418259,-0.002962088246,0.0001940050436,-0.002768083203,-0.002520102054,-2.516525465e-05,-0.002545267309,-0.001818805977,0.0001081835788,-0.001710622398,-0.003355292538,0.000230878117,-0.003124414421,-0.002565912024,0.0003364483757,-0.002229463649
22.6,-0.001096438484,0.001073060426,-2.337805743e-05,-0.0008512783583,-0.000273570568,-0.001124848926,-0.00242825352,0.0002938771951,-0.002134376325,-0.001206134195,-5.289120073e-05,-0.001259025395,-0.000749045774,-1.687879925e-05,-0.0007659245732,-0.0009546126763,-0.0002354537316,-0.001190066408,0.0001840278992,2.288514779e-05,0.000206913047,-0.0009804896221,0.0002181579189,-0.0007623317032,0.000302754592,-1.821937773e-05,0.0002845352143,0.0001275677827,-3.024922261e-05,9.731856005e-05,-0.00032519159,0.0001527480266,-0.0001724435633,-0.002010157149,-0.0007801503159,-0.002790307465,-0.001464037127,-0.0004448693191,-0.001908906446,-0.00246648616,-0.0009100795334,-0.003376565694,-0.0006413605037,-0.0008628295014,-0.001504190005,-0.0008055150761,2.812997643e-05,-0.0007773850997,-0.001416894488,8.02674333e-05,-0.001336627054,-0.0008599780629,-0.0001379343119,-0.0009979123748,-0.002109458723,-0.000132650103,-0.002242108826,-0.001066717613,0.0002181763628,-0.0008485412498,-0.001031150321,0.000119878502,-0.0009112718189,-0.002736965721,0.0001621583054,-0.002574807415,-0.002087755907,9.025116514e-05,-0.001997504742,-0.003362073912,0.0005862690219,-0.00277580489,-0.00274585158,-0.0008587042835,-0.003604555863,-0.0009443697741,-0.000165442995,-0.001109812769,-0.004039380896,-0.0007281930145,-0.004767573911,-0.001280032324,-0.0002706856904,-0.001550718015,-0.001681544888,0.0002210137826,-0.001460531105,-0.001993216049,0.0001790218243,-0.001814194225,-0.002138778995,9.070382658e-05,-0.002048075168,-0.002933100755,0.000190947345,-0.00274215341,-0.002496293158,-2.687414908e-05,-0.002523167307,-0.001779513922,0.0001112579527,-0.001668255969,-0.003331274249,0.0002371396255,-0.003094134624,-0.002532078894,0.0003368715781,-0.002195207316
22.7,-0.001086648894,0.001072674723,-1.397417134e-05,-0.0008460930622,-0.0002715454365,-0.001117638499,-0.002418917698,0.0002829751678,-0.00213594253,-0.001183631229,-5.836171709e-05,-0.001241992947,-0.000737192351,-3.053568142e-05,-0.0007677280325,-0.0009377116147,-0.0002387417563,-0.001176453371,0.0001889106555,1.552707028e-05,0.0002044377258,-0.0009496832083,0.0002203444906,-0.0007293387177,0.0003224648191,-1.971276527e-05,0.0003027520539,0.0001388630126,-2.998985699e-05,0.0001088731556,-0.0003190822584,0.0001453433347,-0.0001737389237,-0.002004449619,-0.0007783285562,-0.002782778175,-0.00146112737,-0.0004345219131,-0.001895649283,-0.002456190979,-0.0009108839756,-0.003367074955,-0.000631953327,-0.0008721796788,-0.001504133006,-0.0007916222116,2.966515909e-05,-0.0007619570525,-0.001419930306,0.0001009360275,-0.001318994279,-0.0008167911705,-0.0001493763149,-0.0009661674854,-0.002082069373,-0.000133685999,-0.002215755372,-0.001037771569,0.0002203385485,-0.0008174330209,-0.001011977534,0.0001174053929,-0.0008945721406,-0.002726804168,0.0001610880825,-0.002565716086,-0.002071489784,8.478114977e-05,-0.001986708635,-0.003345415701,0.0005895949166,-0.002755820784,-0.002746637639,-0.0008533655848,-0.003600003224,-0.0009391897247,-0.0001584260997,-0.001097615824,-0.004051412053,-0.0007135351359,-0.004764947189,-0.001264106597,-0.0002703490722,-0.001534455669,-0.001672433297,0.0002169757752,-0.001455457522,-0.001976843142,0.000178644501,-0.001798198641,-0.002120499329,8.905105921e-05,-0.00203144827,-0.002905522235,0.0001876877015,-0.002717834533,-0.002475959529,-2.77546118e-05,-0.002503714141,-0.001743410522,0.0001143848024,-0.001629025719,-0.003309874717,0.0002430877498,-0.003066786967,-0.002502084821,0.0003369511817,-0.002165133639
22.8,-0.001076973207,0.001073198991,-3.774215795e-06,-0.0008408809861,-0.000268962116,-0.001109843102,-0.002408360346,0.0002730262618,-0.002135334085,-0.001160517603,-6.346154238e-05,-0.001223979145,-0.0007253309821,-4.41292761e-05,-0.0007694602582,-0.0009195457928,-0.0002414969118,-0.001161042705,0.0001938584204,8.282916555e-06,0.0002021413369,-0.0009189057848,0.000222685138,-0.0006962206468,0.000342772882,-2.105898693e-05,0.000321713895,0.0001494300854,-2.963123736e-05,0.000119798848,-0.0003130215015,0.000138029519,-0.0001749919825,-0.001998486637,-0.0007769461961,-0.002775432833,-0.001460023866,-0.0004239484148,-0.001883972281,-0.002446001282,-0.0009109179133,-0.003356919196,-0.0006257388191,-0.000879005243,-0.001504744062,-0.0007791203285,3.122677265e-05,-0.0007478935559,-0.001424171464,0.0001201866953,-0.001303984768,-0.0007763332482,-0.0001605776837,-0.0009369109319,-0.002056835946,-0.0001350835739,-0.00219191952,-0.001009034682,0.0002226209571,-0.000786413725,-0.0009922385562,0.0001150186726,-0.0008772198836,-0.002717342172,0.0001604800339,-0.002556862138,-0.00205432551,7.967423068e-05,-0.00197465128,-0.003328952985,0.0005931906421,-0.002735762343,-0.00274885953,-0.0008472952288,-0.003596154759,-0.0009352171503,-0.0001515000615,-0.001086717212,-0.004065775979,-0.0006995252285,-0.004765301207,-0.001251713951,-0.000269756113,-0.001521470064,-0.001665372949,0.0002129967048,-0.001452376244,-0.00196514094,0.0001787697826,-0.001786371158,-0.002102203007,8.737586188e-05,-0.002014827145,-0.002879691534,0.000184259383,-0.002695432151,-0.002459365475,-2.774169421e-05,-0.002487107169,-0.001710818886,0.000117565652,-0.001593253234,-0.003291368802,0.0002486333328,-0.003042735469,-0.0024763239,0.0003367680497,-0.002139555851
22.9,-0.00106758362,0.001074650884,7.067264225e-06,-0.000835757276,-0.000265824918,-0.001101582194,-0.002396805676,0.0002640615394,-0.002132744136,-0.001136974004,-6.818513804e-05,-0.001205159142,-0.0007136617425,-5.761860964e-05,-0.0007712803522,-0.0009003404621,-0.0002436971471,-0.001144037609,0.0001987111091,1.173100718e-06,0.0001998842099,-0.0008884008392,0.0002251791459,-0.0006632216934,0.0003634360209,-2.225709499e-05,0.0003411789259,0.0001590325677,-2.914685218e-05,0.0001298857155,-0.0003071961239,0.0001308503618,-0.0001763457621,-0.00199245689,-0.000776001797,-0.002768458687,-0.0014608415,-0.0004132743184,-0.001874115819,-0.002436144271,-0.0009102424513,-0.003346386722,-0.0006230945454,-0.0008832607753,-0.001506355321,-0.0007682188899,3.277087796e-05,-0.000735448012,-0.001429664929,0.0001377899568,-0.001291874973,-0.0007389785011,-0.000171454512,-0.0009104330131,-0.002033964461,-0.0001368572201,-0.002170821681,-0.0009807699141,0.0002250198039,-0.0007557501101,-0.0009721306326,0.0001127187593,-0.0008594118733,-0.002708804654,0.0001603604505,-0.002548444203,-0.002036490442,7.495849599e-05,-0.001961531946,-0.003312841349,0.0005970637676,-0.002715777581,-0.002752819008,-0.0008405507597,-0.003593369768,-0.0009325531314,-0.0001447031731,-0.001077256304,-0.004082598313,-0.0006863580898,-0.004768956403,-0.001243082291,-0.0002688783617,-0.001511960653,-0.001660622299,0.0002091662639,-0.001451456035,-0.001958347156,0.0001794535166,-0.00177889364,-0.002084160313,8.566683388e-05,-0.001998493479,-0.002855926837,0.0001806969226,-0.002675229915,-0.002446753316,-2.676623549e-05,-0.002473519551,-0.001682037157,0.0001208070692,-0.001561230088,-0.003276013651,0.000253694642,-0.003022319009,-0.002455165894,0.0003364060621,-0.002118759831
23.0,-0.001058658313,0.001077042232,1.838391948e-05,-0.0008308387275,-0.0002621404954,-0.001092979223,-0.002384500575,0.0002561063053,-0.00212839427,-0.001113190071,-7.252725584e-05,-0.001185717327,-0.0007023879595,-7.096270732e-05,-0.0007733506669,-0.0008803291878,-0.0002453217509,-0.001125650939,0.0002033112618,-5.781987535e-06,0.0001975292743,-0.0008584121923,0.0002278268179,-0.0006305853744,0.0003842099169,-2.330695591e-05,0.000360902961,0.0001674456699,-2.850896215e-05,0.0001389367078,-0.0003017891479,0.0001238524701,-0.0001779366779,-0.001986554956,-0.0007754766627,-0.002762031619,-0.00146367224,-0.0004026271692,-0.001866299409,-0.00242684212,-0.0009089180923,-0.003335760212,-0.0006243529549,-0.0008849312459,-0.001509284201,-0.0007591182573,3.425744535e-05,-0.000724860812,-0.001436461807,0.0001535594214,-0.001282902385,-0.0007050825877,-0.0001819215236,-0.0008870041113,-0.002013660122,-0.0001390028235,-0.002152662946,-0.0009532377925,0.0002275321597,-0.0007257056329,-0.0009518540689,0.0001105065883,-0.0008413474806,-0.002701410524,0.0001607552115,-0.002540655313,-0.002018219047,7.066053086e-05,-0.001947558516,-0.003297226958,0.0006012210416,-0.002696005916,-0.002758790809,-0.0008332050544,-0.003591995863,-0.0009312877994,-0.0001380647225,-0.001069352522,-0.004101976717,-0.0006742156912,-0.004776192408,-0.00123840699,-0.0002676790132,-0.001506086003,-0.001658412424,0.000205575741,-0.001452836683,-0.001956643251,0.0001807477929,-0.001775895459,-0.002066623013,8.390844625e-05,-0.001982714566,-0.002834518233,0.000177036302,-0.002657481931,-0.002438340054,-2.475519119e-05,-0.002463095245,-0.001657334104,0.0001241211664,-0.001533212938,-0.003264042036,0.0002581987804,-0.003005843256,-0.002438943223,0.0003359458735,-0.00210299735
23.1,-0.001050375553,0.001080379062,3.000350922e-05,-0.0008262396345,-0.0002579181369,-0.001084157771,-0.002371707718,0.000249180108,-0.00212252761,-0.001089360125,-7.648297812e-05,-0.001165843103,-0.0006917072564,-8.412078648e-05,-0.0007758280428,-0.000859748326,-0.0002463515363,-0.001106099862,0.0002075128999,-1.25620793e-05,0.0001949508206,-0.0008291799223,0.0002306291794,-0.0005985507429,0.0004048600001,-2.42091715e-05,0.0003806508286,0.0001744661357,-2.768910534e-05,0.0001467770304,-0.0002969702228,0.0001170848611,-0.0001798853617,-0.00198097354,-0.0007753354238,-0.002756308964,-0.0014685818,-0.0003921331712,-0.001860714971,-0.002418305296,-0.0009070033491,-0.003325308645,-0.0006297925179,-0.0008840308172,-0.001513823335,-0.0007520035301,3.565098207e-05,-0.000716352548,-0.001444613187,0.0001673561995,-0.001277256987,-0.0006749720946,-0.0001918922552,-0.0008668643498,-0.001996120178,-0.0001414979614,-0.002137618139,-0.0009266909742,0.0002301556861,-0.0006965352881,-0.0009316071342,0.0001083834306,-0.0008232237036,-0.002695366058,0.0001616889481,-0.00253367711,-0.001999745853,6.680522591e-05,-0.001932940627,-0.003282242136,0.0006056681633,-0.002676573973,-0.002767014696,-0.000825345468,-0.003592360164,-0.0009314926486,-0.0001316055467,-0.001063098195,-0.004123976395,-0.0006632652283,-0.004787241624,-0.001237839459,-0.000266115442,-0.001503954901,-0.001658937513,0.0002023159676,-0.001456621546,-0.001960145436,0.0001826995521,-0.001777445883,-0.002049818149,8.208199181e-05,-0.001967736157,-0.00281571984,0.0001733149408,-0.0026424049,-0.002434311733,-2.163313649e-05,-0.00245594487,-0.001636942437,0.0001275253093,-0.001509417127,-0.003255655283,0.0002620833385,-0.002993571944,-0.002427938155,0.0003354594458,-0.002092478709
23.2,-0.001042907731,0.001084661668,4.175393756e-05,-0.0008220673633,-0.0002531700205,-0.001075237384,-0.002358698406,0.0002432967579,-0.002115401649,-0.001065678724,-8.004782656e-05,-0.001145726551,-0.0006818032533,-9.70525697e-05,-0.000778855823,-0.0008388313495,-0.0002467691306,-0.00108560048,0.000211189068,-1.914718904e-05,0.000192041879,-0.0008009362478,0.0002335875907,-0.0005673486571,0.0004251707269,-2.496503567e-05,0.0004002056912,0.0001799199729,-2.665871713e-05,0.0001532612558,-0.0002928879817,0.0001105984065,-0.0001822895752,-0.001975896427,-0.0007755264237,-0.00275142285,-0.001475607845,-0.0003819129479,-0.001857520793,-0.0024107266,-0.0009045536205,-0.00331528022,-0.0006396284537,-0.000880602119,-0.001520230573,-0.0007470380545,3.692109078e-05,-0.0007101169637,-0.001454164504,0.0001790908469,-0.001275073657,-0.0006489341182,-0.0002012798376,-0.0008502139558,-0.001981526927,-0.0001443026348,-0.002125829562,-0.000901369085,0.0002328883715,-0.0006684807135,-0.0009115813755,0.0001063508107,-0.0008052305648,-0.002690859129,0.0001631842635,-0.002527674865,-0.001981299899,6.341550395e-05,-0.001917884395,-0.00326800197,0.0006104096186,-0.002657592352,-0.00277768829,-0.000817071556,-0.003594759846,-0.0009332131761,-0.0001253391127,-0.001058552289,-0.004148626403,-0.0006536554446,-0.004802281848,-0.001241477032,-0.0002641422205,-0.001505619252,-0.001662348159,0.0001994752327,-0.001462872926,-0.001968898729,0.0001853491649,-0.001783549564,-0.002033943233,8.016693241e-05,-0.001953776301,-0.002799743185,0.0001695714353,-0.002630171749,-0.002434816655,-1.732531456e-05,-0.00245214197,-0.001621050949,0.0001310403055,-0.001490010644,-0.003251017752,0.0002652982199,-0.002985719532,-0.00242237167,0.0003350055556,-0.002087366115
23.3,-0.001036416215,0.001089884647,5.346843196e-05,-0.0008184187408,-0.0002479114761,-0.001066330217,-0.002345746273,0.0002384643884,-0.002107281885,-0.001042336859,-8.321790438e-05,-0.001125554763,-0.0006728398615,-0.0001097186734,-0.0007825585349,-0.0008178039719,-0.0002465593236,-0.001064363295,0.0002142362483,-2.551777993e-05,0.0001887184684,-0.0007739019404,0.0002367035044,-0.000537198436,0.0004449509584,-2.557641272e-05,0.0004193745457,0.0001836663739,-2.538975032e-05,0.0001582766236,-0.000289665975,0.0001044452117,-0.0001852207632,-0.001971493144,-0.0007759825389,-0.002747475683,-0.001484761336,-0.0003720761392,-0.001856837475,-0.00240427715,-0.0009016202786,-0.003305897429,-0.0006540054757,-0.0008747153679,-0.001528720844,-0.000744358011,3.804298164e-05,-0.0007063150293,-0.001465149936,0.0001887228684,-0.001276427067,-0.0006272081484,-0.0002099985145,-0.0008372066629,-0.001970042536,-0.0001473606837,-0.00211740322,-0.000877494503,0.0002357282704,-0.0006417662326,-0.0008919581155,0.000104410461,-0.0007875476545,-0.002688055235,0.000165260997,-0.002522794238,-0.001963101343,6.05119793e-05,-0.001902589364,-0.003254602482,0.000615448474,-0.002639154008,-0.002790961821,-0.0008084919547,-0.003599453776,-0.0009364639373,-0.0001192730991,-0.001055737036,-0.004175918067,-0.0006455117593,-0.004821429826,-0.001249356832,-0.0002617144308,-0.001511071262,-0.00166874844,0.0001971371125,-0.001471611327,-0.001982875263,0.0001887289111,-0.001794146352,-0.00201916369,7.814223541e-05,-0.001941021455,-0.002786753106,0.0001658450827,-0.002620908023,-0.002439958929,-1.176205367e-05,-0.002451720983,-0.001609797107,0.0001346872097,-0.001475109897,-0.003250254232,0.0002678074926,-0.002982446739,-0.002422395369,0.0003346264949,-0.002087768874
23.4,-0.001031047604,0.001096036877,6.498927352e-05,-0.0008153779845,-0.0002421612266,-0.001057539211,-0.002333122406,0.0002346856481,-0.002098436758,-0.00101951924,-8.598998698e-05,-0.001105509227,-0.0006649588793,-0.0001220809664,-0.0007870398457,-0.0007968806305,-0.0002457094078,-0.001042590038,0.0002165752062,-3.165488047e-05,0.0001849203258,-0.0007482835773,0.0002399784778,-0.0005083050995,0.0004640352097,-2.604554318e-05,0.0004379896665,0.0001855977507,-2.385524994e-05,0.0001617425007,-0.0002874023564,9.86779555e-05,-0.0001887244009,-0.001967915569,-0.000776622932,-0.002744538501,-0.00149603075,-0.0003627156465,-0.001858746397,-0.002399104689,-0.0008982500374,-0.003297354727,-0.0006729940354,-0.0008664669751,-0.001539461011,-0.0007440690336,3.899795018e-05,-0.0007050710834,-0.001477587674,0.0001962579678,-0.001281329706,-0.0006099816575,-0.0002179655189,-0.0008279471764,-0.001961806536,-0.0001506018152,-0.002112408351,-0.0008552693827,0.0002386731941,-0.0006165961887,-0.0008729064125,0.0001025642064,-0.0007703422061,-0.002687095496,0.0001679354648,-0.002519160031,-0.001945360173,5.811261012e-05,-0.001887247563,-0.003242120452,0.0006207861138,-0.002621334338,-0.002806935896,-0.0007997209681,-0.003606656864,-0.0009412270958,-0.0001134112566,-0.001054638352,-0.004205805805,-0.0006389315274,-0.004844737333,-0.001261454327,-0.0002587912411,-0.001520245568,-0.001678196734,0.0001953783216,-0.001482818413,-0.002001976986,0.0001928617626,-0.001809115223,-0.002005612622,7.598733636e-05,-0.001929625285,-0.002776866687,0.0001621753196,-0.002614691368,-0.002449793512,-4.883995571e-06,-0.002454677507,-0.001603261701,0.0001384837432,-0.001464777958,-0.003253450455,0.0002695908944,-0.00298385956,-0.002428087325,0.0003343459245,-0.002093741401
23.5,-0.001026931616,0.001103101572,7.6169956e-05,-0.0008130164161,-0.0002359415297,-0.001048957946,-0.002321091995,0.0002319580625,-0.002089133933,-0.0009974027764,-8.836152011e-05,-0.001085764296,-0.0006582805665,-0.0001341028303,-0.0007923833968,-0.000776262442,-0.0002442094905,-0.001020471933,0.0002181488275,-3.754015218e-05,0.0001806086754,-0.0007242716768,0.0002434143446,-0.0004808573322,0.0004822816143,-2.637484381e-05,0.0004559067705,0.0001856368159,-2.202989148e-05,0.0001636069244,-0.0002861725212,9.334919124e-05,-0.00019282333,-0.00196529632,-0.0007773560694,-0.002742652389,-0.001509387778,-0.0003539033213,-0.001863291099,-0.002395333639,-0.0008944849027,-0.003289818542,-0.0006965901621,-0.000855977628,-0.00155256779,-0.0007462451317,3.977380018e-05,-0.0007064713315,-0.001491476835,0.0002017432945,-0.00128973354,-0.0005973898778,-0.0002251026977,-0.0008224925754,-0.001956936138,-0.0001539438181,-0.002110879956,-0.000834873983,0.000241720412,-0.000593153571,-0.0008545824435,0.0001008138019,-0.0007537686417,-0.002688096353,0.0001712197398,-0.002516876614,-0.00192827646,5.623243339e-05,-0.001872044027,-0.00323061464,0.0006264219942,-0.002604192645,-0.002825662441,-0.0007908753791,-0.00361653782,-0.0009474544961,-0.0001077551496,-0.001055209646,-0.004238210293,-0.0006339807191,-0.004872191012,-0.001277685967,-0.0002553395123,-0.001533025479,-0.001690709474,0.0001942668199,-0.001496442654,-0.002026042058,0.0001977610203,-0.001828281038,-0.001993392529,7.368273702e-05,-0.001919709792,-0.002770154874,0.0001586011558,-0.002611553718,-0.002464323193,3.35235597e-06,-0.002460970837,-0.001601466598,0.0001424412462,-0.001459025352,-0.003260655844,0.000270644526,-0.002990011318,-0.002439452103,0.0003341675144,-0.002105284589
23.6,-0.001024180397,0.0011110564,8.687600355e-05,-0.0008113937044,-0.0002292782094,-0.001040671914,-0.002309912153,0.0002302745027,-0.00207963765,-0.0009761560086,-9.033057396e-05,-0.001066486583,-0.0006529062437,-0.0001457493301,-0.0007986555739,-0.0007561363971,-0.0002420527851,-0.0009981891823,0.0002189180779,-4.315593481e-05,0.0001757621431,-0.0007020395753,0.0002470133779,-0.0004550261974,0.0004995679783,-2.656671325e-05,0.000473001265,0.0001837320723,-1.989046045e-05,0.0001638416119,-0.0002860334046,8.851065089e-05,-0.0001975227537,-0.001963748889,-0.0007780838373,-0.002741832726,-0.001524793053,-0.0003456883915,-0.001870481445,-0.002393065987,-0.0008903627335,-0.003283428721,-0.0007247182528,-0.0008433895416,-0.001568107794,-0.0007509297029,4.036520175e-05,-0.0007105645012,-0.00150679645,0.000205260976,-0.001301535474,-0.0005895190393,-0.000231337672,-0.0008208567113,-0.001955528794,-0.0001572944463,-0.00211282324,-0.0008164661448,0.0002448664919,-0.0005715996529,-0.0008371300142,9.916085948e-05,-0.0007379691547,-0.002691150486,0.0001751211187,-0.002516029368,-0.001912041322,5.488342702e-05,-0.001857157895,-0.003220127922,0.0006323534525,-0.00258777447,-0.002847147924,-0.0007820717969,-0.003629219721,-0.0009550724296,-0.0001023054659,-0.001057377895,-0.004273024061,-0.0006306924647,-0.004903716526,-0.001297914847,-0.000251336937,-0.001549251784,-0.001706266529,0.0001938603314,-0.001512406198,-0.002054853364,0.0002034308941,-0.00185142247,-0.001982578543,7.121061579e-05,-0.001911367927,-0.002766645813,0.0001551606126,-0.0026114852,-0.002483497288,1.296911314e-05,-0.002470528175,-0.001604375636,0.0001465624784,-0.001457813157,-0.003271887267,0.0002709805152,-0.003000906752,-0.002456424435,0.0003340743912,-0.002122350044
23.7,-0.001022888673,0.001119873581,9.698490819e-05,-0.000810559967,-0.0002222006295,-0.001032760596,-0.002299830372,0.0002296236552,-0.002070206717,-0.0009559390582,-9.189582221e-05,-0.00104783488,-0.0006489216102,-0.0001569873359,-0.0008059089462,-0.000736675336,-0.0002392358556,-0.0009759111917,0.0002188575718,-4.848528071e-05,0.0001703722911,-0.000681742795,0.0002507783439,-0.000430964451,0.0005157876344,-2.662330799e-05,0.0004891643264,0.0001798532936,-1.741621845e-05,0.0001624370751,-0.0002870278566,8.421261028e-05,-0.0002028152463,-0.001963369296,-0.0007787061171,-0.002742075413,-0.001542201182,-0.0003380980942,-0.001880299276,-0.002392382298,-0.000885917851,-0.003278300149,-0.0007572357173,-0.000828862719,-0.001586098436,-0.0007581380759,4.077398051e-05,-0.0007173640954,-0.001523505935,0.0002069202669,-0.001316585668,-0.0005864113189,-0.000236604812,-0.0008230161309,-0.001957665867,-0.0001605526512,-0.002118218518,-0.0008001814841,0.0002481072847,-0.0005520741994,-0.0008206815713,9.760690099e-05,-0.0007230746703,-0.00269632817,0.0001796418225,-0.002516686347,-0.001896837589,5.407446303e-05,-0.001842763126,-0.00321068964,0.0006385755094,-0.00257211413,-0.002871357634,-0.0007734243983,-0.003644782032,-0.0009639876014,-9.706288174e-05,-0.001061050483,-0.004310119083,-0.0006290670963,-0.00493918618,-0.001321957984,-0.0002467742807,-0.001568732264,-0.001724816446,0.0001942052415,-0.001530611205,-0.002088146976,0.0002098676124,-0.001878279364,-0.001973222327,6.855570606e-05,-0.001904666621,-0.002766328668,0.0001518901973,-0.002614438471,-0.002507211615,2.396185894e-05,-0.002483249756,-0.001611898044,0.0001508404372,-0.001461057606,-0.003287132591,0.0002706256921,-0.003016506899,-0.002478875162,0.0003340298036,-0.002144845359
23.8,-0.001023134062,0.001129519863,0.0001063858009,-0.0008105578379,-0.0002147416243,-0.001025299462,-0.002291082977,0.000229990451,-0.002061092526,-0.000936903514,-9.305655543e-05,-0.001029960069,-0.0006463992649,-0.0001677856,-0.000814184865,-0.0007180380739,-0.0002357587579,-0.0009537968318,0.0002179524445,-5.351197518e-05,0.0001644404694,-0.0006635185577,0.0002547124221,-0.0004088061356,0.0005308470823,-2.654631006e-05,0.0005043007723,0.0001739887482,-1.458914652e-05,0.0001593996017,-0.0002891873136,8.050332229e-05,-0.0002086839914,-0.001964238276,-0.0007791252393,-0.002743363516,-0.001561564755,-0.0003311388759,-0.001892703631,-0.002393342308,-0.000881181054,-0.003274523362,-0.0007939378364,-0.0008125709367,-0.001606508773,-0.0007678604545,4.10092183e-05,-0.0007268512362,-0.001541545613,0.0002068487694,-0.001334696844,-0.0005880693737,-0.0002408462988,-0.0008289156724,-0.001963415706,-0.0001636093333,-0.00212702504,-0.0007861335875,0.0002514378913,-0.0005346956962,-0.0008053588139,9.615340447e-05,-0.0007092054094,-0.002703678034,0.000184778836,-0.002518899198,-0.00188283915,5.381130481e-05,-0.001829027845,-0.003202317398,0.0006450805738,-0.002557236824,-0.002898220037,-0.0007650425355,-0.003663262572,-0.000974092451,-9.202865299e-05,-0.001066121104,-0.004349354816,-0.0006290730409,-0.004978427857,-0.001349593211,-0.0002416566182,-0.001591249829,-0.001746279549,0.0001953358077,-0.001550943741,-0.002125618383,0.0002170605279,-0.001908557855,-0.001965355272,6.570625504e-05,-0.001899649017,-0.002769156497,0.0001488244364,-0.00262033206,-0.002535309373,3.629544303e-05,-0.00249901393,-0.001623893352,0.0001552584781,-0.001468634874,-0.003306352865,0.0002696194463,-0.003036733419,-0.002506617263,0.0003339791049,-0.002172638158
23.9,-0.001024976895,0.001139956452,0.000114979557,-0.0008114236002,-0.0002069373419,-0.001018360942,-0.002283892841,0.0002313564692,-0.002052536372,-0.0009191916374,-9.381270423e-05,-0.001013004342,-0.000645398887,-0.000178114782,-0.000823513669,-0.0007003689262,-0.0002316250818,-0.000931994008,0.0002161981291,-5.822056252e-05,0.0001579775666,-0.0006474850435,0.0002588189728,-0.0003886660707,0.0005446672549,-2.633680071e-05,0.0005183304542,0.0001661457364,-1.139414049e-05,0.0001547515959,-0.0002925311872,7.742844857e-05,-0.0002151027386,-0.001966422371,-0.0007792499245,-0.002745672295,-0.001582836423,-0.0003247972222,-0.001907633645,-0.002395984483,-0.0008761789827,-0.003272163466,-0.000834561227,-0.0007946983765,-0.001629259604,-0.0007800637094,4.108695698e-05,-0.0007389767524,-0.001560836017,0.0002051834939,-0.001355652523,-0.0005944584344,-0.0002440131724,-0.0008384716068,-0.001972833947,-0.0001663483901,-0.002139182337,-0.0007744134994,0.0002548524634,-0.0005195610361,-0.0007912720632,9.480171511e-05,-0.0006964703481,-0.002713226321,0.0001905237913,-0.002522702529,-0.001870208277,5.409664868e-05,-0.001816111628,-0.003195017715,0.0006518580508,-0.002543159665,-0.002927630616,-0.0007570275802,-0.003684658196,-0.0009852680735,-8.720503396e-05,-0.001072473107,-0.004390585024,-0.0006306477328,-0.005021232757,-0.001380563475,-0.0002360037395,-0.001616567215,-0.001770547457,0.0001972737108,-0.001573273746,-0.00216692501,0.0002249928203,-0.00194193219,-0.001958989617,6.265476272e-05,-0.001896334854,-0.002775047,0.0001459953741,-0.002629051626,-0.002567582493,4.990164178e-05,-0.002517680852,-0.001640176339,0.00015979172,-0.001480384619,-0.003329482141,0.0002680111154,-0.003061471025,-0.002539410202,0.0003338529408,-0.002205557261
24.0,-0.001028459104,0.001151139039,0.0001226799355,-0.00081318675,-0.0001988269707,-0.001012013721,-0.002278465852,0.0002337002937,-0.002044765559,-0.000902934408,-9.41648885e-05,-0.0009970992965,-0.0006459641218,-0.0001879474633,-0.0008339115851,-0.000683796033,-0.0002268419813,-0.0009106380143,0.000213603785,-6.259643439e-05,0.0001510073506,-0.0006337400797,0.0002631011239,-0.0003706389558,0.0005571889816,-2.599534401e-05,0.0005311936376,0.0001563548842,-7.819255516e-06,0.0001485356287,-0.0002970625282,7.503040993e-05,-0.0002220321183,-0.001969972598,-0.0007789983542,-0.002748970953,-0.001605967829,-0.000319040294,-0.001925008123,-0.002400324004,-0.0008709334102,-0.003271257414,-0.0008787854276,-0.0007754370326,-0.00165422246,-0.0007946909491,4.102942894e-05,-0.0007536615202,-0.001581275497,0.0002020628981,-0.001379212599,-0.0006055046995,-0.0002460660441,-0.0008515707437,-0.001985959623,-0.0001686487779,-0.002154608401,-0.0007650882176,0.0002583438672,-0.0005067443504,-0.0007785181059,9.355286131e-05,-0.0006849652446,-0.002724974408,0.0001968628825,-0.002528111526,-0.001859091097,5.493020214e-05,-0.001804160894,-0.003188785428,0.0006588939556,-0.002529891473,-0.002959454792,-0.0007494686507,-0.003708923442,-0.0009973837254,-8.259553672e-05,-0.001079979262,-0.004433662012,-0.0006336979295,-0.005067359941,-0.001414577137,-0.0002298499873,-0.001644427125,-0.001797479186,0.0002000279491,-0.001597451237,-0.002211685229,0.0002336415982,-0.001978043631,-0.001954117122,5.939852598e-05,-0.001894718596,-0.002783880885,0.0001434319667,-0.002640448918,-0.002603773063,6.467951143e-05,-0.002539093551,-0.001660520578,0.0001644090923,-0.001496111485,-0.003356424752,0.0002658573719,-0.003090567381,-0.002576962463,0.0003335717629,-0.0022433907
24.1,-0.001033602087,0.00116301796,0.0001294158728,-0.0008158679844,-0.0001904523733,-0.001006320358,-0.002274986177,0.0002369977629,-0.002037988414,-0.000888248433,-9.411454339e-05,-0.0009823629764,-0.0006481167428,-0.0001972582448,-0.0008453749877,-0.0006684284831,-0.0002214202649,-0.000889848748,0.0002101983824,-6.662602566e-05,0.0001435723567,-0.000622359292,0.0002675611945,-0.0003547980975,0.0005683809958,-2.552226008e-05,0.0005428587357,0.0001446766727,-3.856033389e-06,0.0001408206394,-0.0003027614344,7.33476421e-05,-0.0002294137923,-0.001974920806,-0.0007783001867,-0.002753220993,-0.001630905495,-0.0003138168016,-0.001944722297,-0.002406349121,-0.0008654612581,-0.003271810379,-0.0009262336913,-0.0007549845151,-0.001681218206,-0.0008116592548,4.086404089e-05,-0.0007707952139,-0.001602736713,0.0001976210723,-0.00140511564,-0.0006210905001,-0.0002469753525,-0.0008680658526,-0.002002807711,-0.0001703875666,-0.002173195277,-0.0007581985352,0.0002619033439,-0.0004962951913,-0.0007671770048,9.24074114e-05,-0.0006747695934,-0.002738895353,0.0002037768095,-0.002535118543,-0.00184961246,5.630872567e-05,-0.001793303734,-0.003183602451,0.0006661706345,-0.002517431817,-0.002993529547,-0.0007424375726,-0.00373596712,-0.001010293387,-7.8205121e-05,-0.001088498508,-0.00447843704,-0.0006380998138,-0.005116536854,-0.00145130494,-0.0002232436677,-0.001674548608,-0.001826895872,0.0002035949062,-0.001623300966,-0.00225947599,0.0002429774807,-0.002016498509,-0.001950706226,5.594023933e-05,-0.001894765987,-0.002795499015,0.0001411595063,-0.002654339509,-0.002643574838,8.049840355e-05,-0.002563076434,-0.001684659906,0.0001690750566,-0.001515584849,-0.003387051139,0.0002632200424,-0.003123831096,-0.002618933582,0.000333051724,-0.002285881858
24.2,-0.00104040403,0.00117553839,0.0001351343602,-0.0008194763707,-0.0001818576938,-0.001001334065,-0.002273611206,0.0002412220981,-0.002032389108,-0.0008752323832,-9.366412121e-05,-0.0009688965044,-0.0006518502513,-0.0002060239835,-0.0008578742348,-0.0006543529741,-0.0002153745343,-0.0008697275084,0.0002060369016,-7.029708961e-05,0.000135739812,-0.0006133941634,0.0002722000767,-0.0003411940866,0.000578247262,-2.491796395e-05,0.0005533292981,0.0001312072875,5.001225538e-07,0.00013170741,-0.000309578984,7.241381286e-05,-0.0002371651711,-0.001981275222,-0.0007770976356,-0.002758372857,-0.001657585107,-0.0003090585372,-0.001966643644,-0.002414016906,-0.0008597756729,-0.003273792579,-0.0009764750311,-0.0007335418459,-0.001710016877,-0.0008308572108,4.062249449e-05,-0.0007902347163,-0.001625063664,0.0001919846277,-0.001433079037,-0.0006410485494,-0.0002467214229,-0.0008877699723,-0.002023360505,-0.0001714435124,-0.002194804018,-0.0007537569556,0.0002655202223,-0.0004882367334,-0.0007573088729,9.136539923e-05,-0.0006659434737,-0.00275493076,0.0002112407021,-0.002543690058,-0.001841871838,5.822595171e-05,-0.001783645886,-0.003179436855,0.0006736665921,-0.002505770263,-0.003029663627,-0.0007359843429,-0.00376564797,-0.001023831398,-7.404052292e-05,-0.001097871921,-0.004524756823,-0.0006436998705,-0.005168456693,-0.001490376501,-0.0002162459467,-0.001706622448,-0.001858576922,0.000207958379,-0.001650618543,-0.002309832008,0.0002529640249,-0.002056867983,-0.001948699312,5.228872922e-05,-0.001896410583,-0.002809700252,0.0001391992024,-0.00267050105,-0.002686635541,9.720279083e-05,-0.00258943275,-0.001712288443,0.0001737503846,-0.001538538058,-0.003421194119,0.0002601646233,-0.003161029496,-0.002664937201,0.0003322113243,-0.002332725877
24.3,-0.001048837593,0.001188640557,0.0001398029646,-0.0008240068478,-0.0001730889816,-0.0009970958294,-0.00227446735,0.0002463439972,-0.002028123353,-0.0008639639105,-9.281728416e-05,-0.0009567811947,-0.0006571253841,-0.0002142241197,-0.0008713495039,-0.0006416310541,-0.0002087233102,-0.0008503543643,0.0002012040884,-7.359896822e-05,0.0001276051201,-0.0006068705847,0.0002770167447,-0.00032985384,0.0005868307854,-2.418327417e-05,0.0005626475112,0.0001160812417,5.249565971e-06,0.0001213308077,-0.0003174341491,7.225706105e-05,-0.000245177088,-0.001989017094,-0.0007753459245,-0.002764363018,-0.00168592551,-0.0003046830393,-0.00199060855,-0.002423250273,-0.0008538876076,-0.00327713788,-0.001029028988,-0.0007113110128,-0.001740340001,-0.000852143799,4.034016219e-05,-0.0008118036368,-0.001648071051,0.0001852718523,-0.001462799199,-0.000665158125,-0.0002452947171,-0.0009104528421,-0.002047560422,-0.0001717008085,-0.00221926123,-0.0007517463922,0.0002691816367,-0.0004825647555,-0.0007489515899,9.042621426e-05,-0.0006585253756,-0.002772989202,0.0002192239522,-0.00255376525,-0.001835941395,6.067237926e-05,-0.001775269016,-0.003176243065,0.0006813563893,-0.002494886675,-0.003067636737,-0.0007301347016,-0.003797771438,-0.00103780958,-7.011082509e-05,-0.001107920405,-0.004572457902,-0.0006503169081,-0.00522277481,-0.001531379595,-0.0002089291349,-0.00174030873,-0.001892259716,0.0002130896375,-0.001679170078,-0.002362248583,0.000263557359,-0.002098691224,-0.001948011424,4.845961301e-05,-0.001899551811,-0.002826241468,0.0001375678383,-0.00268867363,-0.002732561027,0.0001146181109,-0.002617942916,-0.001743060741,0.0001783921468,-0.001564668594,-0.003458647288,0.0002567594146,-0.003201887873,-0.002714545841,0.0003309775445,-0.002383568296
24.4,-0.001058848826,0.001202260053,0.0001434112267,-0.0008294390743,-0.0001641937791,-0.0009936328534,-0.002277647502,0.0002523318012,-0.002025315701,-0.0008544977878,-9.157899477e-05,-0.0009460767826,-0.0006638689856,-0.0002218410002,-0.0008857099858,-0.0006302977459,-0.0002014891085,-0.0008317868544,0.0001958144758,-7.652279921e-05,0.0001192916766,-0.0006027882904,0.0002820079815,-0.0003207803089,0.0005942127153,-2.331969486e-05,0.0005708930205,9.946977377e-05,1.038803813e-05,0.0001098578119,-0.0003262147053,7.289928087e-05,-0.0002533154244,-0.001998099371,-0.0007730135994,-0.00277111297,-0.001715823131,-0.0003005975634,-0.002016420695,-0.002433937923,-0.000847807002,-0.003281744925,-0.001083372717,-0.0006884928607,-0.001771865577,-0.0008753492907,4.005542624e-05,-0.0008352938644,-0.00167154678,0.0001775931413,-0.001493953638,-0.0006931451316,-0.0002426963893,-0.0009358415209,-0.002075305936,-0.0001710528995,-0.002246358836,-0.0007521201572,0.000272872253,-0.0004792479042,-0.0007421201271,8.958839885e-05,-0.0006525317283,-0.002792946858,0.0002276899535,-0.002565256904,-0.001831866569,6.363505235e-05,-0.001768231517,-0.003173963529,0.0006892106426,-0.002484752887,-0.003107198792,-0.0007248906691,-0.003832089461,-0.001052017467,-6.642808115e-05,-0.001118445548,-0.004621361454,-0.0006577448628,-0.005279106317,-0.001573864037,-0.0002013745849,-0.001775238622,-0.001927643536,0.0002189478193,-0.001708695716,-0.00241618837,0.0002747060884,-0.002141482282,-0.001948531104,4.447565534e-05,-0.001904055449,-0.002844840401,0.0001362774039,-0.002708562997,-0.002780922478,0.0001325576313,-0.002648364846,-0.001776593688,0.0001829534842,-0.001593640204,-0.003499166062,0.0002530747087,-0.003246091353,-0.00276729757,0.0003292906817,-0.002438006888
24.5,-0.001070357748,0.001216328353,0.0001459706046,-0.0008357381548,-0.0001552205683,-0.0009909587231,-0.002283210379,0.0002591517563,-0.002024058622,-0.0008468655635,-8.995548863e-05,-0.0009368210521,-0.0006719764439,-0.0002288601349,-0.0009008365787,-0.0006203618902,-0.0001936984551,-0.0008140603453,0.0001900087255,-7.906166317e-05,0.0001109470624,-0.000601121308,0.000287168316,-0.000313952992,0.000600507058,-2.232970702e-05,0.000578177351,8.15753979e-05,1.590634673e-05,9.748174463e-05,-0.0003357818373,7.43554736e-05,-0.0002614263637,-0.00200844741,-0.0007700832345,-0.002778530644,-0.001747147522,-0.0002967039479,-0.00204385147,-0.002445937569,-0.0008415432151,-0.003287480784,-0.001138948832,-0.0006652866272,-0.00180423546,-0.0009002781442,3.980865817e-05,-0.000860469486,-0.001695257234,0.000169051846,-0.001526205388,-0.0007246866278,-0.000238938832,-0.0009636254598,-0.002106451195,-0.0001694063356,-0.00227585753,-0.000754803504,0.0002765741381,-0.0004782293659,-0.0007368077647,8.884945349e-05,-0.0006479583112,-0.002814650531,0.0002365958961,-0.002578054635,-0.001829668862,6.709745604e-05,-0.001762571406,-0.00317253178,0.0006971961888,-0.002475335592,-0.003148070401,-0.0007202337705,-0.003868304171,-0.001066225954,-6.300775721e-05,-0.001129233711,-0.004671269962,-0.0006657564696,-0.005337026432,-0.001617350263,-0.0001936705203,-0.001811020783,-0.001964397042,0.0002254808075,-0.001738916235,-0.002471091155,0.0002863513166,-0.002184739839,-0.001950123456,4.036679588e-05,-0.00190975666,-0.002865181352,0.0001353347907,-0.002729846561,-0.002831267284,0.0001508308837,-0.002680436401,-0.001812471051,0.0001873836245,-0.001625087426,-0.003542470919,0.0002491813304,-0.003293289589,-0.002822704792,0.0003271083439,-0.002495596448
24.6,-0.001083260535,0.001230773525,0.00014751299,-0.000842857174,-0.000146218074,-0.000989075248,-0.00229118154,0.0002667683149,-0.002024413225,-0.0008410766416,-8.795418394e-05,-0.0009290308256,-0.0006813170331,-0.000235270383,-0.0009165874161,-0.0006118081286,-0.0001853818247,-0.0007971899533,0.0001839471854,-8.121068994e-05,0.0001027364955,-0.000601819363,0.0002924901234,-0.0003093292396,0.0006058521701,-2.121705295e-05,0.0005846351171,6.26237525e-05,2.179016947e-05,8.441392197e-05,-0.0003459773859,7.663322804e-05,-0.0002693441579,-0.00201996163,-0.0007665525395,-0.002786514169,-0.001779739166,-0.0002929034882,-0.002072642654,-0.002459081642,-0.000835104964,-0.003294186606,-0.001195173555,-0.0006418913462,-0.001837064901,-0.0009267137409,3.96408381e-05,-0.0008870729028,-0.001718954183,0.0001597450152,-0.001559209168,-0.0007594192391,-0.000234045761,-0.0009934650002,-0.002140808792,-0.0001666845747,-0.002307493366,-0.0007596966732,0.0002802669154,-0.0004794297578,-0.0007329890401,8.820578388e-05,-0.0006447832562,-0.002837922743,0.0002458928389,-0.002592029904,-0.001829350101,7.103957707e-05,-0.001758310524,-0.003171876405,0.0007052763901,-0.002466600015,-0.003189945441,-0.0007161299046,-0.003906075346,-0.001080193695,-5.986900117e-05,-0.001140062696,-0.00472196578,-0.0006741087986,-0.005396074579,-0.001661341758,-0.0001859096369,-0.001847251395,-0.002002167881,0.0002326264942,-0.001769541387,-0.00252638523,0.0002984266883,-0.002227958542,-0.001952635076,3.616994654e-05,-0.00191646513,-0.002886923048,0.0001347416419,-0.002752181406,-0.002883133236,0.0001692535435,-0.002713879693,-0.001850250649,0.0001916283228,-0.001658622326,-0.003588252121,0.0002451483703,-0.003343103751,-0.002880265003,0.0003244093243,-0.002555855679
24.7,-0.001097432915,0.001245520991,0.0001480880757,-0.0008507410022,-0.0001372345618,-0.000987975564,-0.002301555693,0.0002751444193,-0.002026411274,-0.000837120473,-8.558357129e-05,-0.0009227040443,-0.0006917410302,-0.0002410640646,-0.0009328050947,-0.0006046001573,-0.0001765734789,-0.0007811736362,0.0001778020028,-8.296711545e-05,9.483488734e-05,-0.0006048100468,0.0002979638575,-0.0003068461892,0.0006104006753,-1.998697591e-05,0.0005904136994,4.285427695e-05,2.802004423e-05,7.087432118e-05,-0.0003566322844,7.973239456e-05,-0.0002768998898,-0.002032522118,-0.000762435078,-0.002794957196,-0.001813410522,-0.0002891009117,-0.002102511434,-0.002473184254,-0.0008285001247,-0.003301684378,-0.001251446065,-0.0006185075192,-0.001869953584,-0.0009544245261,3.959209189e-05,-0.0009148324342,-0.001742382432,0.0001497639747,-0.001592618458,-0.0007969500983,-0.0002280516737,-0.001025001772,-0.002178154527,-0.0001628315563,-0.002340986084,-0.000766679008,0.000283928172,-0.000482750836,-0.0007306238413,8.765277651e-05,-0.0006429710648,-0.002862568172,0.000255526151,-0.002607042021,-0.001830897191,7.543808944e-05,-0.001755459102,-0.003171925249,0.0007134114679,-0.002458513781,-0.003232496052,-0.0007125346651,-0.003945030717,-0.001093675062,-5.703482538e-05,-0.001150709887,-0.00477321094,-0.0006825513364,-0.005455762276,-0.001705339907,-0.0001781860677,-0.001883525974,-0.002040592804,0.0002403143317,-0.001800278473,-0.002581498877,0.0003108585046,-0.002270640373,-0.001955900064,3.192864757e-05,-0.001923971416,-0.002909707443,0.0001344942597,-0.002775213183,-0.002936064176,0.0001876572222,-0.002748406953,-0.001889473346,0.0001956306838,-0.001693842663,-0.003636175337,0.0002410406435,-0.003395134693,-0.002939472415,0.0003211969629,-0.002618275452
24.8,-0.00111273422,0.001260494285,0.000147760065,-0.0008593306671,-0.0001283172164,-0.0009876478836,-0.00231429975,0.0002842417632,-0.002030057987,-0.0008349694143,-8.285307047e-05,-0.0009178224848,-0.0007030872095,-0.0002462369558,-0.0009493241653,-0.0005986846817,-0.0001673112037,-0.0007659958854,0.0001717493698,-8.433027422e-05,8.741909557e-05,-0.0006100014169,0.000303578357,-0.0003064230599,0.0006143097756,-1.864644147e-05,0.0005956633341,2.251150169e-05,3.457152805e-05,5.708302975e-05,-0.0003675744557,8.364495227e-05,-0.0002839295034,-0.002045994623,-0.000757759579,-0.002803754202,-0.001847949935,-0.0002852072112,-0.002133157146,-0.002488048144,-0.0008217356655,-0.00330978381,-0.001307159427,-0.0005953372743,-0.001902496701,-0.0009831707781,3.970047525e-05,-0.0009434703028,-0.001765287839,0.0001391950657,-0.001626092773,-0.0008368685305,-0.0002210008385,-0.001057869369,-0.002218232821,-0.0001578148069,-0.002376047628,-0.0007756134285,0.0002875339536,-0.000488079475,-0.0007296617768,8.718486342e-05,-0.0006424769134,-0.002888380339,0.0002654362108,-0.002622944128,-0.00183428629,8.026664269e-05,-0.001754019647,-0.003172609111,0.0007215587668,-0.002451050344,-0.003275379471,-0.0007093983498,-0.00398477782,-0.001106428333,-5.453206865e-05,-0.001160960401,-0.004824747255,-0.0006908359555,-0.00551558321,-0.001748858872,-0.0001705919418,-0.001919450814,-0.00207930661,0.0002484672107,-0.001830839399,-0.002635870372,0.0003235659928,-0.002312304379,-0.001959745942,2.769262256e-05,-0.001932053319,-0.002933167914,0.0001345833849,-0.002798584529,-0.002989624514,0.000205897145,-0.00278372737,-0.001929672642,0.0001993322394,-0.001730340402,-0.003685887398,0.0002369164601,-0.003448970938,-0.002999828741,0.0003175007755,-0.002682327965
24.9,-0.001129011488,0.001275615854,0.0001466043663,-0.0008685675491,-0.0001195115174,-0.0009880790665,-0.002329355984,0.0002940210316,-0.002035334952,-0.0008345816768,-7.977283626e-05,-0.000914354513,-0.0007151891291,-0.0002507881481,-0.0009659772772,-0.0005939953161,-0.0001576360137,-0.0007516313298,0.0001659635825,-8.530155021e-05,8.066203229e-05,-0.0006172845593,0.0003093210846,-0.0003079634747,0.0006177340687,-1.720443012e-05,0.0006005296386,1.838804567e-06,4.141544617e-05,4.325425073e-05,-0.0003786343565,8.835500451e-05,-0.000290279352,-0.002060236672,-0.0007525674723,-0.002812804145,-0.00188312635,-0.0002811419136,-0.002164268263,-0.002503470439,-0.0008148178775,-0.003318288317,-0.001361711645,-0.0005725825113,-0.001934294156,-0.001012710963,4.000118513e-05,-0.0009727097775,-0.001787424995,0.0001281206854,-0.001659304309,-0.0008787565047,-0.000212946034,-0.001091702539,-0.002260761721,-0.0001516276706,-0.002412389391,-0.0007863505202,0.0002910592436,-0.0004952912766,-0.000730045913,8.679550463e-05,-0.0006432504084,-0.002915147392,0.0002755592302,-0.002639588162,-0.00183948545,8.549628937e-05,-0.001753989161,-0.003173864251,0.0007296729642,-0.002444191287,-0.003318245354,-0.000706670252,-0.004024915606,-0.001118222629,-5.239091682e-05,-0.001170613545,-0.004876295778,-0.0006987273252,-0.005575023103,-0.001791437525,-0.0001632143977,-0.001954651923,-0.002117948216,0.0002570037369,-0.001860944479,-0.002688954939,0.0003364618367,-0.002352493102,-0.001963998226,2.351721354e-05,-0.001940481013,-0.002956935507,0.0001349938104,-0.002821941697,-0.003043410258,0.0002238565941,-0.002819553664,-0.001970383576,0.000202674264,-0.001767709312,-0.003737021094,0.0002328260011,-0.003504195093,-0.003060851358,0.0003133755603,-0.002747475798
25.0,-0.001146103043,0.001290807978,0.0001447049355,-0.0008783965814,-0.0001108605203,-0.0009892571017,-0.002346644533,0.0003044420653,-0.002042202467,-0.0008359037119,-7.63535608e-05,-0.0009122572727,-0.0007278787232,-0.0002547198264,-0.0009825985495,-0.0005904556322,-0.0001475919174,-0.0007380475496,0.0001606143112,-8.588434126e-05,7.472996992e-05,-0.0006265356152,0.0003151781251,-0.0003113574901,0.0006208224273,-1.567235766e-05,0.0006051500696,-1.892404669e-05,4.851817237e-05,2.959412568e-05,-0.0003896469008,9.383884848e-05,-0.0002958080523,-0.002075102482,-0.0007469091591,-0.002822011641,-0.001918692513,-0.0002768353748,-0.002195527888,-0.002519246314,-0.0008077528066,-0.00332699912,-0.001414514683,-0.0005504415824,-0.001964956265,-0.001042806558,4.052617546e-05,-0.001002280382,-0.001808563122,0.0001166205211,-0.001691942601,-0.0009221959747,-0.0002039471621,-0.001126143137,-0.002305436527,-0.0001442903196,-0.002449726847,-0.0007987317066,0.000294478448,-0.0005042532585,-0.0007317152196,8.647717123e-05,-0.0006452380484,-0.002942656194,0.0002858281767,-0.002656828018,-0.001846455274,9.109605306e-05,-0.001755359221,-0.003175633396,0.000737706337,-0.002437927059,-0.00336074209,-0.0007043018726,-0.004065043963,-0.001128842001,-5.064401192e-05,-0.001179486013,-0.004927555315,-0.0007060122671,-0.005633567582,-0.001832646122,-0.000156133625,-0.001988779747,-0.002156162946,0.0002658407834,-0.001890322162,-0.002740227936,0.0003494531099,-0.002390774827,-0.001968482664,1.946262506e-05,-0.001949020039,-0.002980642539,0.0001357040346,-0.002844938504,-0.003097055107,0.0002414482456,-0.002855606862,-0.002011149831,0.0002055992647,-0.001805550566,-0.003789198254,0.000228810493,-0.003560387761,-0.00312207726,0.0003088979973,-0.002813179263
25.1,-0.001163841124,0.00130599376,0.0001421526364,-0.0008887677885,-0.0001024041322,-0.0009911719208,-0.002366064827,0.0003154638878,-0.00205060094,-0.0008388716169,-7.260636277e-05,-0.0009114779797,-0.0007409866758,-0.000258037079,-0.0009990237548,-0.0005879809406,-0.0001372257576,-0.0007252066981,0.0001558673025,-8.608407496e-05,6.978322756e-05,-0.0006376170372,0.0003211338838,-0.0003164831535,0.0006237187899,-1.406458746e-05,0.0006096542025,-3.953976489e-05,5.584193221e-05,1.630216732e-05,-0.000400450005,0.0001000651174,-0.0003003848875,-0.00209044589,-0.0007408398989,-0.002831285789,-0.001954385674,-0.0002722311193,-0.002226616793,-0.002535170288,-0.0008005466963,-0.003335716985,-0.001465000271,-0.0005291052506,-0.001994105522,-0.001073224656,4.130405876e-05,-0.001031920597,-0.001828489182,0.0001047729769,-0.001723716205,-0.0009667721386,-0.0001940698731,-0.001160842012,-0.002351931136,-0.0001358497768,-0.002487780913,-0.0008125913703,0.0002977658985,-0.0005148254718,-0.0007346055833,8.622142511e-05,-0.0006483841582,-0.002970694622,0.0002961737616,-0.00267452086,-0.001855148104,9.703351816e-05,-0.001758114586,-0.003177865397,0.0007456091875,-0.00243225621,-0.003402520951,-0.0007022491256,-0.004104770076,-0.001138085855,-4.932548003e-05,-0.001187411335,-0.004978200651,-0.0007125068226,-0.005690707473,-0.001872087262,-0.000149421873,-0.002021509135,-0.00219360175,0.0002748959203,-0.00191870583,-0.002789185206,0.0003624426132,-0.002426742592,-0.001973025093,1.55928765e-05,-0.001957432217,-0.003003923905,0.0001366862253,-0.00286723768,-0.003150231552,0.0002586131252,-0.002891618427,-0.002051528179,0.0002080522933,-0.001843475885,-0.003842031331,0.0002249023218,-0.00361712901,-0.003183061948,0.0003041611361,-0.002878900812
25.2,-0.00118205364,0.001321098049,0.0001390444086,-0.0008996361981,-9.417856295e-05,-0.000993814761,-0.002387496233,0.0003270446037,-0.00206045163,-0.0008434117312,-6.854279548e-05,-0.0009119545267,-0.0007543407078,-0.0002607478153,-0.001015088523,-0.000586479129,-0.0001265870449,-0.000713066174,0.0001518869667,-8.590826028e-05,6.597870644e-05,-0.0006503783092,0.0003271706268,-0.0003232076824,0.0006265646816,-1.239894569e-05,0.0006141657359,-5.977086714e-05,6.334512162e-05,3.574254475e-06,-0.000410881721,0.0001069949997,-0.0003038867213,-0.002106121384,-0.0007344161188,-0.002840537502,-0.001989926388,-0.000267288063,-0.002257214451,-0.002551035862,-0.0007932064775,-0.00334424234,-0.001512623234,-0.0005087523331,-0.002021375567,-0.001103738558,4.236016876e-05,-0.001061378389,-0.00184700889,9.265704396e-05,-0.001754351846,-0.001012073532,-0.0001833843672,-0.0011954579,-0.002399897343,-0.0001263795271,-0.002526276871,-0.0008277582142,0.0003008962669,-0.0005268619473,-0.0007386498764,8.601905652e-05,-0.0006526308199,-0.002999052784,0.0003065253503,-0.002692527434,-0.001865507061,0.0001032752907,-0.00176223177,-0.003180514285,0.0007533304445,-0.002427183841,-0.003443237729,-0.0007004741381,-0.004143711867,-0.001145766623,-4.84701999e-05,-0.001194236823,-0.005027881158,-0.0007180607084,-0.005745941867,-0.001909392986,-0.0001431430576,-0.002052536043,-0.002229919491,0.0002840892442,-0.001945830247,-0.00283534282,0.000375330352,-0.002460012468,-0.001977450051,1.197442872e-05,-0.001965475622,-0.003026417345,0.0001379065711,-0.002888510773,-0.003202647997,0.0002753178114,-0.002927330185,-0.002091090337,0.0002099817439,-0.001881108593,-0.003895124597,0.0002211259225,-0.003673998675,-0.00324337409,0.0002992674221,-0.002944106668
25.3,-0.001200565657,0.001336048205,0.0001354825472,-0.0009109609952,-8.621600759e-05,-0.0009971770028,-0.002410798781,0.0003391412602,-0.00207165752,-0.0008494411067,-6.41749119e-05,-0.0009136160186,-0.0007677639881,-0.0002628627665,-0.001030626755,-0.00058585141,-0.0001157277101,-0.0007015791201,0.0001488383732,-8.536653115e-05,6.347184202e-05,-0.0006646566614,0.0003332680916,-0.0003313885698,0.0006295006035,-1.06971661e-05,0.0006188034374,-7.937814858e-05,7.098260233e-05,-8.395546251e-06,-0.0004207784845,0.0001145824971,-0.0003061959874,-0.002121983982,-0.0007276928733,-0.002849676855,-0.00202501671,-0.0002619826882,-0.002286999399,-0.002566634857,-0.0007857405718,-0.003352375429,-0.001556864416,-0.0004895450538,-0.00204640947,-0.001134127324,4.371669594e-05,-0.001090410628,-0.001863947788,8.035486505e-05,-0.001783592923,-0.001057691452,-0.0001719644152,-0.001229655867,-0.002448964052,-0.000115978728,-0.002564942779,-0.0008440564344,0.0003038447829,-0.0005402116515,-0.0007437779378,8.586017999e-05,-0.0006579177578,-0.003027524235,0.0003168116531,-0.002710712582,-0.001877466243,0.0001097873027,-0.001767678941,-0.003183538633,0.0007608184026,-0.00242272023,-0.003482552775,-0.0006989469296,-0.004181499704,-0.001151706952,-4.811331075e-05,-0.001199820262,-0.005076219849,-0.0007225601386,-0.005798779987,-0.00194422126,-0.0001373525241,-0.002081573784,-0.002264774535,0.0002933444348,-0.0019714301,-0.002878238453,0.0003880148664,-0.002490223586,-0.001981579789,8.674626082e-06,-0.001972905163,-0.003047764217,0.0001393259217,-0.002908438295,-0.003254043395,0.0002915502191,-0.002962493176,-0.002129423333,0.0002113397731,-0.00191808356,-0.003948076176,0.0002174990705,-0.003730577105,-0.003302588453,0.000294320907,-0.003008267546
25.4,-0.001219201342,0.001350774726,0.0001315733839,-0.0009227050516,-7.854444908e-05,-0.001001249501,-0.002435814807,0.0003517097485,-0.002084105058,-0.0008568685445,-5.951531616e-05,-0.0009163838607,-0.0007810755073,-0.0002643955003,-0.001045471008,-0.000585993755,-0.0001047017876,-0.0006906955426,0.0001468868394,-8.447065704e-05,6.241618236e-05,-0.0006802782413,0.0003394033122,-0.000340874929,0.0006326645304,-8.985213811e-06,0.0006236793166,-9.812201844e-05,7.870595668e-05,-1.941606176e-05,-0.0004299760762,0.0001227746855,-0.0003072013907,-0.002137888824,-0.0007207230276,-0.002858611852,-0.002059339051,-0.0002563112486,-0.0023156503,-0.002581757691,-0.000778160167,-0.003359917858,-0.001597235215,-0.0004716241372,-0.002068859352,-0.001164175409,4.539286284e-05,-0.001118782546,-0.001879154183,6.795466315e-05,-0.00181119952,-0.001103221107,-0.0001598864817,-0.001263107589,-0.002498738758,-0.0001047703653,-0.002603509123,-0.0008613072976,0.0003065873209,-0.0005547199767,-0.0007499172578,8.573430467e-05,-0.0006641829532,-0.003055908119,0.0003269612786,-0.00272894684,-0.001890952746,0.000116535056,-0.00177441769,-0.003186901877,0.0007680215666,-0.00241888031,-0.003520131213,-0.0006976465803,-0.004217777793,-0.001155738493,-4.828973332e-05,-0.001204028227,-0.005122812761,-0.0007259304669,-0.005848743228,-0.001976254739,-0.000132096553,-0.002108351292,-0.002297830965,0.0003025892755,-0.00199524169,-0.002917435533,0.0004003944319,-0.002517041101,-0.001985235035,5.760177846e-06,-0.001979474858,-0.003067612008,0.0001409006347,-0.002926711373,-0.003304181033,0.0003073144449,-0.002996866588,-0.00216612992,0.0002120827368,-0.001954047183,-0.004000481887,0.0002140344592,-0.003786447428,-0.00336027966,0.0002894189194,-0.003070860741
25.5,-0.001237786746,0.00136521172,0.0001274249739,-0.000934835559,-7.118746292e-05,-0.001006023022,-0.002462371887,0.0003647047465,-0.002097667141,-0.0008655965412,-5.457719963e-05,-0.0009201737409,-0.0007940930847,-0.0002653624049,-0.00105945549,-0.0005867993612,-9.356509111e-05,-0.0006803644523,0.0001461946702,-8.323452418e-05,6.296014601e-05,-0.0006970599471,0.0003455506879,-0.0003515092591,0.0006361873634,-7.293428048e-06,0.0006288939353,-0.0001157668889,8.64637644e-05,-2.930312448e-05,-0.0004383135226,0.0001315120141,-0.0003068015085,-0.002153690986,-0.0007135582404,-0.002867249227,-0.002092556591,-0.0002502918015,-0.002342848392,-0.002596195191,-0.0007704806843,-0.003366675875,-0.00163328461,-0.0004551041102,-0.002088388721,-0.001193673107,4.74050707e-05,-0.001146268036,-0.001892503971,5.555316218e-05,-0.001836950809,-0.001148265632,-0.0001472288677,-0.001295494499,-0.002548812512,-9.289788335e-05,-0.002641710396,-0.0008793314881,0.0003091005559,-0.0005702309322,-0.0007569947599,8.563050663e-05,-0.0006713642533,-0.00308401266,0.000336903382,-0.002747109278,-0.001905890392,0.0001234838836,-0.001782406509,-0.003190573707,0.0007748895507,-0.002415684157,-0.00355564486,-0.0006965614159,-0.004252206276,-0.001157703182,-4.903360827e-05,-0.00120673679,-0.005167229459,-0.0007281393733,-0.005895368833,-0.002005203038,-0.0001274115299,-0.002132614568,-0.002328763535,0.0003117559311,-0.002017007604,-0.002952529993,0.0004123683314,-0.002540161661,-0.001988237865,3.295768433e-06,-0.001984942097,-0.003085619011,0.0001425835817,-0.002943035429,-0.003352843454,0.0003226256978,-0.003030217756,-0.00220082993,0.0002121717763,-0.001988658154,-0.004051941247,0.00021074181,-0.003841199437,-0.003416018368,0.0002846435801,-0.003131374788
25.6,-0.001256153403,0.001379297134,0.0001231437308,-0.0009473258713,-6.416402962e-05,-0.001011489901,-0.002490286991,0.0003780796727,-0.002112207318,-0.0008755241323,-4.937439189e-05,-0.0009248985241,-0.0008066386588,-0.0002657826356,-0.001072421294,-0.0005881621006,-8.237488043e-05,-0.000670536981,0.0001469156511,-8.16740841e-05,6.524156702e-05,-0.0007148119327,0.0003516822748,-0.0003631296579,0.0006401862642,-5.656421655e-06,0.0006345298425,-0.0001320877501,9.420200701e-05,-3.788574307e-05,-0.0004456391869,0.0001407287397,-0.0003049104473,-0.002169246156,-0.0007062510134,-0.00287549717,-0.002124315812,-0.0002439656439,-0.002368281456,-0.00260974218,-0.0007627227346,-0.003372464914,-0.00166460807,-0.0004400697341,-0.002104677804,-0.001222418034,4.976690251e-05,-0.001172651131,-0.001903906297,4.325725939e-05,-0.001860649037,-0.001192442857,-0.0001340708548,-0.001326513712,-0.002598767957,-8.052048131e-05,-0.002679288438,-0.0008979522054,0.0003113622875,-0.0005865899179,-0.0007649395616,8.553775347e-05,-0.0006794018082,-0.003111659752,0.0003465685131,-0.002765091239,-0.001922204486,0.0001305992197,-0.001791605266,-0.003194532159,0.0007813739326,-0.002413158226,-0.003588776337,-0.0006956880672,-0.004284464404,-0.001157456899,-5.037772348e-05,-0.001207834622,-0.005209016262,-0.0007292000227,-0.005938216285,-0.002030808025,-0.0001233230782,-0.002154131103,-0.0023572645,0.0003207810614,-0.002036483439,-0.002983158328,0.0004238381975,-0.00255932013,-0.001990416153,1.34265921e-06,-0.001989073494,-0.003101460666,0.000144325167,-0.002957135499,-0.003399829903,0.0003375061188,-0.003062323784,-0.002233162857,0.0002115734727,-0.002021589384,-0.004102065071,0.0002076306705,-0.0038944344,-0.00346937074,0.000280054406,-0.003189316334
25.7,-0.001274142519,0.001392972756,0.000118830237,-0.0009601581811,-5.748842463e-05,-0.001017646606,-0.002519371515,0.000391786653,-0.002127584862,-0.0008865503866,-4.39214169e-05,-0.0009304718035,-0.000818544883,-0.0002656780053,-0.001084222888,-0.0005899806404,-7.118946921e-05,-0.0006611701096,0.0001491884581,-7.980724747e-05,6.938121067e-05,-0.0007333406438,0.0003577682673,-0.0003755723766,0.0006447573654,-4.112733383e-06,0.000640644632,-0.0001468775269,0.0001018646477,-4.501287915e-05,-0.0004518177499,0.000150353555,-0.0003014641949,-0.002184413104,-0.0006988564972,-0.002883269601,-0.002154251389,-0.0002373976843,-0.002391649073,-0.002622202754,-0.000754911973,-0.003377114727,-0.001690856717,-0.0004265743281,-0.002117431045,-0.001250217498,5.248898665e-05,-0.001197728512,-0.001913309174,3.118564151e-05,-0.001882123532,-0.001235393917,-0.0001204917755,-0.001355885692,-0.002648189151,-6.780769666e-05,-0.002715996848,-0.0009169986247,0.000313351822,-0.0006036468028,-0.0007736862097,8.544525875e-05,-0.0006882409509,-0.003138689809,0.0003558895174,-0.002782800291,-0.001939826643,0.0001378468443,-0.001801979798,-0.003198765791,0.0007874289726,-0.002411336819,-0.003619224837,-0.0006950295646,-0.004314254401,-0.001154874871,-5.235289424e-05,-0.001207227765,-0.005247703722,-0.000729172706,-0.005976876428,-0.002052850579,-0.0001198454307,-0.00217269601,-0.002383050891,0.0003296057441,-0.002053445147,-0.003009005218,0.0004347092061,-0.002574296012,-0.001991608471,-4.292471576e-08,-0.001991651396,-0.003114836383,0.0001460741484,-0.002968762234,-0.003444955568,0.0003519810657,-0.003092974502,-0.002262791674,0.0002102606891,-0.002052530985,-0.004150483283,0.0002047135192,-0.003945769763,-0.00351990159,0.0002756836616,-0.003244217929
25.8,-0.001291609387,0.001406184117,0.0001145747307,-0.0009733264206,-5.117018446e-05,-0.001024496605,-0.002549436619,0.0004057765311,-0.002143660088,-0.000898578132,-3.823351318e-05,-0.0009368116452,-0.0008296616878,-0.0002650727803,-0.001094734468,-0.0005921627053,-6.006776003e-05,-0.0006522304653,0.0001531304215,-7.765372169e-05,7.547669978e-05,-0.0007524521071,0.0003637775953,-0.0003886745118,0.0006499696638,-2.704313217e-06,0.0006472653505,-0.0001599535576,0.0001093943354,-5.055922219e-05,-0.0004567364557,0.0001603103714,-0.0002964260843,-0.002199058014,-0.000691433163,-0.002890491177,-0.002181993308,-0.0002306752667,-0.002412668575,-0.002633396576,-0.000747077887,-0.003380474463,-0.001711745045,-0.0004146400222,-0.002126385067,-0.001276891321,5.557882718e-05,-0.001221312494,-0.001920703984,1.947045183e-05,-0.001901233532,-0.001276792161,-0.0001065698623,-0.001383362024,-0.002696671576,-5.493398315e-05,-0.002751605559,-0.0009363091686,0.000315050254,-0.0006212589146,-0.0007831777098,8.534272062e-05,-0.0006978349892,-0.003164965898,0.0003648023172,-0.002800163581,-0.001958698718,0.0001451931333,-0.001813505584,-0.003203275338,0.0007930121804,-0.002410263158,-0.003646712565,-0.0006945928613,-0.004341305426,-0.001149857731,-5.498705589e-05,-0.001204844787,-0.005282818624,-0.0007281635675,-0.006010982191,-0.002071156873,-0.0001169810372,-0.00218813791,-0.00240587039,0.0003381752234,-0.002067695166,-0.00302980902,0.000444890971,-0.002584918049,-0.001991668238,-8.116168529e-07,-0.001992479855,-0.003125475502,0.0001477781939,-0.002977697308,-0.0034880508,0.000366074907,-0.003121975893,-0.002289407728,0.00020821385,-0.002081193878,-0.004196851147,0.0002020082447,-0.003994842903,-0.00356718054,0.0002715354717,-0.003295645069
25.9,-0.001308427507,0.001418880481,0.0001104529739,-0.0009868386537,-4.52140914e-05,-0.001032052745,-0.002580298141,0.0004199989188,-0.002160299223,-0.0009115173375,-3.23266194e-05,-0.0009438439569,-0.0008398613407,-0.0002639933777,-0.001103854718,-0.0005946287968,-4.906876722e-05,-0.000643697564,0.0001588331185,-7.523484132e-05,8.359827723e-05,-0.0007719550975,0.0003696785119,-0.0004022765856,0.0006558618155,-1.475947436e-06,0.000654385868,-0.0001711616498,0.0001167331475,-5.442850232e-05,-0.0004603090633,0.0001705191668,-0.0002897898966,-0.002213059167,-0.0006840425359,-0.002897101703,-0.002207175558,-0.0002239051025,-0.00243108066,-0.00264316497,-0.0007392520525,-0.003382417023,-0.001727056087,-0.0004042593289,-0.002131315416,-0.001302274303,5.90405859e-05,-0.001243233717,-0.001926127083,8.25778464e-06,-0.001917869299,-0.00131635044,-9.238081727e-05,-0.001408731257,-0.002743830826,-4.207374231e-05,-0.002785904568,-0.0009557341225,0.0003164406353,-0.0006392934873,-0.0007933677411,8.522045593e-05,-0.0007081472852,-0.00319037639,0.0003732465936,-0.002817129797,-0.001978775098,0.0001526053897,-0.001826169708,-0.003208074318,0.0007980847676,-0.002409989551,-0.003670990842,-0.0006943863305,-0.004365377173,-0.001142336698,-5.830385834e-05,-0.001200640556,-0.005313899141,-0.0007263198737,-0.006040219014,-0.002085602281,-0.0001147202552,-0.002200322536,-0.002425504311,0.0003464385448,-0.002079065767,-0.003045363887,0.000454298099,-0.002591065788,-0.001990466223,-9.227313496e-07,-0.001991388954,-0.003133141462,0.0001493843931,-0.002983757069,-0.00352895924,0.0003798063886,-0.003149152852,-0.002312735833,0.0002054224648,-0.002107313369,-0.004240852669,0.0001995390651,-0.004041313604,-0.003610789848,0.0002675887092,-0.003343201139
26.0,-0.001324491729,0.001431014902,0.000106523173,-0.001000718272,-3.962019731e-05,-0.00104033847,-0.002611780442,0.0004344022307,-0.002177378212,-0.0009252876052,-2.621739058e-05,-0.0009515049958,-0.0008490409065,-0.000262468031,-0.001111508938,-0.0005973147756,-3.825119852e-05,-0.0006355659742,0.0001663607356,-7.257345607e-05,9.378727957e-05,-0.0007916638537,0.0003754390536,-0.0004162248001,0.0006624425848,-4.746798755e-07,0.0006619679049,-0.0001803770396,0.0001238233316,-5.655370801e-05,-0.0004624768116,0.0001808968524,-0.0002815799592,-0.002226310303,-0.0006767485298,-0.002903058832,-0.002229445326,-0.0002172083718,-0.002446653698,-0.00265137564,-0.0007314665277,-0.003382842168,-0.001736643993,-0.0003953972152,-0.002132041208,-0.001326217488,6.287466054e-05,-0.001263342827,-0.001929657259,-2.294257807e-06,-0.001931951517,-0.001353825129,-7.799626441e-05,-0.001431821394,-0.002789309032,-2.939674408e-05,-0.002818705776,-0.0009751373862,0.000317508128,-0.0006576292583,-0.0008042217436,8.506955603e-05,-0.0007191521876,-0.003214835932,0.0003811665084,-0.002833669423,-0.002000023261,0.0001600522615,-0.001839970999,-0.003213188442,0.0008026120293,-0.002410576413,-0.003691844939,-0.0006944177452,-0.004386262685,-0.001132276339,-6.232086297e-05,-0.001194597202,-0.005340510638,-0.0007238222698,-0.006064332907,-0.002096111737,-0.0001130410312,-0.002209152768,-0.002441767572,0.0003543481478,-0.002087419424,-0.003055518349,0.0004628503502,-0.002592667999,-0.00198789112,-3.459453495e-07,-0.001988237065,-0.003137633991,0.0001508400344,-0.002986793956,-0.003567534989,0.0003931846539,-0.003174350336,-0.00233253837,0.0002018861763,-0.002130652193,-0.004282201103,0.0001973356793,-0.004084865423,-0.003650332803,0.0002638029521,-0.003386529851
26.1,-0.001339720081,0.001442544293,0.0001028242124,-0.001015003751,-3.438398435e-05,-0.001049387736,-0.002643718985,0.0004489336604,-0.002194785324,-0.0009398196092,-1.99232967e-05,-0.0009597429059,-0.0008571221921,-0.0002605264966,-0.001117648689,-0.0006001731817,-2.76730985e-05,-0.0006278462802,0.0001757508073,-6.969389023e-05,0.0001060569171,-0.0008114002542,0.0003810273421,-0.0004303729121,0.0006696939543,2.507738532e-07,0.0006699447282,-0.0001875031339,0.000130608039,-5.689509488e-05,-0.0004632072435,0.0001913581708,-0.0002718490726,-0.0022387227,-0.0006696163552,-0.002908339055,-0.002248471842,-0.0002107144685,-0.002459186311,-0.002657925465,-0.0007237530121,-0.003381678477,-0.001740435186,-0.000387993034,-0.00212842822,-0.001348587967,6.707703276e-05,-0.001281510935,-0.001931409568,-1.20200346e-05,-0.001943429602,-0.001389016788,-6.348245405e-05,-0.001452499242,-0.002832779059,-1.706368454e-05,-0.002849842743,-0.0009943974905,0.0003182401699,-0.0006761573205,-0.0008157170512,8.488211339e-05,-0.0007308349379,-0.00323828521,0.000388511483,-0.002849773727,-0.002022423342,0.0001675041378,-0.001854919204,-0.003218654227,0.0008065636882,-0.002412090539,-0.003709097155,-0.0006946929435,-0.004403790099,-0.001119674523,-6.704774676e-05,-0.00118672227,-0.005362259817,-0.000720875125,-0.006083134942,-0.00210265702,-0.0001119087352,-0.002214565756,-0.002454507358,0.0003618594994,-0.002092647858,-0.00306017175,0.0004704723735,-0.002589699377,-0.001983848829,9.372126527e-07,-0.001982911617,-0.003138789948,0.0001520936764,-0.002986696272,-0.003603639496,0.0004062068332,-0.003197432663,-0.002348617922,0.0001976148537,-0.002151003068,-0.004320637748,0.0001954312337,-0.004125206514,-0.003685442495,0.0002601264364,-0.003425316058
26.2,-0.001354054575,0.001453429417,9.937484217e-05,-0.001029747423,-2.949670715e-05,-0.00105924413,-0.002675962104,0.0004635391456,-0.002212422958,-0.0009550558711,-1.346276611e-05,-0.0009685186372,-0.0008640506084,-0.0002581998121,-0.00112225042,-0.0006031737708,-1.73914954e-05,-0.0006205652662,0.00018701563,-6.662192522e-05,0.0001203937048,-0.0008309956646,0.0003864117918,-0.0004445838728,0.0006775746475,6.506296104e-07,0.0006782252771,-0.0001924700509,0.0001370320147,-5.543803619e-05,-0.0004624927997,0.0002018166258,-0.000260676174,-0.002250227515,-0.0006627107532,-0.002912938268,-0.002263954704,-0.0002045541964,-0.002468508901,-0.002662741937,-0.0007161430239,-0.003378884961,-0.001738429745,-0.000381962166,-0.002120391911,-0.001369268108,7.16386917e-05,-0.001297629416,-0.001931527533,-2.075236845e-05,-0.001952279902,-0.001421769147,-4.889955459e-05,-0.001470668702,-0.002873947546,-5.222037597e-06,-0.002879169584,-0.001013408268,0.0003186265621,-0.0006947817055,-0.0008278426418,8.465142984e-05,-0.0007431912119,-0.003260690345,0.0003952368632,-0.002865453482,-0.002045967779,0.0001749334156,-0.001871034364,-0.003224517626,0.0008099142199,-0.002414603406,-0.003722608691,-0.0006952150816,-0.004417823772,-0.001104560802,-7.248493129e-05,-0.001177045733,-0.005378806713,-0.0007176959723,-0.006096502685,-0.002105252946,-0.0001112764647,-0.002216529411,-0.002463602745,0.0003689308755,-0.00209467187,-0.003059270851,0.0004770931178,-0.002582177733,-0.001978261868,2.932205796e-06,-0.001975329662,-0.003136483794,0.0001530962048,-0.002983387589,-0.003637139003,0.0004188572286,-0.003218281774,-0.002360819243,0.0001926280648,-0.002168191178,-0.004355930762,0.0001938599321,-0.004162070829,-0.00371579144,0.0002565048551,-0.003459286584
26.3,-0.001367461699,0.001463634868,9.617316958e-05,-0.00104501414,-2.494584028e-05,-0.00106995998,-0.002708372679,0.0004781634336,-0.002230209246,-0.0009709515038,-6.855281931e-06,-0.0009778067857,-0.0008697947094,-0.0002555200397,-0.001125314749,-0.0006063039795,-7.462001457e-06,-0.000613765981,0.0002001425304,-6.338475015e-05,0.0001367577802,-0.0008502927758,0.000391561313,-0.0004587314629,0.0006860220816,6.746398066e-07,0.0006866967214,-0.0001952347238,0.0001430421821,-5.219254171e-05,-0.0004603508263,0.0002121854047,-0.0002481654217,-0.002260779678,-0.0006560936811,-0.002916873359,-0.002275631878,-0.0001988535027,-0.002474485381,-0.002665784502,-0.0007086686951,-0.003374453198,-0.001730703791,-0.0003771977514,-0.002107901542,-0.001388155659,7.654558433e-05,-0.001311610075,-0.001930175623,-2.832879627e-05,-0.001958504419,-0.001451968531,-3.430164185e-05,-0.001486270173,-0.002912558116,5.997322854e-06,-0.002906560794,-0.00103207963,0.0003186594345,-0.0007134201959,-0.0008405991663,8.43721316e-05,-0.0007562270347,-0.003282042664,0.0004013043211,-0.002880738343,-0.002070661737,0.0001823146455,-0.001888347091,-0.003230833365,0.0008126431835,-0.002418190181,-0.003732281491,-0.0006959842902,-0.004428265781,-0.001086995115,-7.862282598e-05,-0.001165617941,-0.005389875473,-0.0007145047529,-0.006104380226,-0.002103954736,-0.0001110858609,-0.002215040597,-0.002468966693,0.0003755234253,-0.002093443268,-0.0030528083,0.0004826451914,-0.002570163109,-0.001971070166,5.630814248e-06,-0.001965439352,-0.003130628577,0.0001538016055,-0.002976826971,-0.003667903127,0.0004311073099,-0.003236795817,-0.002369031663,0.0001869545214,-0.002182077142,-0.004387875326,0.0001926547866,-0.00419522054,-0.003741102225,0.0002528897814,-0.003488212443
26.4,-0.001379933156,0.001473129145,9.319598982e-05,-0.001060880551,-2.071548104e-05,-0.001081596032,-0.002740830149,0.0004927503172,-0.002248079832,-0.0009874753279,-1.21384459e-07,-0.0009875967123,-0.0008743473345,-0.0002525199472,-0.001126867282,-0.0006095697909,2.061642393e-06,-0.0006075081485,0.0002150922034,-6.001086301e-05,0.0001550813404,-0.0008691476283,0.0003964455521,-0.0004727020762,0.0006949520582,2.726952044e-07,0.0006952247534,-0.0001957831093,0.0001485881117,-4.719499757e-05,-0.0004568255002,0.0002223782685,-0.0002344472317,-0.002270363331,-0.0006498219914,-0.002920185322,-0.00228328739,-0.0001937285872,-0.002477015977,-0.002667046714,-0.0007013634626,-0.003368410177,-0.001717412256,-0.0003735730814,-0.002090985338,-0.001405165653,8.177929109e-05,-0.001323386362,-0.001927532782,-3.459743025e-05,-0.001962130212,-0.001479544757,-1.973725218e-05,-0.001499282009,-0.002948395484,1.648250726e-05,-0.002931912976,-0.001050338782,0.0003183332163,-0.000732005566,-0.0008539997012,8.40402616e-05,-0.0007699594396,-0.003302359287,0.0004066820551,-0.002895677232,-0.002096524388,0.000189624644,-0.001906899744,-0.003237665258,0.0008147355569,-0.002422929701,-0.003738060831,-0.0006969974725,-0.004435058304,-0.001067067961,-8.544161993e-05,-0.001152509581,-0.005395264317,-0.0007115140178,-0.006106778335,-0.002098857612,-0.0001112681608,-0.002210125772,-0.002470550427,0.0003816015522,-0.002088948875,-0.00304082334,0.0004870644907,-0.002553758849,-0.001962233626,9.010965984e-06,-0.00195322266,-0.0031211779,0.0001541674667,-0.002967010433,-0.003695804925,0.0004429157164,-0.003252889209,-0.002373192282,0.0001806314884,-0.002192560793,-0.004416295452,0.0001918453784,-0.004224450074,-0.003761158246,0.0002492455458,-0.003511912701
26.5,-0.001391487023,0.001481884887,9.039786398e-05,-0.001077435189,-1.678660373e-05,-0.001094221793,-0.002773232853,0.0005072430171,-0.002265989836,-0.001004611376,6.717388679e-06,-0.0009978939874,-0.0008777281952,-0.0002492326399,-0.001126960835,-0.0006129970613,1.112807797e-05,-0.0006018689834,0.000231795511,-5.652992555e-05,0.0001752655854,-0.0008874318274,0.000401035186,-0.0004863966413,0.0007042567301,-6.045302451e-07,0.0007036521999,-0.0001941338769,0.0001536224555,-4.051142145e-05,-0.0004519910988,0.0002323104569,-0.0002196806419,-0.002278997426,-0.0006439458983,-0.002922943324,-0.002286758568,-0.0001892824412,-0.002476041009,-0.002666559051,-0.0006942622789,-0.00336082133,-0.001698790613,-0.0003709449202,-0.002069735533,-0.001420234002,8.731825397e-05,-0.001332915748,-0.001923786498,-3.942277619e-05,-0.001963209275,-0.001504473367,-5.250214261e-06,-0.001509723581,-0.002981290496,2.614214088e-05,-0.002955148356,-0.00106813189,0.0003176447939,-0.0007504870963,-0.0008680712337,8.365347342e-05,-0.0007844177603,-0.003321684438,0.0004113449463,-0.002910339491,-0.002123590588,0.0001968426276,-0.001926747961,-0.003245087171,0.0008161820007,-0.00242890517,-0.003739938577,-0.0006982479323,-0.004438186509,-0.001044902043,-9.291142604e-05,-0.001137813469,-0.005394853792,-0.0007089215566,-0.006103775348,-0.002090098171,-0.0001117453285,-0.0022018435,-0.002468349129,0.0003871334754,-0.002081215654,-0.003023404047,0.0004902903134,-0.002533113734,-0.001951735839,1.303696405e-05,-0.001938698874,-0.003108128675,0.0001541553904,-0.002953973285,-0.003720722956,0.0004542283839,-0.003266494572,-0.002373289472,0.0001737037867,-0.002199585685,-0.004441046802,0.0001914553352,-0.004249591467,-0.003775813023,0.0002455539255,-0.003530259097
26.6,-0.001402169069,0.001489879224,8.771015512e-05,-0.001094779071,-1.313719623e-05,-0.001107916267,-0.002805500383,0.000521584645,-0.002283915738,-0.001022360498,1.363857836e-05,-0.001008721919,-0.0008799870015,-0.0002456911855,-0.001125678187,-0.0006166330321,1.968890813e-05,-0.000596944124,0.0002501498952,-5.297255992e-05,0.0001971773352,-0.0009050347769,0.0004053022827,-0.0004997324942,0.0007138021927,-2.004836431e-06,0.0007117973563,-0.0001903422438,0.0001581014427,-3.224080107e-05,-0.0004459553754,0.000241899693,-0.0002040556825,-0.002286739899,-0.0006385087772,-0.002925248676,-0.002285942513,-0.0001856023774,-0.00247154489,-0.002664391433,-0.0006874015033,-0.003351792936,-0.001675154541,-0.0003691573278,-0.002044311869,-0.001433321942,9.313924899e-05,-0.001340182693,-0.001919126589,-4.269199116e-05,-0.00196181858,-0.001526778428,9.119548352e-06,-0.00151765888,-0.003011125223,3.490608295e-05,-0.00297621914,-0.001085425884,0.0003165938717,-0.0007688320122,-0.0008828564047,8.321132245e-05,-0.0007996450822,-0.003340090838,0.0004152746991,-0.002924816139,-0.00215191214,0.000203950371,-0.001947961769,-0.003253183963,0.000816978921,-0.002436205042,-0.003737956297,-0.0006997249189,-0.004437681215,-0.001020654523,-0.000100992618,-0.001121647141,-0.005388612414,-0.0007069058982,-0.006095518312,-0.002077856434,-0.0001124313034,-0.002190287737,-0.002462407172,0.000392091778,-0.002070315394,-0.003000689891,0.0004922661206,-0.002508423771,-0.001939587752,1.765990074e-05,-0.001921927851,-0.003091523902,0.0001537314645,-0.002937792438,-0.003742545562,0.0004649797486,-0.003277565813,-0.002369365986,0.0001662225571,-0.002203143429,-0.004462019734,0.0001914998242,-0.00427051991,-0.003784996824,0.0002418167627,-0.003543180061
26.7,-0.001412053679,0.001497094149,8.504046965e-05,-0.001113026193,-9.742374337e-06,-0.001122768567,-0.002837575441,0.0005357187127,-0.002301856728,-0.001040741614,2.061890383e-05,-0.00102012271,-0.0008812058051,-0.0002419282379,-0.001123134043,-0.0006205474913,2.769932942e-05,-0.0005928481618,0.0002700169451,-4.937007104e-05,0.000220646874,-0.0009218655967,0.0004092207022,-0.0005126448945,0.0007234275533,-3.973673399e-06,0.0007194538799,-0.0001845022343,0.000161985437,-2.251679732e-05,-0.0004388614215,0.0002510673027,-0.0001877941188,-0.00229368943,-0.0006335480559,-0.002927237486,-0.00228080095,-0.0001827583063,-0.002463559256,-0.002660654329,-0.0006808187421,-0.003341473071,-0.001646897361,-0.0003680450956,-0.002014942457,-0.001444420127,9.921883752e-05,-0.001345201289,-0.001913738495,-4.432127511e-05,-0.00195805977,-0.001546534645,2.333545824e-05,-0.001523199187,-0.003037836292,4.272506798e-05,-0.002995111224,-0.001102209765,0.0003151833523,-0.0007870264129,-0.0008984146953,8.271550972e-05,-0.0008156991856,-0.003357680223,0.0004184598663,-0.002939220356,-0.002181557716,0.000210932402,-0.001970625314,-0.003262051562,0.0008171282813,-0.002444923281,-0.00373220701,-0.000701413738,-0.004433620748,-0.0009945185344,-0.0001096362932,-0.001104154828,-0.00537659933,-0.0007056238947,-0.006082223225,-0.002062357385,-0.0001132334293,-0.002175590814,-0.002452820914,0.0003964537917,-0.002056367123,-0.002972873117,0.0004929410647,-0.002479932052,-0.001925829886,2.281808235e-05,-0.001903011804,-0.003071454263,0.0001528668288,-0.002918587435,-0.003761176853,0.0004750958178,-0.003286081035,-0.002361520883,0.0001582444693,-0.002203276414,-0.004479141674,0.0001919836981,-0.004287157976,-0.003788719732,0.0002380570667,-0.003550662665
26.8,-0.001421243687,0.001503516829,8.227314176e-05,-0.001132303273,-6.574498058e-06,-0.001138877771,-0.002869424608,0.0005495896759,-0.002319834932,-0.001059792087,2.763442409e-05,-0.001032157662,-0.0008814990919,-0.00023797565,-0.001119474742,-0.0006248328954,3.511875302e-05,-0.0005897141424,0.000291222705,-4.575411302e-05,0.0002454685919,-0.0009378542959,0.000412766437,-0.0005250878589,0.0007329474119,-6.553336058e-06,0.0007263940758,-0.0001767456324,0.0001652394685,-1.150616388e-05,-0.0004308863401,0.0002597393726,-0.0001711469675,-0.002299984285,-0.000629096422,-0.002929080707,-0.002271362083,-0.0001808019596,-0.002452164043,-0.002655497561,-0.0006745525493,-0.00333005011,-0.001614484962,-0.0003674363953,-0.001981921358,-0.0014535511,0.0001055345637,-0.001348016537,-0.001907796249,-4.426156137e-05,-0.001952057811,-0.001563867108,3.736404205e-05,-0.001526503066,-0.003061414725,4.95691554e-05,-0.00301184557,-0.001118494767,0.0003134195673,-0.0008050752,-0.0009148222126,8.216997845e-05,-0.0008326522342,-0.003374582055,0.0004208957602,-0.002953686295,-0.002212610628,0.000217776278,-0.00199483435,-0.003271795451,0.000816637247,-0.002455158204,-0.003722834529,-0.0007032969609,-0.00442613149,-0.000966722455,-0.000118784832,-0.001085507287,-0.005358963646,-0.0007052096476,-0.006064173293,-0.002043870305,-0.0001140542319,-0.002157924537,-0.002439737332,0.000400201781,-0.00203953555,-0.002940197275,0.000492272193,-0.002447925082,-0.001910531948,2.843751325e-05,-0.001882094435,-0.003048057316,0.0001515382957,-0.00289651902,-0.003776542858,0.0004844988998,-0.003292043958,-0.002349909374,0.0001498316711,-0.002200077703,-0.004492377569,0.000192900392,-0.004299477177,-0.003787070502,0.000234319106,-0.003552751396
26.9,-0.001429868454,0.001509139855,7.92714007e-05,-0.00115274812,-3.603259759e-06,-0.00115635138,-0.0029010375,0.0005631434683,-0.002337894032,-0.001079566702,3.466074677e-05,-0.001044905955,-0.0008810104986,-0.0002338641031,-0.001114874602,-0.0006296028411,4.191132691e-05,-0.0005876915142,0.0003135617209,-4.215635596e-05,0.0002714053649,-0.0009529518518,0.0004159177644,-0.0005370340873,0.0007421587874,-9.782281621e-06,0.0007323765057,-0.0001672366795,0.0001678336587,5.969792713e-07,-0.0004222357859,0.0002678478477,-0.0001543879382,-0.002305797825,-0.0006251827265,-0.002930980552,-0.002257718541,-0.0001797673398,-0.002437485881,-0.002649106429,-0.0006686416727,-0.003317748101,-0.001578447382,-0.0003671552121,-0.001945602594,-0.001460769139,0.0001120657501,-0.001348703389,-0.001901455315,-4.250276296e-05,-0.001943958078,-0.001578947139,5.117495567e-05,-0.001527772184,-0.003081901724,5.542550455e-05,-0.003026476219,-0.001134312968,0.0003113123646,-0.0008230006032,-0.0009321695552,8.158093162e-05,-0.0008505886236,-0.003390949996,0.000422584412,-0.002968365584,-0.002245164125,0.0002244729373,-0.002020691187,-0.003282527226,0.0008155178311,-0.002467009395,-0.003710030045,-0.0007053565083,-0.004415386553,-0.0009375257502,-0.0001283725748,-0.001065898325,-0.005335939933,-0.0007057744241,-0.006041714357,-0.002022703925,-0.0001147938489,-0.002137497774,-0.002423347939,0.0004033230364,-0.002020024902,-0.002902952002,0.0004902270225,-0.002412724979,-0.001893789383,3.443269864e-05,-0.001859356685,-0.003021513698,0.0001497290271,-0.002871784671,-0.003788595649,0.000493112743,-0.003295482906,-0.002334739658,0.0001410520561,-0.002193687602,-0.004501727394,0.0001942311918,-0.004307496203,-0.003780211291,0.0002306677639,-0.003549543527
27.0,-0.001438079924,0.001513961389,7.588146474e-05,-0.001174506232,-7.957955095e-07,-0.001175302028,-0.002932424184,0.0005763279475,-0.002356096237,-0.001100135068,4.167321471e-05,-0.001058461853,-0.0008799061621,-0.000229622832,-0.001109528994,-0.00063498874,4.804631986e-05,-0.0005869424202,0.0003368044008,-3.860819939e-05,0.0002981962014,-0.0009671291379,0.0004186551647,-0.0005484739732,0.0007508515063,-1.36946033e-05,0.000737156903,-0.0001561633545,0.0001697435282,1.358017368e-05,-0.000413135151,0.0002753315352,-0.0001378036158,-0.002311330822,-0.0006218324135,-0.002933163236,-0.002240021654,-0.0001796722927,-0.002419693947,-0.002641695549,-0.0006631237596,-0.003304819309,-0.001539366669,-0.0003670244313,-0.0019063911,-0.001466157226,0.0001187939311,-0.001347363295,-0.001894845852,-3.907581508e-05,-0.001933921667,-0.001591983936,6.474113803e-05,-0.001527242798,-0.003099381417,6.029634129e-05,-0.003039085076,-0.001149714462,0.0003088751366,-0.0008408393258,-0.0009505578964,8.095689098e-05,-0.0008696010054,-0.003406956442,0.0004235346536,-0.002983421788,-0.002279314969,0.0002310170196,-0.00204829795,-0.003294359595,0.0008137866734,-0.002480572921,-0.003694026276,-0.000707575834,-0.00440160211,-0.0009072112528,-0.000138326713,-0.001045537966,-0.00530783988,-0.0007074067462,-0.006015246626,-0.001999197054,-0.0001153530824,-0.002114550137,-0.002403879356,0.0004058099569,-0.001998069399,-0.002861464941,0.0004867860913,-0.002374678849,-0.001875717534,4.070805704e-05,-0.001835009476,-0.002992040893,0.0001474292237,-0.002844611669,-0.003797313839,0.0005008666693,-0.00329644717,-0.002316266536,0.0001319794018,-0.002184287134,-0.004507221015,0.0001959448324,-0.004311276182,-0.003768369275,0.0002271872342,-0.00354118204
27.1,-0.001446047031,0.001517985135,7.193810402e-05,-0.001197725887,1.883031538e-06,-0.001195842856,-0.002963611409,0.0005890932181,-0.002374518191,-0.001121577763,4.86470363e-05,-0.001072930726,-0.0008783662281,-0.0002252795028,-0.001103645731,-0.0006411352128,5.349840291e-05,-0.0005876368098,0.000360705752,-3.514052343e-05,0.0003255652286,-0.0009803750411,0.0004209611054,-0.0005594139357,0.0007588193052,-1.831961842e-05,0.0007404996868,-0.0001437277105,0.0001709502098,2.722249937e-05,-0.0004038197869,0.0002821370268,-0.0001216827601,-0.002316801853,-0.0006190675525,-0.002935869406,-0.002218473301,-0.0001805207564,-0.002398994057,-0.002633501801,-0.0006580337227,-0.003291535523,-0.001497862089,-0.0003668699639,-0.001864732053,-0.001469821995,0.0001257030942,-0.0013441189,-0.001888067769,-3.405152708e-05,-0.001922119296,-0.001603213637,7.803891763e-05,-0.001525174719,-0.003113972414,6.419756518e-05,-0.003049774849,-0.001164763653,0.0003061247775,-0.0008586388751,-0.0009700940485,8.030878818e-05,-0.0008897852603,-0.003422786113,0.0004237621512,-0.002999023962,-0.002315156857,0.000237407023,-0.002077749834,-0.003307400883,0.0008114649674,-0.002495935916,-0.003675089823,-0.0007099415312,-0.004385031355,-0.0008760752288,-0.0001485685087,-0.001024643737,-0.005275040802,-0.0007101714714,-0.005985212273,-0.001973706895,-0.0001156363342,-0.002089343229,-0.002381583125,0.0004076599826,-0.001973923143,-0.002816093096,0.0004819450655,-0.00233414803,-0.001856445078,4.716007667e-05,-0.001809285001,-0.002959885931,0.0001446365745,-0.002815249356,-0.003802699773,0.0005076980672,-0.003295001705,-0.002294782799,0.0001226935174,-0.002172089282,-0.004508912167,0.0001979978608,-0.004310914306,-0.003751826419,0.0002239787165,-0.003527847703
27.2,-0.001453949416,0.001521220115,6.7270699e-05,-0.00122255261,4.470080743e-06,-0.001218082529,-0.002994638646,0.0006013918938,-0.002393246752,-0.00114398202,5.555741444e-05,-0.001088424605,-0.0008765767959,-0.0002208602062,-0.001097437002,-0.0006481951176,5.824788667e-05,-0.0005899472309,0.0003850131572,-3.178343044e-05,0.0003532297267,-0.0009926943071,0.0004228198925,-0.0005698744146,0.0007658688847,-2.368151247e-05,0.0007421873722,-0.0001301378461,0.0001714405693,4.130272313e-05,-0.0003945267668,0.0002882195269,-0.0001063072399,-0.002322437644,-0.0006169065747,-0.002939344219,-0.002193316767,-0.000182305389,-0.002375622156,-0.002624778069,-0.0006534019872,-0.003278180056,-0.001454574445,-0.0003665256634,-0.001821100108,-0.001471888148,0.0001327798869,-0.001339108261,-0.001881189499,-2.753573826e-05,-0.001908725238,-0.001612888413,9.104792061e-05,-0.001521840492,-0.003125819918,6.715773693e-05,-0.003058662181,-0.00117953535,0.0003030815012,-0.0008764538485,-0.0009908854761,7.964997007e-05,-0.0009112355061,-0.003438629817,0.0004232891495,-0.003015340667,-0.002352775079,0.000243645256,-0.002109129823,-0.003321750123,0.0008085784659,-0.002513171658,-0.003653512568,-0.0007124441924,-0.00436595676,-0.000844417439,-0.0001590148799,-0.001003432319,-0.005237972304,-0.0007141076956,-0.00595208,-0.001946598256,-0.000115553514,-0.00206215177,-0.002356727092,0.0004088751632,-0.001947851929,-0.002767215719,0.0004757160812,-0.002291499638,-0.001836108453,5.368008195e-05,-0.001782428371,-0.002925318453,0.000141356146,-0.002783962307,-0.003804775088,0.00051355316,-0.003291221928,-0.002270610368,0.0001132807977,-0.00215732957,-0.004506873521,0.0002003359633,-0.004306537557,-0.003730908265,0.0002211564311,-0.003509751834
27.3,-0.001461971516,0.00152368037,6.170885411e-05,-0.001249124073,7.003189676e-06,-0.001242120884,-0.003025554779,0.0006131793935,-0.002412375386,-0.001167437685,6.237975502e-05,-0.00110505793,-0.0008747240217,-0.0002163894783,-0.0010911135,-0.000656325029,6.228092158e-05,-0.0005940441074,0.0004094717135,-2.85659476e-05,0.0003809057659,-0.001004105537,0.0004242177291,-0.0005798878082,0.0007718255365,-2.979900654e-05,0.00074202653,-0.0001156028279,0.0001712072201,5.560439216e-05,-0.0003854895196,0.0002935435476,-9.194597197e-05,-0.002328464815,-0.0006153638725,-0.002943828688,-0.002164827962,-0.0001850104442,-0.002349838406,-0.002615788796,-0.000649252758,-0.003265041554,-0.001410150951,-0.0003658384116,-0.001775989362,-0.001472493726,0.0001400138607,-0.001332479865,-0.00187425166,-1.966163175e-05,-0.001893913292,-0.001621267706,0.00010375071,-0.001517516996,-0.00313508948,6.921692492e-05,-0.003065872555,-0.001194111278,0.0002997685512,-0.0008943427264,-0.001013036013,7.899608619e-05,-0.0009340399265,-0.003454679201,0.000422143904,-0.003032535297,-0.002392243035,0.0002497376455,-0.00214250539,-0.003337493378,0.0008051575027,-0.002532335875,-0.003629603065,-0.0007150787811,-0.004344681846,-0.0008125330807,-0.0001695802356,-0.0009821133163,-0.005197102778,-0.0007192267019,-0.00591632948,-0.001918235475,-0.0001150208823,-0.002033256358,-0.002329589481,0.0004094614193,-0.001920128062,-0.002715229669,0.0004681283102,-0.002247101358,-0.001814848263,6.015732211e-05,-0.001754690941,-0.002888625091,0.0001375996611,-0.00275102543,-0.003803576244,0.000518386182,-0.003285190062,-0.002244092708,0.0001038350283,-0.002140257679,-0.004501193597,0.0002028958153,-0.004298297782,-0.003705972392,0.0002188417508,-0.003487130641
27.4,-0.001470297742,0.001525384764,5.508702187e-05,-0.001277566126,9.520407792e-06,-0.001268045718,-0.003056415769,0.0006244143018,-0.002432001467,-0.001192033873,6.90899687e-05,-0.001122943904,-0.0008729908976,-0.0002118902891,-0.001084881187,-0.0006656815758,6.558962523e-05,-0.0006000919505,0.0004338269129,-2.551569505e-05,0.0004083112178,-0.001014639505,0.0004251429968,-0.0005894965082,0.0007765353793,-3.668501526e-05,0.0007398503641,-0.0001003304844,0.0001702484695,6.991798515e-05,-0.0003769353536,0.0002980834607,-7.88518929e-05,-0.002335103711,-0.0006144492606,-0.002949552972,-0.002133308034,-0.0001886145548,-0.002321922589,-0.002606807347,-0.0006456023626,-0.00325240971,-0.00136523167,-0.0003646727745,-0.001729904445,-0.001471786962,0.0001473977482,-0.001324389213,-0.001867274886,-1.058081831e-05,-0.001877855705,-0.001628612465,0.0001161322217,-0.001512480244,-0.00314196259,7.04251779e-05,-0.003071537412,-0.001208577299,0.0002962119568,-0.0009123653424,-0.001036642654,7.836497825e-05,-0.0009582776753,-0.003471122848,0.0004203600209,-0.003050762827,-0.002433620407,0.0002556934838,-0.002177926924,-0.003354701381,0.0008012369884,-0.002553464393,-0.003603678982,-0.0007178448512,-0.004321523833,-0.0007807074777,-0.0001801783229,-0.0009608858006,-0.00515292747,-0.0007255112805,-0.00587843875,-0.00188897677,-0.000113961803,-0.002002938573,-0.002300455785,0.0004094278585,-0.001891027927,-0.002660547023,0.0004592279968,-0.002201319026,-0.001792807855,6.648214975e-05,-0.001726325706,-0.0028501054,0.000133384443,-0.002716720957,-0.003799151186,0.0005221577847,-0.003276993401,-0.002215588796,9.445759129e-05,-0.002121131205,-0.00449197528,0.0002056068635,-0.004286368416,-0.003677397653,0.000217156205,-0.003460241448
27.5,-0.001479108903,0.001526356898,4.724799467e-05,-0.001307990058,1.205932238e-05,-0.001295930736,-0.003087283157,0.0006350587485,-0.002452224408,-0.001217856337,7.566480542e-05,-0.001142191532,-0.0008715562221,-0.0002073840034,-0.001078940226,-0.0006764186553,6.817213686e-05,-0.0006082465184,0.0004578253689,-2.265852581e-05,0.0004351668431,-0.001024337766,0.0004255867156,-0.00059875105,0.0007798651358,-4.434624374e-05,0.0007355188921,-8.452712862e-05,0.0001685682802,8.404115158e-05,-0.0003690850156,0.0003018239602,-6.726105546e-05,-0.002342564577,-0.0006141668924,-0.002956731469,-0.002099077893,-0.0001930929764,-0.002292170869,-0.002598114562,-0.0006424577124,-0.003240572274,-0.001320438318,-0.0003629147643,-0.001683353082,-0.001469924828,0.000154927749,-0.001314997079,-0.001860269985,-4.542264263e-07,-0.001860724212,-0.001635182252,0.0001281792153,-0.001507003037,-0.003146633644,7.084077394e-05,-0.00307579287,-0.001223021345,0.0002924404366,-0.0009305809087,-0.00106179336,7.777666905e-05,-0.0009840166908,-0.003488143568,0.000417975938,-0.00307016763,-0.002476952343,0.0002615251431,-0.0022154272,-0.00337342817,0.0007968563069,-0.002576571863,-0.003576061325,-0.0007207469543,-0.004296808279,-0.0007492133731,-0.0001907239581,-0.0009399373312,-0.005105959084,-0.0007329167345,-0.005838875819,-0.001859169968,-0.0001123082587,-0.001971478227,-0.002269617655,0.0004087864048,-0.001860831251,-0.002603593937,0.0004490780751,-0.002154515862,-0.001770133604,7.254914174e-05,-0.001697584462,-0.002810069001,0.0001287323896,-0.002681336611,-0.003791557969,0.0005248340041,-0.003266723965,-0.002185468044,8.525640001e-05,-0.002100211644,-0.004479335309,0.0002083928825,-0.004270942427,-0.003645575406,0.0002162146524,-0.003429360753
27.6,-0.001488579588,0.001526625024,3.804543568e-05,-0.001340490818,1.465649436e-05,-0.001325834323,-0.003118223045,0.0006450787591,-0.002473144286,-0.001244985388,8.208216492e-05,-0.001162903223,-0.0008705947048,-0.0002028903212,-0.001073485026,-0.0006886852519,7.003264867e-05,-0.0006186526032,0.0004812148095,-2.001813074e-05,0.0004611966788,-0.001033251414,0.0004255431272,-0.000607708287,0.0007817009424,-5.27827112e-05,0.0007289182312,-6.839780139e-05,0.0001661763047,9.777850328e-05,-0.0003621529127,0.0003047604765,-5.739243617e-05,-0.002351045875,-0.000614513299,-0.002965559174,-0.002062474471,-0.0001984190316,-0.002260893503,-0.002589997478,-0.0006398150816,-0.00322981256,-0.001276365747,-0.0003604742202,-0.001636839968,-0.001467072835,0.0001626038185,-0.001304469016,-0.001853248375,1.055670799e-05,-0.001842691667,-0.001641234377,0.00013988,-0.001501354377,-0.003149307418,7.05284692e-05,-0.003078778949,-0.001237531683,0.0002884853722,-0.0009490463112,-0.001088565401,7.725336971e-05,-0.001011312031,-0.003505916269,0.0004150345627,-0.003090881706,-0.002522268776,0.0002672477499,-0.002255021026,-0.003393710094,0.0007920590239,-0.00260165107,-0.003547070381,-0.0007237955384,-0.00427086592,-0.0007183099226,-0.0002011346953,-0.0009194446179,-0.005056720861,-0.000741373153,-0.005798094015,-0.00182914898,-0.0001100029345,-0.001939151914,-0.002237372236,0.0004075516275,-0.001829820608,-0.002544809157,0.0004377571556,-0.002107052001,-0.001746975944,7.825998109e-05,-0.001668715963,-0.002768833157,0.0001236692055,-0.002645163952,-0.003780865179,0.0005263863369,-0.003254478842,-0.002154105474,7.634368511e-05,-0.002077761788,-0.004463404183,0.0002111735833,-0.0042522306,-0.003610903303,0.0002161197493,-0.003394783554
27.7,-0.00149887593,0.00152622182,2.734589023e-05,-0.001375145618,1.734700833e-05,-0.00135779861,-0.003149304985,0.0006544445788,-0.002494860406,-0.001273493966,8.83213747e-05,-0.001185172591,-0.0008702768351,-0.0001984271808,-0.001068704016,-0.0007026233536,7.118142487e-05,-0.0006314419288,0.0005037448096,-1.761561986e-05,0.0004861291897,-0.001041439731,0.0004250103036,-0.0006164294275,0.0007819480539,-6.198728035e-05,0.0007199607736,-5.214536e-05,0.0001630879462,0.0001109425862,-0.0003563463115,0.0003068995027,-4.944680883e-05,-0.002360733786,-0.0006154749372,-0.002976208723,-0.00202384818,-0.0002045644951,-0.002228412675,-0.002582747078,-0.0006376594404,-0.003220406519,-0.001233575313,-0.0003572857231,-0.001590861036,-0.00146340511,0.0001704299379,-0.001292975173,-0.001846230569,2.229780749e-05,-0.001823932761,-0.00164702363,0.0001512245767,-0.001495799053,-0.003150196021,6.955781026e-05,-0.003080638211,-0.001252194973,0.0002843806847,-0.0009678142881,-0.001117023535,7.681934613e-05,-0.001040204189,-0.003524605458,0.0004115829355,-0.003113022522,-0.002569582954,0.0002728788597,-0.002296704094,-0.003415564523,0.0007868923792,-0.002628672144,-0.00351702253,-0.0007270082651,-0.004244030795,-0.0006882420635,-0.0002113324446,-0.000899574508,-0.0050057411,-0.0007507886337,-0.005756529734,-0.001799230686,-0.0001070010663,-0.001906231752,-0.002204020089,0.0004057405469,-0.001798279542,-0.002484640529,0.0004253577162,-0.002059282813,-0.001723489841,8.352585585e-05,-0.001639963986,-0.002726719751,0.0001182239469,-0.002608495805,-0.003767152673,0.0005267921753,-0.003240360497,-0.002121876333,6.783316468e-05,-0.002054043169,-0.004444325643,0.0002138664874,-0.004230459156,-0.003573780867,0.000216958132,-0.003356822735
27.8,-0.001510153148,0.001525184053,1.503090506e-05,-0.001412012258,2.016413105e-05,-0.001391848127,-0.003180600137,0.0006631309675,-0.002517469169,-0.001303445409,9.436342789e-05,-0.001209081981,-0.0008707670635,-0.0001940106285,-0.001064777692,-0.0007183653155,7.163473129e-05,-0.0006467305842,0.0005251697047,-1.546913633e-05,0.0005097005684,-0.001048968375,0.0004239906015,-0.0006249777734,0.0007805332143,-7.194531688e-05,0.0007085878974,-3.596686617e-05,0.0001593243364,0.0001233574702,-0.0003518619472,0.000308258743,-4.360320418e-05,-0.002371801188,-0.0006170262738,-0.002988827462,-0.001983560206,-0.0002114987831,-0.002195058989,-0.002576654123,-0.0006359642758,-0.003212618399,-0.001192588065,-0.0003533089657,-0.001545897031,-0.00145910341,0.0001784142524,-0.001280689158,-0.001839250343,3.46278579e-05,-0.001804622485,-0.001652800745,0.0001622051421,-0.001490595603,-0.003149514444,6.800149531e-05,-0.003081512949,-0.001267093602,0.0002801625484,-0.0009869310536,-0.001147217393,7.650061934e-05,-0.001070716774,-0.003544361526,0.0004076718623,-0.003136689663,-0.002618888415,0.0002784381873,-0.002340450228,-0.003438987641,0.0007814066177,-0.002657581024,-0.003486226687,-0.0007304112802,-0.004216637967,-0.0006592388834,-0.0002212448572,-0.0008804837406,-0.004953547366,-0.0007610534697,-0.005714600835,-0.00176971136,-0.0001032716216,-0.001872982981,-0.002169860321,0.0004033724909,-0.00176648783,-0.002423538358,0.0004119837293,-0.002011554629,-0.001699833383,8.826923691e-05,-0.001611564146,-0.002684050597,0.0001124288669,-0.00257162173,-0.00375051089,0.0005260346995,-0.00322447619,-0.002089149276,5.983695038e-05,-0.002029312325,-0.004422254597,0.0002163888343,-0.004205865763,-0.003534605066,0.0002187981356,-0.00331580693
27.9,-0.001522552307,0.001523552147,9.99840345e-07,-0.001451126436,2.313896233e-05,-0.001427987474,-0.003212178143,0.000671117415,-0.002541060728,-0.001334890434,0.0001001911323,-0.001234699302,-0.0008722192855,-0.0001896547253,-0.001061874011,-0.0007360301563,7.14145758e-05,-0.0006646155805,0.0005452544305,-1.359357951e-05,0.000531660851,-0.001055906839,0.0004224907685,-0.00063341607,0.0007774102933,-8.263455626e-05,0.000694775737,-2.004676191e-05,0.0001549121546,0.0001348653927,-0.0003488794952,0.0003088670266,-4.001246857e-05,-0.002384404623,-0.0006191292687,-0.003003533892,-0.001941977863,-0.0002191875198,-0.002161165382,-0.002572002718,-0.0006346916906,-0.003206694409,-0.001153875911,-0.0003485297776,-0.001502405689,-0.001454353884,0.0001865688615,-0.001267785023,-0.001832353078,4.742133697e-05,-0.001784931741,-0.001658808034,0.000172816734,-0.0014859913,-0.003147474067,6.593380113e-05,-0.003081540266,-0.001282302119,0.0002758690097,-0.00100643311,-0.001179177779,7.632461911e-05,-0.00110285316,-0.003565315552,0.0004033555794,-0.003161959973,-0.002670154381,0.0002839473768,-0.002386207004,-0.003463951226,0.0007756542574,-0.002688296969,-0.003454979169,-0.0007340399287,-0.004189019097,-0.0006315100522,-0.0002308062884,-0.0008623163406,-0.004900658431,-0.0007720452793,-0.00567270371,-0.00174086147,-9.879792423e-05,-0.001839659394,-0.00213518287,0.0004004692965,-0.001734713573,-0.002361945728,0.0003977481343,-0.001964197594,-0.001676163808,9.242510864e-05,-0.0015837387,-0.002641140606,0.0001063194926,-0.002534821114,-0.003731038375,0.0005241023535,-0.003206936022,-0.002056277737,5.246232952e-05,-0.002003815407,-0.004397352816,0.0002186592404,-0.004178693576,-0.003493764452,0.0002216888896,-0.003272075563
28.0,-0.001536196116,0.001521369656,-1.482646026e-05,-0.001492497736,2.629988762e-05,-0.001466197849,-0.003244102713,0.000678388217,-0.002565714496,-0.001367863262,0.000105789135,-0.001262074127,-0.0008747698963,-0.0001853715777,-0.001060141474,-0.0007557188003,7.054823563e-05,-0.0006851705646,0.0005637825587,-1.200047255e-05,0.0005517820861,-0.001062325211,0.0004205216479,-0.0006418035633,0.0007725677786,-9.402516875e-05,0.0006785426099,-4.548142416e-06,0.0001498832859,0.0001453351435,-0.0003475531498,0.0003087639962,-3.878915354e-05,-0.002398679155,-0.0006217342095,-0.003020413365,-0.001899467288,-0.0002275913621,-0.00212705865,-0.002569062034,-0.0006337928892,-0.003202854923,-0.001117851082,-0.0003429616761,-0.001460812758,-0.001449341474,0.0001949090271,-0.001254432447,-0.001825588786,6.056783996e-05,-0.001765020946,-0.001665272014,0.0001830576894,-0.001482214325,-0.003144274311,6.342909937e-05,-0.003080845211,-0.001297883014,0.0002715395685,-0.001026343446,-0.001212912228,7.631986442e-05,-0.001136592363,-0.003587573208,0.0003986914525,-0.003188881755,-0.002723320515,0.0002894296986,-0.002433890817,-0.003490399025,0.0007696893783,-0.002720709647,-0.003423556627,-0.0007379384791,-0.004161495106,-0.0006052404107,-0.0002399583949,-0.0008451988056,-0.004847573149,-0.0007836347195,-0.005631207869,-0.0017129187,-9.35780694e-05,-0.00180649677,-0.002100259596,0.0003970559307,-0.001703203665,-0.002300287483,0.0003827702818,-0.001917517201,-0.001652631556,9.594174628e-05,-0.00155668981,-0.002598289506,9.993472863e-05,-0.002498354778,-0.00370883843,0.0005209887051,-0.003187849725,-0.002023590243,4.580863096e-05,-0.001977781612,-0.004369783149,0.000220599343,-0.004149183806,-0.003451631949,0.0002256606764,-0.003225971273
28.1,-0.001551184207,0.00151868258,-3.250162679e-05,-0.001536104887,2.967178764e-05,-0.001506433099,-0.003276426638,0.0006849324324,-0.002591494205,-0.001402377404,0.000111143873,-0.001291233531,-0.0008785301876,-0.0001811715063,-0.001059701694,-0.0007775089369,6.906764825e-05,-0.0007084412886,0.0005805644343,-1.069794192e-05,0.0005698664924,-0.001068290678,0.0004180976239,-0.0006501930543,0.0007660353694,-0.0001060799651,0.0006599554043,1.039527679e-05,0.0001442743375,0.0001546696143,-0.0003480037982,0.000307999594,-4.000420425e-05,-0.002414732549,-0.0006247812709,-0.003039513819,-0.001856384777,-0.0002366653872,-0.002093050164,-0.002568077441,-0.0006332093197,-0.003201286761,-0.001084856586,-0.0003366465078,-0.001421503094,-0.001444242887,0.0002034516805,-0.001240791207,-0.001819002673,7.396904522e-05,-0.001745033628,-0.001672394793,0.000192929666,-0.001479465127,-0.003140094007,6.056046179e-05,-0.003079533545,-0.001313882448,0.0002672146764,-0.001046667772,-0.001248400618,7.651559497e-05,-0.001171885023,-0.003611208924,0.0003937395901,-0.003217469333,-0.002778292606,0.0002949095771,-0.002483383029,-0.003518243805,0.0007635669731,-0.002754676832,-0.003392208122,-0.0007421586167,-0.004134366738,-0.0005805840679,-0.0002486506015,-0.0008292346695,-0.004794757637,-0.0007956911054,-0.005590448742,-0.001686080565,-8.762552278e-05,-0.001773706087,-0.002065336638,0.000393161261,-0.001672175377,-0.002238960319,0.0003671732508,-0.001871787068,-0.001629373847,9.878098608e-05,-0.001530592861,-0.00255577376,9.331675092e-05,-0.002462457009,-0.00368401568,0.0005166930253,-0.003167322655,-0.001991381422,3.996461245e-05,-0.001951416809,-0.004339703981,0.0002221357949,-0.004117568186,-0.003408557769,0.0002307261872,-0.003177831582
28.2,-0.001567588838,0.001515538627,-5.205021105e-05,-0.001581891546,3.327520361e-05,-0.001548616342,-0.00330918733,0.0006907438182,-0.002618443512,-0.001438421949,0.0001162435554,-0.001322178394,-0.0008835803539,-0.0001770632681,-0.001060643622,-0.0008014504745,6.700876396e-05,-0.0007344417105,0.00059544316,-9.690749366e-06,0.0005857524107,-0.001073864312,0.0004152360162,-0.0006586282962,0.0007578873035,-0.0001187547,0.0006391326035,2.468419763e-05,0.0001381260234,0.000162810221,-0.0003503140183,0.0003066333347,-4.368068355e-05,-0.002432640311,-0.0006282025224,-0.003060842833,-0.001813068827,-0.0002463589709,-0.002059427798,-0.002569262517,-0.0006328745776,-0.003202137095,-0.001055160575,-0.0003296532254,-0.001384813801,-0.00143921955,0.00021221335,-0.0012270062,-0.001812626687,8.753475466e-05,-0.001725091932,-0.001680346877,0.0002024372433,-0.001477909633,-0.003135084617,5.739829315e-05,-0.003077686324,-0.001330326623,0.0002629351093,-0.001067391514,-0.001285591756,7.694126622e-05,-0.00120865049,-0.003636261554,0.0003885623181,-0.003247699236,-0.002834940335,0.0003004119688,-0.002534528366,-0.003547365988,0.0007573423712,-0.002790023617,-0.003361148339,-0.0007467568202,-0.00410790516,-0.0005576599559,-0.0002568405283,-0.0008145004842,-0.004742633998,-0.0008080870378,-0.005550721035,-0.001660498914,-8.096994845e-05,-0.001741468862,-0.002030629935,0.0003888186469,-0.001641811288,-0.002178325889,0.0003510811358,-0.001827244754,-0.001606509456,0.0001009179183,-0.001505591538,-0.002513840423,8.651063796e-05,-0.002427329785,-0.003656672879,0.0005112212571,-0.003145451622,-0.001959905479,3.500675734e-05,-0.001924898721,-0.004307265429,0.0002232023888,-0.00408406304,-0.003364864354,0.0002368823051,-0.003127982049
28.3,-0.001585451852,0.001511986524,-7.346532788e-05,-0.001629763721,3.712569549e-05,-0.001592638026,-0.003342403661,0.000695820814,-0.002646582847,-0.001475958987,0.0001210782256,-0.001354880762,-0.0008899665516,-0.0001730542554,-0.001063020807,-0.0008275623374,6.441089386e-05,-0.0007631514435,0.0006082972067,-8.980343478e-06,0.0005993168632,-0.001079098536,0.0004119565525,-0.0006671419839,0.0007482414707,-0.0001319984507,0.00061624302,3.825484215e-05,0.0001314824495,0.0001697372916,-0.0003545268776,0.0003047333698,-4.979350781e-05,-0.002452442223,-0.0006319245934,-0.003084366817,-0.00176983435,-0.0002566162661,-0.002026450616,-0.002572792777,-0.000632717103,-0.00320550988,-0.001028955817,-0.0003220751092,-0.001351030926,-0.001434411876,0.0002212078462,-0.00121320403,-0.001806473885,0.000101178907,-0.001705294978,-0.001689263359,0.000211587351,-0.001477676008,-0.003129366551,5.400889047e-05,-0.00307535766,-0.001347219352,0.0002587413305,-0.001088478022,-0.001324401595,7.762597721e-05,-0.001246775617,-0.003662732305,0.0003832236231,-0.003279508682,-0.002893097502,0.0003059617044,-0.002587135798,-0.003577614216,0.0007510707285,-0.002826543487,-0.003330554089,-0.0007517906826,-0.004082344772,-0.0005365502732,-0.0002644942823,-0.0008010445555,-0.004691573664,-0.0008207012707,-0.005512274935,-0.001636278241,-7.365773018e-05,-0.001709935971,-0.001996324507,0.0003840661416,-0.001612258366,-0.00211870777,0.0003346166611,-0.001784091109,-0.001584135732,0.0001023400446,-0.001481795688,-0.002472703937,7.956387508e-05,-0.002393140062,-0.003626908568,0.0005045869723,-0.003122321595,-0.00192937269,3.099833265e-05,-0.001898374357,-0.004272607931,0.0002237417605,-0.00404886617,-0.003320844464,0.0002441123554,-0.003076732108
28.4,-0.001604783256,0.001508075485,-9.670777128e-05,-0.001679589223,4.123343568e-05,-0.001638355787,-0.003376074335,0.0007001665596,-0.002675907776,-0.001514922413,0.0001256398608,-0.001389282552,-0.0008977012233,-0.0001691506646,-0.001066851888,-0.0008558309052,6.131604556e-05,-0.0007945148597,0.0006190396792,-8.564925433e-06,0.0006104747538,-0.001084035379,0.0004082809631,-0.0006757544162,0.0007372546455,-0.0001457540238,0.0005915006216,5.10764555e-05,0.0001243903962,0.0001754668517,-0.000360648304,0.0003023754031,-5.827290088e-05,-0.002474140408,-0.0006358719727,-0.003110012381,-0.001726969444,-0.0002673773552,-0.001994346799,-0.00257880142,-0.0006326635614,-0.003211464981,-0.001006363703,-0.0003140259941,-0.001320389697,-0.001429935873,0.000230444089,-0.001199491784,-0.001800535624,0.0001148155324,-0.001685720092,-0.001699243936,0.0002203887646,-0.001478855171,-0.003123028676,5.045295483e-05,-0.003072575721,-0.001364541148,0.0002546730305,-0.001109868117,-0.001364713349,7.859799349e-05,-0.001286115355,-0.003690585059,0.0003777887041,-0.003312796355,-0.002952564411,0.0003115828958,-0.002640981515,-0.003608807673,0.0007448065286,-0.002864001145,-0.003300565582,-0.0007573139721,-0.004057879554,-0.0005173021914,-0.0002715865341,-0.0007888887255,-0.004641896311,-0.0008334196555,-0.005475315966,-0.00161347817,-6.575182839e-05,-0.001679229998,-0.001962576963,0.0003789461926,-0.001583630771,-0.002060392015,0.0003178993792,-0.001742492636,-0.001562328156,0.0001030459897,-0.001459282166,-0.00243254601,7.252588455e-05,-0.002360020126,-0.003594816366,0.0004968120095,-0.003098004357,-0.001899948519,2.798866946e-05,-0.001871959849,-0.004235863298,0.0002237064768,-0.004012156821,-0.003276762452,0.0002523888556,-0.003024373596
28.5,-0.001625561313,0.001503854764,-0.0001217065486,-0.001731198945,4.560293824e-05,-0.001685596006,-0.003410177579,0.0007037888911,-0.002706388688,-0.001555218007,0.0001299224342,-0.001425295573,-0.0009067660175,-0.0001653576701,-0.001072123688,-0.0008862100102,5.776827639e-05,-0.0008284417338,0.0006276150983,-8.43951955e-06,0.0006191755788,-0.001088705486,0.0004042326996,-0.000684472786,0.0007251149541,-0.0001599583458,0.0005651566083,6.314628561e-05,0.0001168987053,0.0001800449909,-0.000368652033,0.000299641561,-6.9010472e-05,-0.002497699006,-0.0006399703714,-0.003137669377,-0.00168473452,-0.0002785797712,-0.001963314291,-0.00258737726,-0.0006326423957,-0.003220019656,-0.0009874413102,-0.0003056356447,-0.001293076955,-0.001425882393,0.0002399243045,-0.001185958089,-0.001794780959,0.0001283545636,-0.001666426395,-0.001710356095,0.0002288517759,-0.001481504319,-0.003116130707,4.678430458e-05,-0.003069346402,-0.001382249741,0.0002507688859,-0.001131480855,-0.001406379322,7.988440739e-05,-0.001326494914,-0.003719748609,0.0003723236313,-0.003347424977,-0.003013111696,0.0003172984319,-0.002695813264,-0.003640739649,0.0007386030082,-0.002902136641,-0.003271292458,-0.0007633706748,-0.004034663133,-0.00049993235,-0.0002781003584,-0.0007780327084,-0.004593873285,-0.0008461346053,-0.005440007891,-0.00159211876,-5.733139579e-05,-0.001649450156,-0.001929520119,0.0003735049203,-0.001556015198,-0.002003630164,0.0003010443759,-0.001702585788,-0.00154114201,0.0001030438587,-0.001438098151,-0.00239351806,6.544761167e-05,-0.002328070449,-0.00356048598,0.000487926341,-0.003072559639,-0.001871755001,2.601245799e-05,-0.001845742543,-0.00419715763,0.0002230595698,-0.00397409806,-0.003232857861,0.0002616764292,-0.002971181432
28.6,-0.001647733767,0.001499373207,-0.0001483605602,-0.001784389518,5.023289401e-05,-0.001734156624,-0.003444671707,0.0007067003113,-0.002737971395,-0.00159672454,0.0001339219296,-0.001462802611,-0.0009171161743,-0.000161679599,-0.001078795773,-0.0009186221395,5.381312142e-05,-0.0008648090181,0.0006339949711,-8.596033728e-06,0.0006253989374,-0.001093127721,0.0003998367528,-0.0006932909681,0.0007120331538,-0.000174542866,0.0005374902879,7.448350965e-05,0.000109057806,0.0001835413157,-0.0003784856802,0.0002966192595,-8.186642061e-05,-0.002523045437,-0.0006441496301,-0.003167195067,-0.001643363168,-0.0002901599357,-0.001933523103,-0.002598564645,-0.0006325869269,-0.003231151572,-0.0009721900315,-0.0002970444474,-0.001269234479,-0.001422318405,0.0002496426119,-0.001172675793,-0.0017891575,0.0001416977896,-0.001647459711,-0.00172264021,0.0002369880518,-0.001485652158,-0.003108707826,4.304907804e-05,-0.003065658748,-0.001400281615,0.0002470663694,-0.001153215246,-0.00144922392,8.151080356e-05,-0.001367713117,-0.00375011998,0.0003668949784,-0.003383225002,-0.003074484684,0.0003231295582,-0.002751355126,-0.003673181729,0.000732511467,-0.002940670262,-0.003242822808,-0.0007699890764,-0.004012811884,-0.0004844330699,-0.0002840268086,-0.0007684598785,-0.004547733539,-0.0008587438022,-0.005406477342,-0.001572186745,-4.849150121e-05,-0.001620678246,-0.001897268312,0.0003677912539,-0.001529477058,-0.001948642975,0.0002841611942,-0.001664481781,-0.001520615311,0.0001023493791,-0.001418265931,-0.002355745137,5.838101865e-05,-0.002297364119,-0.003524005465,0.0004779669379,-0.003046038527,-0.001844874074,2.508939489e-05,-0.001819784679,-0.004156614881,0.0002217744573,-0.003934840423,-0.003189349687,0.0002719339894,-0.002917415698
28.7,-0.001671219753,0.001494678785,-0.0001765409684,-0.001838926839,5.511621328e-05,-0.001783810626,-0.003479495995,0.0007089179682,-0.002770578027,-0.00163929547,0.0001376363435,-0.001501659127,-0.0009286850033,-0.0001581200655,-0.001086805069,-0.000952960273,4.949710048e-05,-0.0009034631726,0.000638173652,-9.023320992e-06,0.0006291503311,-0.001097309162,0.0003951195081,-0.0007021896541,0.0006982346364,-0.0001894340739,0.0005088005625,8.51238317e-05,0.0001009193158,0.0001860431475,-0.0003900762033,0.000293400037,-9.667616634e-05,-0.002550072456,-0.000648346259,-0.003198418715,-0.001603063676,-0.0003020543519,-0.001905118028,-0.002612364478,-0.0006324378057,-0.003244802283,-0.0009605644746,-0.0002883980713,-0.001248962546,-0.001419289168,0.0002595839701,-0.001159705198,-0.001783592378,0.000154735143,-0.001628857235,-0.001736114821,0.0002448105929,-0.001491304228,-0.003100776154,3.928540891e-05,-0.003061490745,-0.001418553947,0.0002436014482,-0.001174952499,-0.001493047144,8.350080938e-05,-0.001409546335,-0.003781567911,0.0003615693191,-0.003419998592,-0.003136407314,0.0003290955761,-0.002807311738,-0.003705887976,0.0007265805235,-0.002979307452,-0.003215232717,-0.000777177023,-0.00399240974,-0.000470778738,-0.0002893641842,-0.0007601429222,-0.004503669722,-0.0008711487992,-0.005374818521,-0.001553641395,-3.934241058e-05,-0.001592983805,-0.001865921738,0.0003618561942,-0.001504065543,-0.001895623008,0.0002673526747,-0.001628270334,-0.001500771883,0.0001009840642,-0.001399787819,-0.002319329861,5.13782961e-05,-0.002267951565,-0.003485464201,0.0004669759728,-0.003018488228,-0.001819351937,2.522439196e-05,-0.001794127545,-0.004114359851,0.000219834356,-0.003894525495,-0.003146439293,0.0002831151992,-0.002863324094
28.8,-0.001695911803,0.001489818169,-0.0002060936339,-0.001894549877,6.02403622e-05,-0.001834309515,-0.003514571221,0.0007104636217,-0.002804107599,-0.001682760713,0.0001410656841,-0.001541695029,-0.0009413869889,-0.0001546820579,-0.001096069047,-0.000989089649,4.48672356e-05,-0.0009442224134,0.0006401660604,-9.707289854e-06,0.0006304587705,-0.001101245191,0.0003901085373,-0.0007111366538,0.0006839541213,-0.000204554201,0.0004793999204,9.511648173e-05,9.253563945e-05,0.0001876521212,-0.0004033330237,0.0002900783136,-0.00011325471,-0.002578639649,-0.0006525059092,-0.003231145559,-0.001564019549,-0.0003142006759,-0.001878220225,-0.002628735109,-0.000632144978,-0.003260880087,-0.0009524801512,-0.0002798429265,-0.001232323078,-0.001416820217,0.0002697235563,-0.001147096661,-0.001777991698,0.000167341478,-0.00161065022,-0.001750780075,0.00025233357,-0.001498446505,-0.003092337096,3.552315787e-05,-0.003056813938,-0.001436966395,0.0002404081955,-0.001196558199,-0.001537627815,8.587558476e-05,-0.00145175223,-0.003813935725,0.0003564126706,-0.003457523055,-0.003198584773,0.0003352137082,-0.002863371065,-0.003738598487,0.0007208554278,-0.00301774306,-0.00318859407,-0.0007849190869,-0.003973513157,-0.000458930637,-0.0002941169891,-0.000753047626,-0.004461842707,-0.0008832537038,-0.005345096411,-0.001536418959,-3.000768988e-05,-0.001566426649,-0.001835568138,0.0003557523116,-0.001479815827,-0.001844734601,0.0002507136122,-0.001594020989,-0.001481623471,9.89736679e-05,-0.001382649803,-0.002284354922,4.449076964e-05,-0.002239864152,-0.003444955511,0.0004549986735,-0.002989956838,-0.001795202807,2.640780659e-05,-0.001768795,-0.004070519745,0.0002172316174,-0.003853288127,-0.003104310873,0.0002951671855,-0.002809143687
28.9,-0.00172167732,0.00148483633,-0.0002368409904,-0.001950974071,6.558791033e-05,-0.001885386161,-0.003549799363,0.0007113635165,-0.002838435846,-0.001726927963,0.0001442119267,-0.001582716037,-0.0009551184385,-0.0001513680287,-0.001106486467,-0.001026848857,3.997051935e-05,-0.0009868783374,0.0006400082667,-1.06311107e-05,0.000629377156,-0.0011049194,0.0003848322339,-0.0007200871661,0.000669434155,-0.0002198220914,0.0004496120636,0.0001045245772,8.395954515e-05,0.0001884841224,-0.0004181478312,0.0002867500975,-0.0001313977337,-0.002608573878,-0.0006565854002,-0.003265159278,-0.001526387728,-0.0003265388294,-0.001852926557,-0.002647592456,-0.0006316692486,-0.003279261705,-0.0009478186391,-0.0002715228237,-0.001219341463,-0.001414918304,0.0002800266703,-0.001134891634,-0.001772238205,0.0001793746731,-0.001592863532,-0.00176661788,0.0002595718902,-0.00150704599,-0.003083378969,3.178331711e-05,-0.003051595652,-0.001455402364,0.0002375184504,-0.001217883914,-0.00158272601,8.865339696e-05,-0.001494072613,-0.003847043209,0.0003514900591,-0.00349555315,-0.003260704631,0.0003414990863,-0.002919205545,-0.003771042009,0.0007153775358,-0.003055664474,-0.003162978696,-0.0007931761755,-0.003956154872,-0.0004488390211,-0.0002982945943,-0.0007471336154,-0.004422383768,-0.0008949639722,-0.005317347741,-0.00152043483,-2.062105732e-05,-0.001541055887,-0.001806281251,0.000349533462,-0.001456747789,-0.001796111177,0.0002343294737,-0.001561781703,-0.001463170074,9.634712018e-05,-0.001366822954,-0.002250883264,3.776762041e-05,-0.002213115644,-0.003402577491,0.0004420809287,-0.002960496562,-0.00177241053,2.861483724e-05,-0.001743795693,-0.004025223854,0.0002139673653,-0.003811256488,-0.003063130169,0.0003080289201,-0.002755101249
29.0,-0.001748359176,0.001479776114,-0.0002685830621,-0.002007893882,7.113706978e-05,-0.001936756812,-0.00358506245,0.0007116481003,-0.002873414349,-0.001771583423,0.0001470788928,-0.00162450453,-0.0009697557579,-0.0001481800534,-0.001117935811,-0.00106605015,3.485335244e-05,-0.001031196798,0.0006377604973,-1.177551864e-05,0.0006259849787,-0.001108303209,0.0003793192781,-0.0007289839308,0.0006549265567,-0.0002351541936,0.0004197723631,0.0001134280594,7.524372651e-05,0.0001886717859,-0.0004343918018,0.0002835116807,-0.0001508801211,-0.00263966992,-0.0006605532487,-0.003300223168,-0.001490294737,-0.0003390122447,-0.001829306981,-0.00266880959,-0.0006309834661,-0.003299793056,-0.0009464299019,-0.00026357675,-0.001210006652,-0.001413570907,0.00029044915,-0.001123121757,-0.00176618858,0.0001906760202,-0.00157551256,-0.001783588995,0.0002665405652,-0.00151704843,-0.003073875899,2.807722162e-05,-0.003045798678,-0.001473729766,0.000234961551,-0.001238768215,-0.001628084679,9.18493168e-05,-0.001536235362,-0.003880687705,0.0003468652297,-0.003533822476,-0.003322437157,0.0003479647169,-0.00297447244,-0.003802937849,0.0007101839776,-0.003092753871,-0.003138457971,-0.0008018876541,-0.003940345625,-0.0004404424997,-0.0003019096273,-0.000742352127,-0.00438539379,-0.0009061860835,-0.005291579873,-0.001505583744,-1.132222275e-05,-0.001516905966,-0.001778117223,0.0003432545828,-0.00143486264,-0.00174985153,0.0002182756007,-0.001531575929,-0.001445398658,9.313596552e-05,-0.001352262693,-0.002218956194,3.125449407e-05,-0.0021877017,-0.003358431861,0.0004282673287,-0.002930164532,-0.001750927722,3.180388105e-05,-0.001719123841,-0.0039786019,0.0002100516249,-0.003768550276,-0.00302304325,0.0003216310876,-0.002701412163
29.1,-0.001775775718,0.001474677796,-0.0003010979222,-0.002064984734,7.68620687e-05,-0.001988122665,-0.003620221174,0.0007113516319,-0.002908869542,-0.001816492331,0.0001496720953,-0.001666820236,-0.0009851528707,-0.0001451200604,-0.001130272931,-0.001106479491,2.956101017e-05,-0.001076918481,0.0006335106021,-1.31191676e-05,0.0006203914345,-0.001111355411,0.0003735980293,-0.0007377573813,0.0006406942116,-0.0002504656484,0.0003902285632,0.0001219268201,6.644031848e-05,0.0001883671386,-0.0004519125024,0.0002804583265,-0.0001714541758,-0.002671693009,-0.0006643881202,-0.003336081129,-0.001455832569,-0.0003515691442,-0.001807401713,-0.002692216618,-0.0006300735478,-0.003322290166,-0.0009481327732,-0.0002561376061,-0.001204270379,-0.001412744899,0.0003009382338,-0.001111806666,-0.001759672228,0.0002010726916,-0.001558599536,-0.001801628865,0.0002732540166,-0.001528374849,-0.003063785619,2.440608462e-05,-0.003039379534,-0.001491801618,0.0002327640252,-0.001259037593,-0.001673431027,9.547494124e-05,-0.001577956086,-0.003914645258,0.0003426003367,-0.003572044921,-0.003383436094,0.0003546213249,-0.003028814769,-0.003833997862,0.0007053074894,-0.003128690373,-0.00311509868,-0.0008109751121,-0.003926073792,-0.0004336661315,-0.000304976202,-0.0007386423335,-0.004350939384,-0.0009168292383,-0.005267768622,-0.001491739686,-2.251934094e-06,-0.00149399162,-0.001751111437,0.0003369713679,-0.001414140069,-0.001706017505,0.0002026171076,-0.001503400397,-0.001428281424,8.937416458e-05,-0.001338907259,-0.002188590799,2.499205717e-05,-0.002163598742,-0.003312622143,0.0004136006629,-0.00289902148,-0.001730673843,3.591453335e-05,-0.00169475931,-0.00393078253,0.0002055039668,-0.003725278564,-0.002984176581,0.000335898093,-0.002648278488
29.2,-0.001803720999,0.001469578668,-0.0003341423307,-0.002121905208,8.273339759e-05,-0.00203917181,-0.003655114203,0.000710511767,-0.002944602436,-0.001861399961,0.0001519986291,-0.001709401332,-0.001001139839,-0.0001421900745,-0.001143329914,-0.001147897107,2.413715837e-05,-0.001123759948,0.0006273757886,-1.463899447e-05,0.0006127367941,-0.00111402207,0.0003676960015,-0.0007463260688,0.0006270106588,-0.0002656714546,0.0003613392042,0.0001301416182,5.760031122e-05,0.0001877419295,-0.0004705328263,0.0002776829113,-0.000192849915,-0.002704383488,-0.0006680759235,-0.003372459412,-0.001423056485,-0.0003641633444,-0.001787219829,-0.002717601851,-0.0006289394688,-0.00334654132,-0.0009527154985,-0.000249331613,-0.001202047112,-0.001412385813,0.0003114338806,-0.001100951932,-0.001752492558,0.000210381282,-0.001542111276,-0.001820644599,0.0002797254089,-0.00154091919,-0.003053048339,2.076124853e-05,-0.003032287091,-0.001509457088,0.0002309491836,-0.001278507904,-0.001718478493,9.953810141e-05,-0.001618940392,-0.003948672806,0.0003387555195,-0.003609917287,-0.003443341033,0.0003614771171,-0.003081863916,-0.003863929291,0.000700776371,-0.00316315292,-0.003092957372,-0.000820346524,-0.003913303896,-0.0004284201905,-0.0003075081764,-0.0007359283668,-0.004319047448,-0.0009268090513,-0.0052458565,-0.001478757181,6.453107432e-06,-0.001472304073,-0.00172527784,0.0003307397089,-0.001394538131,-0.001664634783,0.0001874093934,-0.00147722539,-0.001411775189,8.509809573e-05,-0.001326677093,-0.002159778521,1.901473761e-05,-0.002140763784,-0.003265252573,0.0003981229216,-0.002867129651,-0.001711534318,4.086614404e-05,-0.001670668174,-0.003881893175,0.0002003543158,-0.00368153886,-0.002946638145,0.000350751244,-0.002595886901
29.3,-0.001831966051,0.001464512808,-0.0003674532439,-0.002178300387,8.871808842e-05,-0.002089582298,-0.003689558871,0.0007091691559,-0.002980389715,-0.00190603361,0.0001540671261,-0.001751966484,-0.001017524094,-0.0001393924237,-0.001156916517,-0.001190039176,1.862339808e-05,-0.001171415778,0.0006195014194,-1.631058725e-05,0.0006031908322,-0.001116237158,0.000361639561,-0.0007545975967,0.0006141563429,-0.0002806876396,0.0003334687033,0.0001382116676,4.877288803e-05,0.0001869845556,-0.0004900531243,0.0002752745398,-0.0002147785845,-0.002737462576,-0.0006716068272,-0.003409069404,-0.001391986098,-0.0003767538918,-0.00176873999,-0.00274471519,-0.0006275958231,-0.003372311013,-0.0009599382055,-0.0002432777451,-0.001203215951,-0.001412419114,0.0003218705105,-0.001090548604,-0.001744431087,0.0002184119185,-0.001526019169,-0.00184051486,0.0002859661745,-0.001554548685,-0.003041588206,1.712529271e-05,-0.003024462913,-0.001526523445,0.0002295367534,-0.001296986692,-0.001762929939,0.0001040426768,-0.001658887262,-0.003982512083,0.0003353884365,-0.003647123646,-0.003501781825,0.0003685375731,-0.003133244252,-0.003892438779,0.0006966145593,-0.003195824219,-0.003072075632,-0.0008299001857,-0.003901975818,-0.0004246011303,-0.0003095175539,-0.0007341186842,-0.004289701189,-0.0009360518404,-0.00522575303,-0.001466474662,1.466436117e-05,-0.001451810301,-0.001700611559,0.0003246149696,-0.00137599659,-0.001625697301,0.0001726991331,-0.001452998168,-0.001395822914,8.034670345e-05,-0.001315476211,-0.002132486116,1.334998015e-05,-0.002119136136,-0.003216428447,0.0003818771205,-0.002834551327,-0.001693362196,4.655736877e-05,-0.001646804827,-0.003832061412,0.0001946432832,-0.003637418129,-0.002910518469,0.0003661113754,-0.002544407093
29.4,-0.001860261571,0.001459511027,-0.0004007505435,-0.002233806793,9.478015657e-05,-0.002139026637,-0.003723353484,0.0007073670203,-0.003015986463,-0.001950105739,0.0001558877185,-0.00179421802,-0.001034094552,-0.0001367299045,-0.001170824457,-0.001232620876,1.30588434e-05,-0.001219562032,0.0006100568579,-1.810855695e-05,0.000591948301,-0.001117924089,0.0003554539246,-0.000762470164,0.0006024117745,-0.0002954323168,0.0003069794577,0.0001462890979,4.000482371e-05,0.0001862939216,-0.0005102564537,0.000273317245,-0.0002369392087,-0.002770638624,-0.0006749729311,-0.003445611555,-0.001362609797,-0.0003893034499,-0.001751913247,-0.002773274329,-0.0006260713684,-0.003399345698,-0.0009695379582,-0.0002380867884,-0.001207624747,-0.001412753967,0.0003321789292,-0.001080575038,-0.001735254359,0.0002249730555,-0.001510281304,-0.001861093291,0.0002919858538,-0.001569107438,-0.003029317759,1.347405115e-05,-0.003015843708,-0.001542819146,0.0002285427336,-0.001314276412,-0.001806482193,0.0001089886535,-0.001697493539,-0.004015895202,0.0003325538475,-0.003683341354,-0.003558384785,0.0003758053131,-0.003182579472,-0.003919237434,0.0006928417944,-0.00322639564,-0.003052477755,-0.0008395284685,-0.003892006223,-0.0004220952184,-0.0003110131071,-0.0007331083255,-0.004262840234,-0.0009444980749,-0.005207338309,-0.00145471995,2.226387714e-05,-0.001432456073,-0.001677094405,0.0003186512581,-0.001358443147,-0.001589174767,0.000158525658,-0.001430649109,-0.00138035753,7.516174884e-05,-0.001305195781,-0.002106659232,8.018090691e-06,-0.002098641141,-0.003166258451,0.0003649099278,-0.002801348523,-0.00167598263,5.286660783e-05,-0.001623116022,-0.003781417301,0.0001884215414,-0.003592995759,-0.002875890844,0.0003818996839,-0.00249399116
29.5,-0.001888341955,0.001454600974,-0.000433740981,-0.002288058765,0.0001008812422,-0.002187177523,-0.003756281044,0.0007051506918,-0.003051130352,-0.001993318164,0.0001574719647,-0.0018358462,-0.001050628054,-0.0001342058988,-0.001184833953,-0.001275340679,7.479784032e-06,-0.001267860895,0.0005992291439,-2.000688729e-05,0.0005792222566,-0.001118998116,0.0003491634563,-0.0007698346597,0.0005920486771,-0.0003098265403,0.0002822221367,0.0001545312948,3.134008049e-05,0.0001858713753,-0.000530916062,0.0002718888941,-0.0002590271678,-0.002803613642,-0.0006781667871,-0.003481780429,-0.001334891575,-0.000401776249,-0.001736667824,-0.002802973561,-0.000624407305,-0.003427380866,-0.0009812356965,-0.000233860223,-0.001215095919,-0.001413288961,0.000342288115,-0.001071000847,-0.001724723766,0.0002298773165,-0.00149484645,-0.001882214898,0.0002977921007,-0.001584422798,-0.003016144933,9.779358967e-06,-0.003006365575,-0.001558157842,0.0002279794571,-0.001330178385,-0.001848831666,0.0001143723869,-0.001734459279,-0.004048551411,0.0003303032119,-0.003718248199,-0.003612779998,0.0003832800263,-0.003229499972,-0.003944046494,0.0006894738131,-0.003254572681,-0.003034171054,-0.0008491214456,-0.0038832925,-0.0004207842668,-0.0003119993595,-0.0007327836263,-0.004238365436,-0.0009521044019,-0.005190469838,-0.001443317493,2.914521532e-05,-0.001414172278,-0.001654702164,0.0003129008439,-0.00134180132,-0.001555022103,0.0001449225815,-0.001410099522,-0.001365307417,6.958794846e-05,-0.001295719469,-0.002082227895,3.032371704e-06,-0.002079195523,-0.003114859103,0.0003472755909,-0.002767583513,-0.001659199717,5.965320924e-05,-0.001599546508,-0.003730096182,0.0001817482596,-0.003548347923,-0.002842811262,0.0003980366822,-0.00244477458
29.6,-0.001915930332,0.001449807267,-0.0004661230644,-0.002340695719,0.0001069814357,-0.002233714284,-0.003788113997,0.0007025671564,-0.003085546841,-0.002035367014,0.0001588327504,-0.001876534264,-0.001066896997,-0.0001318244097,-0.001198721406,-0.001317885548,1.919473666e-06,-0.001315966074,0.0005872157318,-2.197924152e-05,0.0005652364902,-0.001119369326,0.0003427921835,-0.0007765771425,0.0005833206817,-0.0003237949711,0.0002595257105,0.0001630925767,2.281962328e-05,0.0001859122,-0.0005518037234,0.0002710603285,-0.0002807433949,-0.002836089679,-0.0006811808879,-0.003517270567,-0.001308778947,-0.000414136558,-0.001722915505,-0.002833494121,-0.0006226544347,-0.003456148555,-0.0009947441658,-0.000230689131,-0.001225433297,-0.001413918867,0.0003521267557,-0.001061792112,-0.001712608437,0.0002329490518,-0.001479659385,-0.001903703987,0.0003033905962,-0.001600313391,-0.003001981404,6.011949564e-06,-0.002995969454,-0.001572352841,0.0002278556775,-0.001344497164,-0.001889680448,0.0001201868912,-0.001769493557,-0.004080214194,0.0003286842126,-0.003751529981,-0.003664608827,0.0003909584555,-0.003273650371,-0.003966603055,0.0006865225123,-0.003280080543,-0.003017148276,-0.0008585701542,-0.00387571843,-0.0004205523031,-0.0003124760377,-0.0007330283408,-0.00421614702,-0.0009588445224,-0.005174991542,-0.001432096537,3.521357136e-05,-0.001396882966,-0.001633412204,0.0003074137823,-0.001325998422,-0.001523189185,0.0001319194651,-0.00139126972,-0.001350602462,6.367268729e-05,-0.001286929775,-0.002059112684,-1.600814985e-06,-0.002060713499,-0.003062360524,0.000329040894,-0.00273331963,-0.001642804931,6.67595483e-05,-0.001576045383,-0.003678241463,0.0001746889887,-0.003503552474,-0.00281131876,0.0004144397626,-0.002396878997
29.7,-0.001942744039,0.001445151653,-0.0004975923856,-0.002391369568,0.0001130402661,-0.002278329302,-0.003818619379,0.0006996646509,-0.003118954728,-0.002075948014,0.0001599841978,-0.001915963816,-0.001082676799,-0.0001295899969,-0.001212266796,-0.001359936465,-3.591979131e-06,-0.001363528444,0.0005742177709,-2.399925286e-05,0.000550218518,-0.001118945868,0.0003363643819,-0.0007825814857,0.0005764554022,-0.0003372664523,0.0002391889499,0.000172116902,1.448137539e-05,0.0001865982774,-0.0005726972718,0.0002708946763,-0.0003018025955,-0.00286777442,-0.0006840080602,-0.00355178248,-0.001284210829,-0.0004263478466,-0.001710558676,-0.00286451453,-0.0006208695833,-0.003485384113,-0.00100977624,-0.0002286530361,-0.001238429276,-0.001414541482,0.0003616247174,-0.001052916765,-0.001698700765,0.0002340341789,-0.001464666586,-0.001925382007,0.0003087848614,-0.001616597146,-0.00298675076,2.143888494e-06,-0.002984606871,-0.001585221483,0.0002281765513,-0.001357044932,-0.001928742216,0.0001264220617,-0.001802320154,-0.004110627938,0.0003277402383,-0.0037828877,-0.003713530706,0.0003988344916,-0.003314696215,-0.003986665291,0.0006839960784,-0.003302669213,-0.003001391408,-0.0008677690941,-0.003869160502,-0.0004212918422,-0.0003124379818,-0.000733729824,-0.004196034204,-0.0009647095306,-0.005160743734,-0.001420898782,4.038573243e-05,-0.00138051305,-0.001613209756,0.0003022377421,-0.001310972014,-0.001493629096,0.0001195433609,-0.001374085735,-0.001336179433,5.746513535e-05,-0.001278714298,-0.002037230369,-5.882125122e-06,-0.002043112494,-0.00300891173,0.0003102897944,-0.002698621936,-0.001626586042,7.401403511e-05,-0.001552572007,-0.003626006698,0.000167313278,-0.00345869342,-0.002781435929,0.000431019756,-0.002350416173
29.8,-0.001968499973,0.001440653186,-0.0005278467866,-0.002439751458,0.00011901779,-0.002320733668,-0.003847563705,0.000696492274,-0.003151071431,-0.002114761571,0.0001609415586,-0.001953820012,-0.001097751794,-0.0001275076589,-0.001225259453,-0.00140117366,-9.027681951e-06,-0.001410201342,0.0005604353398,-2.604085277e-05,0.0005343944871,-0.001117637008,0.0003299050491,-0.0007877319594,0.0005716495433,-0.0003501745693,0.000221474974,0.0001817331445,6.360238305e-06,0.0001880933829,-0.0005933858064,0.000271446792,-0.0003219390144,-0.002898385459,-0.0006866422638,-0.003585027723,-0.001261124557,-0.0004383720236,-0.00169949658,-0.002895719294,-0.0006191118917,-0.003514831185,-0.001026052831,-0.0002278185891,-0.00125387142,-0.001415063756,0.0003707147067,-0.00104434905,-0.00168283291,0.000233011703,-0.001449821207,-0.00194707361,0.0003139761681,-0.001633097442,-0.002970395155,-1.849632972e-06,-0.002972244788,-0.001596589002,0.0002289435716,-0.00136764543,-0.001965747335,0.0001330649085,-0.001832682427,-0.004139553463,0.0003275099771,-0.003812043486,-0.00375922858,0.0004068994162,-0.003352329164,-0.004004016667,0.0006818991325,-0.003322117534,-0.00298687621,-0.0008766175027,-0.003863493712,-0.0004229083973,-0.0003118754536,-0.0007347838509,-0.004177865127,-0.0009697078267,-0.005147572953,-0.001409584025,4.459023906e-05,-0.001364993786,-0.001594091508,0.0002974179907,-0.001296673517,-0.001466303502,0.0001078201635,-0.001358483339,-0.001321985591,5.101492683e-05,-0.001270970664,-0.002016498101,-9.819191135e-06,-0.002026317292,-0.002954683692,0.000291126236,-0.002663557456,-0.001610335455,8.12349002e-05,-0.001529100555,-0.003573556036,0.0001596920415,-0.003413863995,-0.002753168858,0.0004476769725,-0.002305491885
29.9,-0.001992919328,0.001436328443,-0.0005565908851,-0.002485537123,0.0001248756289,-0.002360661494,-0.003874717094,0.0006930995291,-0.003181617565,-0.00215151725,0.0001617210331,-0.001989796217,-0.001111918716,-0.0001255827512,-0.001237501467,-0.001441281098,-1.436401931e-05,-0.001455645118,0.0005460652438,-2.807866366e-05,0.0005179865802,-0.001115355726,0.0003234401221,-0.0007919156037,0.0005690675226,-0.0003624582092,0.0002066093134,0.0001920534484,-1.511846224e-06,0.0001905416022,-0.0006136720326,0.0002727628403,-0.0003409091923,-0.00292765302,-0.0006890791578,-0.003616732178,-0.001239461414,-0.0004501681805,-0.001689629594,-0.002926804953,-0.0006174396456,-0.003544244598,-0.001043309406,-0.0002282383091,-0.001271547715,-0.001415406566,0.000379334149,-0.001036072417,-0.001664891887,0.0002298048953,-0.001435086992,-0.001968609882,0.000318963657,-0.001649646225,-0.00295287965,-5.988927829e-06,-0.002958868578,-0.001606291657,0.0002301545481,-0.001376137109,-0.002000446814,0.0001400999047,-0.001860346909,-0.004166772109,0.0003280271824,-0.003838744927,-0.003801412912,0.0004151422242,-0.003386270688,-0.004018468957,0.0006802329521,-0.003338236005,-0.002973576803,-0.0008850190505,-0.003858595854,-0.0004253223044,-0.0003107747996,-0.000736097104,-0.004161476133,-0.0009738641036,-0.005135340236,-0.001398033384,4.77681858e-05,-0.001350265198,-0.001576066247,0.0002929974587,-0.001283068789,-0.001441185044,9.677580074e-05,-0.001344409243,-0.00130798025,4.437083963e-05,-0.001263609411,-0.00199683592,-1.342616666e-05,-0.002010262086,-0.002899869707,0.0002716747224,-0.002628194985,-0.001593857408,8.823465002e-05,-0.001505622758,-0.003521062619,0.0001518947902,-0.003369167829,-0.002726506359,0.0004642975474,-0.002262208812
30.0,-0.002015731529,0.001432191673,-0.0005835398555,-0.002528450658,0.000130577817,-0.002397872841,-0.003899856646,0.0006895357604,-0.003210320886,-0.002185937599,0.0001623395036,-0.002023598095,-0.001124988202,-0.0001238209861,-0.001248809188,-0.001479950221,-1.958066433e-05,-0.001499530885,0.0005313005571,-3.008842924e-05,0.0005012121279,-0.001112020822,0.0003169964021,-0.0007950244201,0.0005688422403,-0.0003740621102,0.0001947801301,0.0002031734903,-9.105804649e-06,0.0001940676857,-0.0006333727985,0.0002748800378,-0.0003584927607,-0.002955321518,-0.0006913162361,-0.003646637755,-0.001219170445,-0.0004616908659,-0.001680861311,-0.002957483719,-0.0006159080455,-0.003573391764,-0.001061300772,-0.0002299498805,-0.001291250653,-0.001415508001,0.0003874270144,-0.001028080986,-0.001644831322,0.0002243897754,-0.001420441547,-0.001989829154,0.0003237445996,-0.001666084555,-0.002934194256,-1.028865824e-05,-0.002944482914,-0.001614179233,0.0002318036088,-0.001382375625,-0.002032615255,0.0001475094126,-0.001885105842,-0.004192088618,0.0003293204455,-0.003862768173,-0.003839824947,0.000423549897,-0.00341627505,-0.004029864444,0.0006789957958,-0.003350868649,-0.002961469899,-0.0008928801209,-0.00385435002,-0.0004284681929,-0.0003091193549,-0.0007375875478,-0.004146709326,-0.0009772171742,-0.0051239265,-0.001386151022,4.987495255e-05,-0.001336276069,-0.001559153811,0.0002890167895,-0.001270137021,-0.001418258107,8.643728066e-05,-0.001331820826,-0.001294135019,3.757984781e-05,-0.001256555172,-0.001978168138,-1.672275809e-05,-0.001994890896,-0.002844684252,0.0002520794105,-0.002592604841,-0.001576974217,9.482524227e-05,-0.001482148975,-0.003468705775,0.0001439872298,-0.003324718546,-0.002701419123,0.0004807508759,-0.002220668247
30.1,-0.002036677651,0.001428254863,-0.0006084227878,-0.002568247296,0.0001360914794,-0.002432155816,-0.003922769611,0.0006858495462,-0.003236920065,-0.002217761691,0.0001628142465,-0.002054947445,-0.001136785741,-0.000122228492,-0.001259014233,-0.001516883398,-2.466050053e-05,-0.001541543899,0.0005163301548,-3.204743036e-05,0.0004842827244,-0.001107558805,0.0003106012525,-0.0007969575522,0.0005710756807,-0.0003849373975,0.0001861382832,0.0002151725346,-1.639535348e-05,0.0001987771811,-0.0006523198076,0.0002778265183,-0.0003744932892,-0.002981150883,-0.0006933529853,-0.003674503868,-0.001200210887,-0.0004728884087,-0.001673099295,-0.002987486008,-0.0006145678503,-0.003602053858,-0.001079804769,-0.0002329762515,-0.00131278102,-0.001415325641,0.000394945259,-0.001020380382,-0.001622678863,0.0002167994632,-0.0014058794,-0.002010577167,0.0003283146916,-0.001682262475,-0.00291435451,-1.475689054e-05,-0.0029291114,-0.001620117276,0.0002338811476,-0.001386236128,-0.002062053377,0.0001552740732,-0.001906779304,-0.004215333524,0.0003314127621,-0.003883920762,-0.003874240178,0.0004321075742,-0.003442132604,-0.004038077967,0.0006781833319,-0.003359894635,-0.002950538573,-0.0009001075591,-0.003850646132,-0.0004322936964,-0.0003068904063,-0.0007391841027,-0.004133418109,-0.0009798168559,-0.005113234965,-0.001373865496,5.088238108e-05,-0.001322983114,-0.00154338432,0.0002855142621,-0.001257870058,-0.001397519826,7.683344763e-05,-0.001320686379,-0.001280433987,3.068659459e-05,-0.001249747392,-0.001960424803,-1.973282134e-05,-0.001980157625,-0.002789361468,0.0002325024285,-0.00255685904,-0.00155953222,0.0001008239017,-0.001458708318,-0.003416668837,0.0001360299161,-0.003280638921,-0.002677859859,0.0004968885078,-0.002180971351
30.2,-0.002055513894,0.001424527789,-0.000630986105,-0.002604715992,0.0001413874629,-0.002463328529,-0.003943256963,0.0006820881343,-0.003261168829,-0.002246748814,0.0001631626924,-0.002083586121,-0.001147153545,-0.000120811872,-0.001267965417,-0.001551797594,-2.958946953e-05,-0.001581387064,0.000501336783,-3.393485074e-05,0.0004674019323,-0.001101905809,0.0003042821755,-0.0007976236334,0.0005758377662,-0.0003950420728,0.0001807956934,0.0002281117544,-2.335696069e-05,0.0002047547938,-0.0006703619616,0.000281621276,-0.0003887406856,-0.003004918242,-0.0006951917238,-0.003700109966,-0.001182553794,-0.0004837019409,-0.001666255735,-0.003016563364,-0.00061346437,-0.003630027734,-0.001098625957,-0.0002373260898,-0.001335952047,-0.001414838504,0.0004018496335,-0.00101298887,-0.001598539031,0.0002071242694,-0.001391414762,-0.002030708454,0.0003326682838,-0.00169804017,-0.002893401863,-1.939440611e-05,-0.002912796269,-0.001623989521,0.0002363737851,-0.001387615736,-0.00208859068,0.0001633731443,-0.001925217536,-0.004236365739,0.0003343208935,-0.003902044845,-0.003904472611,0.0004407986962,-0.003463673915,-0.004043019329,0.0006777891811,-0.003365230148,-0.002940775906,-0.0009066070833,-0.003847382989,-0.0004367591077,-0.0003040680968,-0.0007408272046,-0.004121472036,-0.0009817200622,-0.005103192098,-0.001361131116,5.07802812e-05,-0.001310350835,-0.001528798944,0.0002825254447,-0.001246273499,-0.001378982285,6.799521097e-05,-0.001310987074,-0.001266874815,2.373319586e-05,-0.001243141619,-0.001943544383,-2.248269078e-05,-0.001966027074,-0.002734153606,0.0002131212358,-0.00252103237,-0.001541407873,0.0001060591022,-0.001435348771,-0.003365139105,0.000128078392,-0.003237060713,-0.00265576553,0.0005125445755,-0.002143220955
30.3,-0.002072015523,0.001421018187,-0.0006509973357,-0.002637682375,0.0001464409638,-0.002491241411,-0.003961137674,0.0006782969501,-0.003282840723,-0.002272682534,0.0001634022369,-0.002109280297,-0.001155953999,-0.0001195782359,-0.001275532235,-0.001584428527,-3.435637403e-05,-0.001618784901,0.000486493232,-3.573208289e-05,0.0004507611491,-0.001095009711,0.0002980663542,-0.0007969433568,0.0005831632658,-0.0004043413826,0.0001788218832,0.0002420305638,-2.996979472e-05,0.000212060769,-0.0006873696117,0.0002862742013,-0.0004010954104,-0.003026420161,-0.0006968393612,-0.003723259522,-0.001166183485,-0.0004940654883,-0.001660248973,-0.003044492618,-0.0006126362162,-0.003657128834,-0.001117599955,-0.0002429940067,-0.001360593962,-0.001414048952,0.000408109732,-0.00100593922,-0.001572592086,0.0001955082404,-0.001377083846,-0.002050089803,0.0003367984699,-0.001713291333,-0.002871404948,-2.41942293e-05,-0.002895599177,-0.001625700786,0.0002392645174,-0.001386436268,-0.002112088558,0.0001717849027,-0.001940303656,-0.004255075716,0.0003380547696,-0.003917020946,-0.00393037974,0.0004496052114,-0.003480774529,-0.004044636104,0.0006778055388,-0.003366830565,-0.002932188953,-0.0009122832525,-0.003844472205,-0.0004418387345,-0.0003006322889,-0.0007424710234,-0.004110762607,-0.0009829866097,-0.005093749216,-0.001347929184,4.957647885e-05,-0.001298352705,-0.001515452196,0.0002800825106,-0.001235369685,-0.00136267588,5.995528268e-05,-0.001302720598,-0.001253471089,1.675935978e-05,-0.001236711729,-0.001927477922,-2.499950924e-05,-0.001952477432,-0.002679329491,0.0001941245328,-0.002485204958,-0.001522514161,0.0001103761461,-0.001412138015,-0.003314310265,0.000120184585,-0.00319412568,-0.002635062409,0.0005275377912,-0.002107524618
30.4,-0.002085981274,0.00141773205,-0.0006682492243,-0.002667011988,0.000151232055,-0.002515779933,-0.003976253518,0.0006745191577,-0.00330173436,-0.002295375072,0.0001635500599,-0.002131825012,-0.00116307442,-0.0001185352076,-0.001281609628,-0.001614535323,-3.895260976e-05,-0.001653487933,0.0004719570823,-3.74229688e-05,0.0004345341135,-0.001086832422,0.0002919802476,-0.0007948521747,0.000593047522,-0.0004128079711,0.0001802395509,0.0002569416697,-3.621556725e-05,0.0002207261024,-0.0007032400646,0.0002917862758,-0.0004114537888,-0.003045475601,-0.000698309591,-0.003743785192,-0.001151099282,-0.000503907059,-0.001655006341,-0.003071081062,-0.0006121136753,-0.003683194737,-0.001136598295,-0.0002499603677,-0.001386558663,-0.001412984422,0.0004137033115,-0.00099928111,-0.001545089747,0.0001821430404,-0.001362946706,-0.002068605583,0.0003406970454,-0.001727908538,-0.002848461956,-2.914134583e-05,-0.002877603301,-0.001625180252,0.0002425331246,-0.001382647128,-0.002132443759,0.000180487166,-0.001951956593,-0.004271389055,0.0003426171661,-0.003928771889,-0.00395186763,0.0004585078767,-0.003493359753,-0.004042916483,0.0006782237622,-0.003364692721,-0.002924803063,-0.0009170414483,-0.003841844511,-0.0004475237181,-0.0002965634336,-0.0007440871518,-0.004101210271,-0.0009836761215,-0.005084886393,-0.001334269198,4.729548203e-05,-0.001286973716,-0.001503414946,0.0002782133095,-0.001225201636,-0.001348653299,5.274775853e-05,-0.00129590554,-0.001240255578,9.802737605e-06,-0.00123045284,-0.001912193952,-2.730986828e-05,-0.001939503821,-0.002625173449,0.0001757067365,-0.002449466712,-0.001502807391,0.0001136421803,-0.001389165211,-0.003264386279,0.0001123986985,-0.00315198758,-0.0026156738,0.0005416747502,-0.00207399905
30.5,-0.002097237854,0.001414673961,-0.0006825638933,-0.002692613488,0.0001557460376,-0.00253686745,-0.003988473962,0.0006707952886,-0.003317678673,-0.002314671682,0.0001636229481,-0.002151048734,-0.001168432257,-0.0001176908911,-0.001286123148,-0.001641905373,-4.337177978e-05,-0.001685277153,0.0004578650815,-3.8993964e-05,0.0004188711175,-0.001077352242,0.0002860493181,-0.0007913029241,0.0006054422846,-0.0004204217984,0.0001850204862,0.0002728261218,-4.207824058e-05,0.0002307478813,-0.0007179031278,0.00029814996,-0.0004197531677,-0.003061929843,-0.0006996246294,-0.003761554473,-0.001137317578,-0.0005131504303,-0.001650468008,-0.003096171667,-0.0006119170412,-0.003708088709,-0.001155533249,-0.0002581906729,-0.001413723922,-0.001411698759,0.0004186151452,-0.000993083614,-0.001516348121,0.0001672598928,-0.001349088228,-0.002086164138,0.0003443545663,-0.001741809572,-0.002824703434,-3.421268326e-05,-0.002858916117,-0.001622384761,0.0002461567004,-0.001376228061,-0.002149591725,0.0001894578127,-0.001960133912,-0.004285269956,0.000348003661,-0.003937266295,-0.003968895178,0.0004674866141,-0.003501408564,-0.004037891597,0.0006790347793,-0.003358856817,-0.002918665745,-0.0009207919374,-0.003839457683,-0.0004538255223,-0.000291843409,-0.0007456689313,-0.004092771679,-0.0009838470532,-0.005076618732,-0.00132019012,4.397636605e-05,-0.001276213754,-0.001492776983,0.0002769404432,-0.00121583654,-0.001336992812,4.640770539e-05,-0.001290585107,-0.001227283516,2.899257511e-06,-0.001224384258,-0.001897683039,-2.943887224e-05,-0.001927121911,-0.002571984788,0.0001580616037,-0.002413923185,-0.001482294154,0.0001157507131,-0.001366543441,-0.003215585196,0.0001047707578,-0.003110814438,-0.002597528829,0.0005547537318,-0.002042775097
30.6,-0.002105644044,0.001411847445,-0.000693796599,-0.002714441257,0.0001599736747,-0.002554467582,-0.003997700496,0.0006671629922,-0.003330537503,-0.002330454621,0.0001636371602,-0.002166817461,-0.00117197945,-0.0001170537632,-0.001289033213,-0.001666358833,-4.760921892e-05,-0.001713968052,0.0004443285205,-4.043422507e-05,0.0004038942954,-0.001066566036,0.0002802978825,-0.0007862681536,0.0006202532456,-0.0004271699178,0.0001930833278,0.0002896299411,-4.754367748e-05,0.0002420862637,-0.0007313251568,0.0003053497343,-0.0004259754225,-0.003075658858,-0.0007008160298,-0.003776474887,-0.001124873882,-0.0005217171745,-0.001646591056,-0.003119647207,-0.0006120553227,-0.00373170253,-0.001174361694,-0.0002676345357,-0.00144199623,-0.001410273098,0.0004228358907,-0.0009874372069,-0.001486738002,0.0001511202791,-0.001335617723,-0.00210270402,0.0003477608194,-0.001754943201,-0.002800294255,-3.937748711e-05,-0.002839671742,-0.001617301606,0.0002501101458,-0.00136719146,-0.002163509201,0.0001986751344,-0.001964834067,-0.004296723645,0.000354202771,-0.003942520874,-0.003981476616,0.0004765209108,-0.003504955706,-0.004029636711,0.0006802292666,-0.003349407445,-0.002913849079,-0.000923455401,-0.00383730448,-0.0004607790092,-0.0002864561622,-0.0007472351714,-0.004085446144,-0.0009835571121,-0.005069003256,-0.001305761211,3.967048584e-05,-0.001266090726,-0.001483647787,0.0002762806379,-0.001207367149,-0.001327799007,4.097057357e-05,-0.001286828433,-0.001214634809,-3.916738709e-06,-0.001218551547,-0.001883961056,-3.140945108e-05,-0.001915370507,-0.002520077153,0.0001413757117,-0.002378701441,-0.001461037318,0.0001166253284,-0.001344411989,-0.003168141438,9.735126811e-05,-0.00307079017,-0.002580570075,0.0005665683071,-0.002014001768
30.7,-0.002111093895,0.001409255381,-0.0007018385145,-0.002732496878,0.0001639114229,-0.002568585455,-0.004003869695,0.0006636569201,-0.003340212775,-0.00234264614,0.0001636083439,-0.002179037796,-0.001173704558,-0.0001166324929,-0.001290337051,-0.001687752054,-5.166153863e-05,-0.001739413592,0.0004314310461,-4.173565271e-05,0.0003896953934,-0.00105449092,0.0002747489667,-0.0007797419534,0.0006373408354,-0.0004330462553,0.0002042945801,0.0003072638504,-5.259934312e-05,0.0002546645072,-0.0007435101147,0.0003133627151,-0.0004301473996,-0.003086572656,-0.0007019246872,-0.003788497343,-0.001113824404,-0.0005295283624,-0.001643352766,-0.003141432252,-0.0006125256546,-0.003753957907,-0.001193086607,-0.0002782245437,-0.001471311151,-0.001408815921,0.0004263613682,-0.0009824545527,-0.001456673366,0.0001340062443,-0.001322667122,-0.00211819819,0.0003509057216,-0.001767292469,-0.002775433381,-4.459820317e-05,-0.002820031584,-0.001609950379,0.0002543666355,-0.001355583743,-0.00217421553,0.0002081180176,-0.001966097513,-0.004305797063,0.0003611963013,-0.003944600762,-0.003989681533,0.0004855902915,-0.003504091242,-0.004018270794,0.000681797648,-0.003336473146,-0.002910450043,-0.0009249686156,-0.003835418658,-0.0004684437974,-0.0002803879633,-0.0007488317607,-0.004079279949,-0.0009828636644,-0.005062143614,-0.001291081504,3.443948938e-05,-0.001256642014,-0.001476154307,0.0002762445567,-0.001199909751,-0.001321199442,3.6471297e-05,-0.001284728145,-0.001202414163,-1.061248951e-05,-0.001213026653,-0.001871070435,-3.324171818e-05,-0.001904312154,-0.00246977622,0.0001258222424,-0.002343953977,-0.001439159216,0.0001162219755,-0.001322937241,-0.003122305539,9.019095565e-05,-0.003032114584,-0.002564758332,0.0005769107309,-0.001987847601
30.8,-0.00211351848,0.001406900452,-0.0007066180277,-0.002746828832,0.0001675616742,-0.002579267157,-0.004006954455,0.0006603086579,-0.003346645797,-0.002351209947,0.0001635514424,-0.002187658505,-0.001173631607,-0.0001164357492,-0.001290067356,-0.001705979354,-5.552628904e-05,-0.001761505643,0.0004192298293,-4.28929388e-05,0.0003763368905,-0.001041165159,0.0002694240374,-0.0007717411217,0.0006565249671,-0.0004380514719,0.0002184734951,0.0003256067846,-5.723410738e-05,0.0002683726772,-0.0007544969855,0.0003221593211,-0.0004323376644,-0.003094616777,-0.0007029999084,-0.003797616686,-0.001104246511,-0.000536505571,-0.001640752082,-0.003161492374,-0.000613313715,-0.003774806089,-0.001211755084,-0.0002898752956,-0.001501630379,-0.001407461511,0.0004291922319,-0.0009782692792,-0.001426599166,0.0001162111158,-0.00131038805,-0.002132654425,0.0003537803225,-0.001778874102,-0.002750350461,-4.983179153e-05,-0.002800182253,-0.001600383641,0.0002588981653,-0.001341485475,-0.002181772346,0.0002177661075,-0.001964006238,-0.004312577598,0.0003689600446,-0.003943617553,-0.003993632403,0.0004946748551,-0.003498957548,-0.00400395431,0.0006837300306,-0.003320224279,-0.002908588113,-0.0009252892129,-0.003833877326,-0.0004769027151,-0.0002736272518,-0.0007505299669,-0.004074366613,-0.000981823899,-0.005056190512,-0.001276277197,2.835406519e-05,-0.001247923132,-0.001470435491,0.0002768369226,-0.001193598568,-0.001317337352,3.294324698e-05,-0.001284394105,-0.001190748643,-1.715675604e-05,-0.001207905399,-0.001859078866,-3.495238487e-05,-0.00189403125,-0.002421414378,0.0001115552894,-0.002309859088,-0.001416840581,0.0001145295277,-0.001302311054,-0.003078340928,8.33399995e-05,-0.002995000929,-0.002550073988,0.0005855755095,-0.001964498479
30.9,-0.002112885953,0.001404785541,-0.0007081004114,-0.002757530171,0.0001709328834,-0.002586597288,-0.004006963365,0.0006571466051,-0.003349816759,-0.002356151017,0.0001634805233,-0.002192670493,-0.001171815845,-0.0001164720793,-0.001288287924,-0.001720973049,-5.92017355e-05,-0.001780174784,0.0004077596066,-4.390363448e-05,0.0003638559721,-0.001026648207,0.0002643426022,-0.0007623056052,0.0006775926246,-0.0004421928938,0.0002353997307,0.0003445121994,-6.143813361e-05,0.0002830740658,-0.0007643544689,0.0003317040029,-0.000432650466,-0.003099772766,-0.0007040968656,-0.003803869631,-0.001096237665,-0.000542571108,-0.001638808773,-0.003179830864,-0.0006143952503,-0.003794226114,-0.001230453196,-0.0003024825296,-0.001532935726,-0.001406366338,0.0004313338076,-0.0009750325307,-0.001396979148,9.803108002e-05,-0.001298948068,-0.002146111671,0.0003563775689,-0.001789734102,-0.002725299391,-5.503121791e-05,-0.002780330609,-0.001588686476,0.0002636761759,-0.0013250103,-0.002186281853,0.0002276000413,-0.001958681812,-0.004317190345,0.0003774648294,-0.003939725516,-0.003993500506,0.0005037557802,-0.003489744726,-0.003986885696,0.0006860161637,-0.003300869533,-0.002908399309,-0.0009243995465,-0.003832798856,-0.0004862571854,-0.0002661642967,-0.0007524214821,-0.004070842248,-0.000980495195,-0.005051337443,-0.001261497415,2.149367892e-05,-0.001240003736,-0.001466634768,0.0002780566541,-0.001188578114,-0.001316362341,3.041728276e-05,-0.001285945059,-0.001179783066,-2.351968534e-05,-0.001203302751,-0.001848075764,-3.65543825e-05,-0.001884630147,-0.002375322654,9.870504297e-05,-0.002276617612,-0.001394315026,0.0001115687586,-0.001282746267,-0.003036518234,7.684701071e-05,-0.002959671223,-0.002536516434,0.0005923639104,-0.001944152523
31.0,-0.002109200213,0.00140291392,-0.000706286293,-0.002764734674,0.0001740394478,-0.002590695226,-0.004003938909,0.0006541957896,-0.00334974312,-0.002357514165,0.0001634085539,-0.002194105611,-0.001168338042,-0.0001167498786,-0.001285087921,-0.001732702304,-6.268666351e-05,-0.001795388968,0.0003970376505,-4.476820235e-05,0.0003522694481,-0.001011020133,0.0002595217823,-0.0007514983506,0.00070030577,-0.0004454844563,0.0002548213137,0.0003638148272,-6.520284085e-05,0.0002986119864,-0.0007731751661,0.0003419560432,-0.0004312191229,-0.003102059229,-0.0007052721283,-0.003807331358,-0.00108991326,-0.0005476476786,-0.001637560939,-0.003196484327,-0.0006157384287,-0.003812222756,-0.001249299254,-0.0003159221571,-0.001565221411,-0.001405704093,0.000432795997,-0.0009729080958,-0.001368284086,7.975747513e-05,-0.001288526611,-0.002158634085,0.0003586927243,-0.001799941361,-0.002700550059,-6.014694768e-05,-0.002760697007,-0.001574975289,0.0002686720996,-0.001306303189,-0.002187884295,0.0002376016718,-0.001950282623,-0.004319794757,0.0003866776934,-0.003933117064,-0.003989501537,0.0005128157071,-0.00347668583,-0.003967297361,0.0006886454451,-0.003278651916,-0.002910026964,-0.0009223099887,-0.003832336953,-0.0004966209992,-0.0002579909181,-0.0007546119173,-0.004068877381,-0.0009789354724,-0.005047812853,-0.001246909647,1.39469606e-05,-0.001232962686,-0.001464892593,0.0002798967096,-0.001184995883,-0.001318421694,2.892091114e-05,-0.001289500783,-0.001169674509,-2.967276865e-05,-0.001199347278,-0.001838167806,-3.80568016e-05,-0.001876224608,-0.002331822007,8.737438898e-05,-0.002244447618,-0.00137186029,0.0001073900502,-0.00126447024,-0.002997108451,7.075752344e-05,-0.002926350927,-0.002524104136,0.0005970903043,-0.001927013832
31.1,-0.002102498905,0.001401289229,-0.0007012096757,-0.002768612443,0.0001769013359,-0.002591711107,-0.003997955479,0.0006514776841,-0.003346477795,-0.002355382187,0.0001633472147,-0.002192034973,-0.001163299397,-0.0001172774055,-0.001280576803,-0.001741171668,-6.59801506e-05,-0.001807151818,0.0003870675102,-4.549000341e-05,0.0003415775068,-0.0009943808067,0.000254975978,-0.0007394048286,0.0007244072592,-0.0004479466172,0.000276460642,0.000383335664,-6.852094488e-05,0.0003148147192,-0.0007810713441,0.0003528703857,-0.0004282009584,-0.003101534135,-0.0007065779296,-0.003808112065,-0.001085403928,-0.0005516583641,-0.001637062292,-0.003211518547,-0.0006173065076,-0.003828825055,-0.001268437268,-0.0003300492142,-0.001598486482,-0.001405660797,0.0004335932727,-0.0009720675248,-0.001340980713,6.166927227e-05,-0.00127931144,-0.00217030522,0.0003607234696,-0.00180958175,-0.00267638,-6.512835814e-05,-0.002741508359,-0.001559396302,0.0002738577374,-0.001285538565,-0.002186755295,0.0002477541774,-0.001939001118,-0.004320581506,0.0003965629242,-0.003924018581,-0.003981891873,0.0005218389952,-0.003460052878,-0.003945451946,0.0006916069644,-0.003253844981,-0.002913611546,-0.0009190609227,-0.003832672469,-0.0005081147218,-0.0002491003235,-0.0007572150453,-0.004068667554,-0.0009772031319,-0.005045870686,-0.001232696083,5.811820834e-06,-0.001226884262,-0.001465340714,0.0002823435416,-0.001182997173,-0.001323654173,2.847737927e-05,-0.001295176794,-0.001160587346,-3.558903195e-05,-0.001196176378,-0.001829475018,-3.946514178e-05,-0.00186894016,-0.002291216412,7.763722753e-05,-0.002213579185,-0.001349788292,0.0001020702424,-0.00124771805,-0.002960376724,6.511185719e-05,-0.002895264867,-0.002512876785,0.0005995901964,-0.001913286588
31.2,-0.002092851459,0.00139991533,-0.0006929361289,-0.002769365833,0.0001795435724,-0.002589822261,-0.003989117856,0.00064901007,-0.003340107786,-0.002349874118,0.0001633068017,-0.002186567317,-0.001156818341,-0.0001180627846,-0.001274881126,-0.001746419872,-6.908133085e-05,-0.001815501203,0.0003778404361,-4.607520328e-05,0.0003317652328,-0.0009768491018,0.0002507166723,-0.0007261324295,0.0007496238831,-0.0004496061798,0.0003000177033,0.0004028842895,-7.138655445e-05,0.0003314977351,-0.0007881731558,0.0003643984689,-0.0004237746869,-0.003098297995,-0.0007080560931,-0.003806354088,-0.001082852108,-0.000554528163,-0.001637380271,-0.003225025405,-0.0006190603058,-0.003844085711,-0.001288032023,-0.000344696808,-0.001632728831,-0.00140643114,0.0004337447574,-0.0009726863826,-0.001315521902,4.402582148e-05,-0.00127149608,-0.002181223943,0.0003624697361,-0.001818754207,-0.002653067411,-6.992487254e-05,-0.002722992284,-0.001542124193,0.0002792055759,-0.001262918618,-0.002183103544,0.0002580421054,-0.001925061439,-0.004319769975,0.0004070828951,-0.00391268708,-0.003970965748,0.0005308119037,-0.003440153844,-0.003921639202,0.000694889581,-0.003226749621,-0.002919282539,-0.0009147221859,-0.003834004725,-0.0005208622469,-0.0002394869639,-0.0007603492108,-0.004070424378,-0.0009753568948,-0.005045781273,-0.001219051516,-2.805376736e-06,-0.001221856892,-0.001468099065,0.000285376456,-0.001182722609,-0.001332186874,2.910464361e-05,-0.00130308223,-0.001152689687,-4.124339619e-05,-0.001193933083,-0.001822128333,-4.078172753e-05,-0.00186291006,-0.002253789073,6.953835301e-05,-0.00218425072,-0.00132843587,9.57091882e-05,-0.001232726682,-0.002926578135,5.994288947e-05,-0.002866635246,-0.002502898631,0.0005997283997,-0.001903170231
31.3,-0.002080357526,0.001398796101,-0.0006815614251,-0.002767226107,0.0001819956553,-0.002585230452,-0.003977560359,0.000646806934,-0.003330753425,-0.002341143817,0.0001632961829,-0.002177847634,-0.001149029394,-0.0001191139843,-0.001268143378,-0.00174851913,-7.198920349e-05,-0.001820508333,0.0003693346287,-4.653260651e-05,0.0003228020222,-0.0009585621587,0.0002467523763,-0.0007118097824,0.000775666982,-0.0004504959427,0.0003251710394,0.0004222589124,-7.379524438e-05,0.0003484636681,-0.0007946289843,0.0003764891014,-0.0004181398829,-0.003092497289,-0.000709732276,-0.003802229565,-0.001082407773,-0.000556187492,-0.001638595265,-0.003237120952,-0.0006209601702,-0.003858081122,-0.001308266022,-0.0003596754513,-0.001667941473,-0.001408216322,0.0004332743324,-0.00097494199,-0.001292339228,2.706108816e-05,-0.00126527814,-0.002191502474,0.0003639334138,-0.00182756906,-0.002630886452,-7.448668434e-05,-0.002705373137,-0.001523361022,0.0002846892305,-0.001238671792,-0.002177168945,0.0002684514697,-0.001908717475,-0.004317606404,0.0004181987825,-0.003899407622,-0.003957052987,0.0005397227163,-0.00341733027,-0.003896173387,0.0006984820121,-0.003197691375,-0.002927154124,-0.000909389808,-0.003836543932,-0.0005349896187,-0.0002291463709,-0.0007641359896,-0.004074368217,-0.0009734558471,-0.005047824064,-0.001206183216,-1.179134433e-05,-0.00121797456,-0.001473275296,0.0002889674067,-0.001184307889,-0.001344134526,3.081438209e-05,-0.001313320144,-0.001146151356,-4.661302651e-05,-0.001192764383,-0.001816268643,-4.200603437e-05,-0.001858274677,-0.002219801718,6.309445237e-05,-0.002156707265,-0.001308157269,8.842657095e-05,-0.001219730698,-0.002895956106,5.527464132e-05,-0.002840681465,-0.002494261413,0.000597405627,-0.001896855786
31.4,-0.002065145762,0.001397935186,-0.0006672105758,-0.002762450692,0.0001842909025,-0.002578159789,-0.003963446391,0.0006448783864,-0.003318568005,-0.002329378746,0.0001633227622,-0.002166055983,-0.001140083421,-0.0001204387738,-0.001260522195,-0.001747574774,-7.470248172e-05,-0.001822277256,0.0003615132137,-4.68734144e-05,0.0003146397993,-0.0009396746733,0.0002430887396,-0.0006965859338,0.0008022318255,-0.0004506541141,0.0003515777114,0.0004412452708,-7.574402738e-05,0.0003655012434,-0.0008006068463,0.0003890894293,-0.000411517417,-0.003084327188,-0.0007116112996,-0.003795938487,-0.001084224097,-0.0005565765839,-0.001640800681,-0.003247944221,-0.0006229674856,-0.003870911707,-0.001329337156,-0.0003747736378,-0.001704110794,-0.001411223022,0.0004322106873,-0.0009790123346,-0.00127183855,1.098042102e-05,-0.001260858129,-0.002201266135,0.0003651181638,-0.001836147971,-0.002610104797,-7.876532636e-05,-0.002688870123,-0.001503335315,0.0002902840454,-0.00121305127,-0.002169220942,0.0002789698996,-0.001890251043,-0.004314362228,0.0004298712263,-0.003884491002,-0.003940516619,0.0005485617844,-0.003391954835,-0.003869390748,0.0007023728528,-0.003167017896,-0.002937324559,-0.000903181147,-0.003840505706,-0.0005506252112,-0.0002180750937,-0.0007687003048,-0.004080723907,-0.0009715590634,-0.00505228297,-0.00119431232,-2.102750914e-05,-0.00121533983,-0.00148096601,0.0002930815173,-0.001187884492,-0.001359599878,3.361126129e-05,-0.001325988617,-0.001141142895,-5.167752612e-05,-0.001192820421,-0.001812046716,-4.313475306e-05,-0.001855181469,-0.002189496137,5.829583793e-05,-0.002131200299,-0.001289318518,8.035929904e-05,-0.001208959219,-0.002868743038,5.112216952e-05,-0.002817620868,-0.002487085741,0.0005925626514,-0.00189452309
31.5,-0.002047372691,0.001397335723,-0.0006500369675,-0.002755320626,0.0001864657339,-0.002568854892,-0.003946967932,0.0006432306367,-0.003303737295,-0.002314798648,0.0001633924575,-0.002151406191,-0.001130148174,-0.0001220446351,-0.001252192809,-0.001743724866,-7.721944455e-05,-0.00182094431,0.0003543222225,-4.711089491e-05,0.0003072113276,-0.0009203580747,0.0002397288249,-0.0006806292497,0.0008289973605,-0.0004501235324,0.0003788738281,0.0004596158847,-7.723122522e-05,0.0003823846595,-0.0008062953996,0.0004021459763,-0.0004041494233,-0.003074032274,-0.0007136744811,-0.003787706755,-0.001088454108,-0.0005556493865,-0.001644103495,-0.003257655903,-0.0006250459046,-0.003882701808,-0.001351455743,-0.0003897602726,-0.001741216015,-0.001415662712,0.0004305872603,-0.0009850754514,-0.001254397473,-4.040774726e-06,-0.001258438248,-0.002210653867,0.0003660294657,-0.001844624402,-0.002590982386,-8.271448071e-05,-0.002673696867,-0.001482300848,0.0002959676836,-0.001186333164,-0.002159556485,0.0002895866892,-0.001869969796,-0.004310331856,0.0004420608702,-0.003868270986,-0.003921749525,0.000557321483,-0.003364428042,-0.003841646509,0.0007065504527,-0.003135096057,-0.002949877912,-0.0008962296991,-0.003846107611,-0.0005678999215,-0.0002062709271,-0.0007741708486,-0.004089720248,-0.0009697237398,-0.005059443988,-0.001183675202,-3.039162566e-05,-0.001214066828,-0.001491257986,0.0002976782674,-0.001193579719,-0.001378673405,3.749260893e-05,-0.001341180797,-0.001137834695,-5.641899579e-05,-0.00119425369,-0.001809622833,-4.416170853e-05,-0.001853784541,-0.002163096808,5.510874947e-05,-0.002107988059,-0.001272292829,7.165927194e-05,-0.001200633557,-0.002845161732,4.749240431e-05,-0.002797669328,-0.00248152028,0.0005851820665,-0.001896338214
31.6,-0.002027221235,0.001397000139,-0.0006302210964,-0.002746137625,0.0001885589678,-0.002557578657,-0.00392834435,0.0006418660738,-0.003286478277,-0.002297653651,0.0001635097283,-0.002134143922,-0.001119407747,-0.0001239385938,-0.00124334634,-0.001737139164,-7.95377955e-05,-0.00181667696,0.0003476900525,-4.725998514e-05,0.0003004300674,-0.0009007993032,0.0002366734483,-0.0006641258549,0.0008556281456,-0.000448950816,0.0004066773296,0.0004771313269,-7.825631632e-05,0.0003988750106,-0.00081190291,0.0004156056572,-0.0003962972528,-0.003061904164,-0.0007158793622,-0.003777783527,-0.001095247837,-0.000553376702,-0.001648624539,-0.003266435925,-0.0006271621937,-0.003893598119,-0.001374840182,-0.0004043888541,-0.001779229036,-0.001421750407,0.0004284421121,-0.0009933082951,-0.001240362456,-1.785795772e-05,-0.001258220414,-0.002219817965,0.0003666749268,-0.001853143038,-0.002573769897,-8.629106447e-05,-0.002660060961,-0.00146053455,0.0003017205404,-0.001158814009,-0.002148496944,0.0003002926415,-0.001848204303,-0.004305828998,0.0004547287155,-0.003851100283,-0.003901169263,0.000565996125,-0.003335173138,-0.003813310737,0.0007110026452,-0.003102308091,-0.002964886415,-0.0008886801163,-0.003853566532,-0.000586945963,-0.0001937335579,-0.000780679521,-0.00410159175,-0.0009680017066,-0.005069593457,-0.001174523106,-3.97594462e-05,-0.001214282552,-0.001504227492,0.0003027132062,-0.001201514286,-0.001401430729,4.244857293e-05,-0.001358982156,-0.001136395148,-6.082213932e-05,-0.001197217287,-0.001809164887,-4.507790518e-05,-0.001854242792,-0.002140813297,5.34780351e-05,-0.002087335262,-0.001257455469,6.249078734e-05,-0.001194964682,-0.002825425444,4.438493521e-05,-0.002781040508,-0.002477738483,0.0005752884113,-0.001902450072
31.7,-0.002004898379,0.001396930079,-0.0006079683001,-0.002735220097,0.0001906111902,-0.002544608907,-0.003907819852,0.0006407834182,-0.003267036434,-0.002278221233,0.0001636776221,-0.002114543611,-0.001108059552,-0.0001261269946,-0.001234186546,-0.001728016823,-8.165459322e-05,-0.001809671416,0.0003415297942,-4.733688625e-05,0.000294192908,-0.0008811988069,0.0002339214083,-0.0006472773985,0.0008817800047,-0.0004471855529,0.0004345944517,0.0004935448947,-7.881983107e-05,0.0004147250636,-0.0008176528026,0.0004294166799,-0.0003882361227,-0.003048275419,-0.000718161429,-0.003766436848,-0.001104748142,-0.0005497492005,-0.001654497343,-0.003274479152,-0.0006292864054,-0.003903765558,-0.001399710768,-0.0004184029122,-0.00181811368,-0.001429701854,0.0004258177935,-0.001003884061,-0.001230044462,-3.035825102e-05,-0.001260402713,-0.002228921187,0.0003670647999,-0.001861856387,-0.00255870558,-8.945623932e-05,-0.00264816182,-0.001438333064,0.0003075259635,-0.0011308071,-0.002136383446,0.0003110797836,-0.001825303663,-0.004301180912,0.0004678363268,-0.003833344585,-0.003879210608,0.0005745818807,-0.003304628727,-0.003784762678,0.0007157164104,-0.003069046268,-0.002982412052,-0.00088068299,-0.003863095042,-0.0006078929968,-0.0001804656121,-0.0007883586089,-0.004116579051,-0.000966435693,-0.005083014744,-0.001167118692,-4.900636982e-05,-0.001216125062,-0.001519936458,0.0003081400667,-0.001211796392,-0.001427926897,4.846269255e-05,-0.001379464205,-0.001136986792,-6.487457041e-05,-0.001201861363,-0.001810844049,-4.587183544e-05,-0.001856715885,-0.002122840614,5.332966069e-05,-0.002069510954,-0.00124517669,5.302699577e-05,-0.001192149695,-0.002809734652,4.179184363e-05,-0.002767942809,-0.002475933127,0.0005629476172,-0.00191298551
31.8,-0.001980631517,0.001397126459,-0.0005835050579,-0.002722897618,0.000192664125,-0.002530233493,-0.003885659084,0.0006399778546,-0.00324568123,-0.002256801638,0.0001638977595,-0.002092903879,-0.0010963081,-0.0001286153095,-0.001224923409,-0.001716582374,-8.356631921e-05,-0.001800148693,0.0003357449478,-4.735870694e-05,0.0002883862409,-0.0008617675208,0.0002314695029,-0.0006302980179,0.0009071095884,-0.0004448795617,0.0004622300266,0.000508610867,-7.892330812e-05,0.0004296875589,-0.0008237756112,0.000443529328,-0.0003802462832,-0.003033509859,-0.0007204369466,-0.003753946805,-0.001117083988,-0.0005447804687,-0.001661864456,-0.003281988978,-0.0006313912685,-0.003913380246,-0.001426281506,-0.0004315421819,-0.001857823688,-0.001439728591,0.000422761181,-0.00101696741,-0.001223713991,-4.145990036e-05,-0.001265173891,-0.002238130124,0.0003672125098,-0.001870917614,-0.002546009923,-9.217589467e-05,-0.002638185817,-0.001416007822,0.0003133703428,-0.001102637479,-0.002123570482,0.0003219410977,-0.001801629384,-0.004296720598,0.0004813459712,-0.003815374627,-0.003856316133,0.0005830766445,-0.003273239489,-0.003756383661,0.0007206775581,-0.003035706103,-0.003002506832,-0.0008723887396,-0.003874895572,-0.0006308610753,-0.000166473972,-0.0007973350473,-0.004134924972,-0.0009650569797,-0.005099981952,-0.001161728758,-5.800897745e-05,-0.001219737735,-0.001538425831,0.0003139129492,-0.001224512882,-0.001458188123,5.551263557e-05,-0.001402675487,-0.001139760241,-6.856730717e-05,-0.001208327548,-0.001814827823,-4.65300452e-05,-0.001861357868,-0.002109355683,5.457240971e-05,-0.002054783274,-0.001235812416,4.344556313e-05,-0.001192366853,-0.002798270102,3.969641614e-05,-0.002758573686,-0.002476309231,0.0005482661308,-0.001928043101
31.9,-0.001954663471,0.001397589511,-0.0005570739602,-0.002709503897,0.0001947598278,-0.002514744069,-0.0038621411,0.0006394410886,-0.003222700011,-0.002233711851,0.000164170224,-0.002069541627,-0.001084356406,-0.0001314080484,-0.001215764454,-0.001703080198,-8.52690843e-05,-0.001788349282,0.000330237371,-4.734316809e-05,0.0002828942029,-0.0008427229788,0.0002293123724,-0.0006134106064,0.0009312859691,-0.0004420862287,0.0004891997404,0.0005220946389,-7.856930613e-05,0.0004435253327,-0.0008304989421,0.0004578966416,-0.0003726023005,-0.003017990434,-0.0007226061239,-0.003740596558,-0.001132361953,-0.0005385094164,-0.00167087137,-0.003289169683,-0.0006334509645,-0.003922620647,-0.001454750812,-0.0004435492147,-0.001898300027,-0.001452031259,0.0004193232205,-0.001032708039,-0.001221596795,-5.110966338e-05,-0.001272706459,-0.002247605616,0.0003671349153,-0.0018804707,-0.002535878761,-9.44203351e-05,-0.002630299096,-0.001393878959,0.0003192430652,-0.001074635894,-0.002110418246,0.0003328702861,-0.00177754796,-0.004292777748,0.0004952206509,-0.003797557097,-0.003832926159,0.0005914797316,-0.003241446428,-0.003728549315,0.0007258704663,-0.003002678849,-0.003025211731,-0.0008639408563,-0.003889152587,-0.0006559513963,-0.0001517711855,-0.0008077225818,-0.004156865744,-0.0009638847151,-0.005120750459,-0.001158614108,-6.664635083e-05,-0.001225260459,-0.001559708072,0.0003199881143,-0.001239719958,-0.001492203059,6.357083011e-05,-0.001428632229,-0.001144846903,-7.189530482e-05,-0.001216742208,-0.001821271326,-4.703793735e-05,-0.001868309263,-0.002100509777,5.709892295e-05,-0.002043410854,-0.001229693608,3.392423188e-05,-0.001195769376,-0.002791183651,3.807138978e-05,-0.002753112261,-0.002479076563,0.0005313895476,-0.001947687016
32.0,-0.001927246812,0.001398318761,-0.0005289280507,-0.002695369003,0.0001969396188,-0.002498429385,-0.003837552623,0.0006391613784,-0.003198391245,-0.002209278876,0.0001644934253,-0.002044785451,-0.001072397183,-0.0001345087592,-0.001206905942,-0.00168776828,-8.675892113e-05,-0.001774527201,0.0003249150224,-4.730834352e-05,0.0002776066789,-0.0008242850506,0.0002274423158,-0.0005968427348,0.000954001233,-0.0004388599247,0.0005151413082,0.000533781907,-7.776149551e-05,0.0004560204115,-0.0008380381317,0.0004724749716,-0.0003655631601,-0.00300210635,-0.0007245564517,-0.003726662802,-0.001150658148,-0.0005310012644,-0.001681659413,-0.003296219179,-0.0006354396634,-0.003931658842,-0.001485292585,-0.0004541765097,-0.001939469094,-0.00146679237,0.0004155585318,-0.001051233838,-0.001223870793,-5.927915238e-05,-0.001283149946,-0.002257492748,0.0003668521879,-0.00189064056,-0.002528476247,-9.616345547e-05,-0.002624639702,-0.001372268768,0.0003251362784,-0.00104713249,-0.002097284679,0.0003438614759,-0.001753423203,-0.004289669722,0.0005094238748,-0.003780245847,-0.003809469607,0.0005997913649,-0.003209678242,-0.003701622273,0.0007312778724,-0.0029703444,-0.00305055454,-0.0008554697749,-0.003906024315,-0.0006832372103,-0.0001363767906,-0.0008196140009,-0.00418261936,-0.0009629257597,-0.00514554512,-0.001158019115,-7.480105587e-05,-0.001232820171,-0.001583761406,0.0003263251304,-0.001257436276,-0.001529916182,7.260485186e-05,-0.00145731133,-0.001152352275,-7.485785767e-05,-0.001227210133,-0.001830308475,-4.73807544e-05,-0.001877689229,-0.002096419433,6.078733047e-05,-0.002035632103,-0.001227115918,2.463673888e-05,-0.00120247918,-0.002788589751,3.687773058e-05,-0.00275171202,-0.002484443113,0.0005125004401,-0.001971942673
32.1,-0.001898638475,0.001399313011,-0.0004993254633,-0.002680812092,0.0001992428783,-0.002481569214,-0.00381218174,0.0006391236305,-0.003173058109,-0.002183833243,0.0001648640302,-0.002018969213,-0.001060606025,-0.000137920053,-0.001198526078,-0.001670912221,-8.80321132e-05,-0.001758944334,0.0003196973071,-4.72724062e-05,0.0002724249009,-0.0008066718586,0.0002258492184,-0.0005808226402,0.0009749777543,-0.0004352554784,0.0005397222758,0.0005434846949,-7.65048552e-05,0.0004669798397,-0.0008465897375,0.0004872243612,-0.0003593653762,-0.002986240838,-0.0007261667005,-0.003712407539,-0.001172012616,-0.000522346807,-0.001694359423,-0.003303323394,-0.0006373302877,-0.003940653681,-0.00151804888,-0.0004631942757,-0.001981243156,-0.001484169888,0.0004115248494,-0.001072645039,-0.00123066471,-6.596159188e-05,-0.001296626302,-0.002267913078,0.0003663874168,-0.001901525661,-0.002523928854,-9.738228309e-05,-0.002621311137,-0.001351495518,0.0003310445118,-0.001020451006,-0.002084518199,0.0003549088449,-0.001729609354,-0.004287693757,0.0005239191113,-0.003763774645,-0.003786356852,0.0006080120509,-0.003178344801,-0.003675946313,0.0007368807386,-0.002939065574,-0.003078547192,-0.0008470887202,-0.003925635913,-0.0007127572369,-0.0001203183835,-0.0008330756204,-0.004212373829,-0.0009621739473,-0.005174547777,-0.001160163288,-8.236000618e-05,-0.001242523294,-0.001610527582,0.0003328874213,-0.001277640161,-0.001571225029,8.257762529e-05,-0.001488647404,-0.001162351348,-7.745876097e-05,-0.001239810109,-0.001842044776,-4.754458507e-05,-0.001889589361,-0.002097159294,6.550463233e-05,-0.002031654662,-0.001228330899,1.574891542e-05,-0.001212581983,-0.002790560047,3.606463427e-05,-0.002754495413,-0.002492610118,0.0004918148927,-0.002000795226
32.2,-0.001869095433,0.001400570402,-0.0004685250309,-0.002666135644,0.0002017059282,-0.002464429716,-0.003786312736,0.0006393095808,-0.003147003155,-0.002157703413,0.0001652770016,-0.001992426412,-0.001049137722,-0.0001416436146,-0.001190781337,-0.001652780241,-8.908552622e-05,-0.001741865767,0.0003145170898,-4.725336307e-05,0.0002672637268,-0.000790096237,0.0002245206593,-0.0005655755778,0.0009939714572,-0.0004313276245,0.0005626438326,0.0005510435345,-7.48059301e-05,0.0004762376044,-0.0008563286085,0.0005021087686,-0.0003542198399,-0.002970760324,-0.000727312025,-0.003698072348,-0.001196427223,-0.0005126600969,-0.00170908732,-0.003310652609,-0.0006390938185,-0.003949746427,-0.001553124766,-0.0004703985113,-0.002023523277,-0.001504292774,0.0004072822873,-0.001097010486,-0.001242059396,-7.116939761e-05,-0.001313228794,-0.002278960569,0.0003657660739,-0.001913194495,-0.002522321222,-9.805762822e-05,-0.00262037885,-0.001331868236,0.0003369643305,-0.0009949039057,-0.002072451818,0.0003660062867,-0.001706445531,-0.004287121174,0.0005386690837,-0.00374845209,-0.003763974851,0.0006161419796,-0.003147832871,-0.003651842346,0.0007426582203,-0.002909184126,-0.003109183419,-0.0008388921595,-0.003948075579,-0.0007445128794,-0.0001036322657,-0.0008481451451,-0.004246277738,-0.0009616087132,-0.005207886451,-0.001165235674,-8.921576312e-05,-0.001254451437,-0.001639913516,0.000339642376,-0.00130027114,-0.001615981622,9.34475702e-05,-0.001522534052,-0.001174886805,-7.970617356e-05,-0.001254592979,-0.001856552849,-4.751717007e-05,-0.001904070019,-0.002102758478,7.111132541e-05,-0.002031647152,-0.001233539514,7.414595568e-06,-0.001226124918,-0.002797122163,3.557080542e-05,-0.002761551357,-0.002503768378,0.0004695775184,-0.00203419086
32.3,-0.001838871713,0.001402088584,-0.0004367831297,-0.002651621652,0.0002043611088,-0.002447260543,-0.003760222296,0.0006396980281,-0.003120524268,-0.002131211331,0.0001657257207,-0.00196548561,-0.001038125724,-0.0001456801982,-0.001183805922,-0.001633639477,-8.991689369e-05,-0.001723556371,0.0003093196196,-4.726877165e-05,0.0002620508479,-0.0007747628816,0.0002234422003,-0.0005513206812,0.001010771599,-0.0004271303319,0.0005836412673,0.0005563263272,-7.267303792e-05,0.0004836532893,-0.0008674081271,0.0005170962068,-0.0003503119203,-0.002956005648,-0.0007278699124,-0.00368387556,-0.001223866553,-0.0005020749219,-0.001725941475,-0.003318359434,-0.000640699199,-0.003959058633,-0.001590585513,-0.0004756186882,-0.002066204201,-0.00152725901,0.0004028924384,-0.001124366572,-0.001258091897,-7.493230554e-05,-0.001333024202,-0.002290701261,0.0003650152571,-0.001925686003,-0.002523694539,-9.817570879e-05,-0.002621870247,-0.001313682729,0.0003428941344,-0.0009707885946,-0.002061398805,0.0003771472147,-0.00168425159,-0.004288193788,0.0005536351397,-0.003734558648,-0.003742684202,0.0006241805044,-0.003118503698,-0.003629606086,0.000748587695,-0.002881018391,-0.003142437644,-0.0008309565704,-0.003973394214,-0.0007784693655,-8.636354595e-05,-0.0008648329114,-0.004284434418,-0.0009611940087,-0.005245628427,-0.001173391744,-9.526866114e-05,-0.001268660405,-0.001671796074,0.0003465611709,-0.001325234903,-0.001663997197,0.0001051686861,-0.001558828511,-0.001189970006,-8.161213008e-05,-0.001271582137,-0.001873871043,-4.728828565e-05,-0.001921159328,-0.002113199708,7.746550451e-05,-0.002035734204,-0.001242888486,-2.285739606e-07,-0.00124311706,-0.00280826227,3.532655792e-05,-0.002772935712,-0.002518095191,0.00044605526,-0.002072039931
32.4,-0.001808216549,0.001403864887,-0.0004043516626,-0.00263752958,0.000207236014,-0.002430293566,-0.00373417689,0.0006402651078,-0.003093911782,-0.002104669083,0.0001662021779,-0.001938466905,-0.001027684024,-0.0001500295945,-0.001177713618,-0.00161375354,-9.052500098e-05,-0.001704278541,0.000304059312,-4.733543299e-05,0.000256723879,-0.0007608662018,0.0002225978441,-0.0005382683577,0.001025198246,-0.000422715985,0.0006024822611,0.0005592250364,-7.011633799e-05,0.0004891086984,-0.0008799625526,0.0005321588694,-0.0003478036832,-0.002942286103,-0.0007277260535,-0.003670012156,-0.001254260439,-0.0004907404245,-0.001745000863,-0.003326577981,-0.0006421136683,-0.003968691649,-0.001630455925,-0.0004787243467,-0.002109180271,-0.00155313592,0.0003984173071,-0.001154718613,-0.001278761278,-7.729580174e-05,-0.00135605708,-0.002303175788,0.0003641625012,-0.001939013287,-0.002528047889,-9.772995131e-05,-0.00262577784,-0.001297218662,0.0003488340285,-0.0009483846335,-0.002051649635,0.0003883244393,-0.001663325196,-0.00429112213,0.0005687767752,-0.003722345354,-0.003722817487,0.0006321256953,-0.003090691792,-0.003609506917,0.0007546447608,-0.002854862156,-0.003178265675,-0.0008233424814,-0.004001608156,-0.0008145600414,-6.856570473e-05,-0.0008831257461,-0.004326899464,-0.0009608789037,-0.005287778367,-0.001184751999,-0.0001004295935,-0.001285181592,-0.001706028668,0.0003536184435,-0.001352410225,-0.001715048796,0.0001176904692,-0.001597358327,-0.001207584178,-8.319173543e-05,-0.001290775914,-0.001894004752,-4.684963343e-05,-0.001940854386,-0.002128420103,8.442550205e-05,-0.002043994601,-0.001256469755,-7.062855572e-06,-0.001263532611,-0.002823930087,3.525604163e-05,-0.002788674045,-0.002535751124,0.0004215304328,-0.002114220691
32.5,-0.001777373209,0.001405896392,-0.0003714768167,-0.0026240956,0.0002103528416,-0.002413742758,-0.003708430971,0.0006409846485,-0.003067446322,-0.002078376394,0.000166697245,-0.001911679149,-0.001017910326,-0.0001546905268,-0.001172600853,-0.001593380957,-9.090975471e-05,-0.001684290712,0.0002986957075,-4.746906651e-05,0.000251226641,-0.0007485887702,0.0002219706162,-0.0005266181539,0.00103709899,-0.0004181345065,0.0006189644836,0.000559651714,-6.714777541e-05,0.0004925039386,-0.0008941100105,0.0005472732184,-0.000346836792,-0.00292987669,-0.0007267790883,-0.003656655778,-0.001287507184,-0.0004788161436,-0.001766323328,-0.003335423905,-0.0006433032311,-0.003978727136,-0.00167272113,-0.0004796302155,-0.002152351345,-0.001581961897,0.0003939180951,-0.001188043802,-0.001304035509,-7.831925723e-05,-0.001382354767,-0.002316403508,0.0003632341984,-0.001953169309,-0.002535342319,-9.672227092e-05,-0.00263206459,-0.001282737324,0.0003547856083,-0.0009279517158,-0.002043469723,0.0003995299711,-0.001643939752,-0.004296084731,0.000584051271,-0.00371203346,-0.003704678067,0.0006399739774,-0.00306470409,-0.003591787381,0.0007608031707,-0.00283098421,-0.003216607093,-0.0008160966357,-0.004032703729,-0.0008526924433,-5.029975109e-05,-0.0009029921944,-0.0043736802,-0.0009606009797,-0.00533428118,-0.001199401763,-0.0001046226399,-0.001304024403,-0.001742448093,0.0003607919905,-0.001381656103,-0.001768886159,0.0001309576696,-0.00163792849,-0.001227688761,-8.446225604e-05,-0.001312151017,-0.0019169294,-4.619437895e-05,-0.001963123779,-0.002148313559,9.185179702e-05,-0.002056461762,-0.001274322748,-1.299313049e-05,-0.001287315879,-0.002844044794,3.527911253e-05,-0.002808765681,-0.002556876677,0.0003962938428,-0.002160582834
32.6,-0.001746577976,0.001408179924,-0.0003383980521,-0.002611532483,0.0002137279012,-0.002397804582,-0.003683225431,0.0006418286293,-0.003041396801,-0.002052618499,0.0001672010167,-0.001885417482,-0.001008889108,-0.0001596604478,-0.001168549555,-0.001572773916,-9.107219203e-05,-0.001663846108,0.000293190113,-4.768400034e-05,0.0002455061127,-0.0007381000842,0.0002215431404,-0.0005165569438,0.001046346709,-0.0004134325646,0.0006329141444,0.0005575355819,-6.378098287e-05,0.0004937545991,-0.0009099544385,0.0005624199567,-0.0003475344818,-0.002919018071,-0.0007249436811,-0.003643961752,-0.001323477173,-0.0004664668262,-0.001789943999,-0.003344994756,-0.0006442330035,-0.00398922776,-0.00171732808,-0.0004782994847,-0.002195627565,-0.00161374858,0.0003894539914,-0.001224294588,-0.001333859267,-7.807267501e-05,-0.001411931942,-0.002330386934,0.0003622540537,-0.001968132881,-0.002545506428,-9.516359185e-05,-0.00264067002,-0.001270479592,0.0003607516314,-0.0009097279606,-0.002037097358,0.0004107547219,-0.001626342636,-0.004303227581,0.0005994134342,-0.003703814146,-0.00368853842,0.000647719916,-0.003040818504,-0.0035766626,0.0007670347311,-0.002809627869,-0.00325738847,-0.0008092537932,-0.004066642263,-0.0008927544954,-3.163312436e-05,-0.0009243876198,-0.004424735497,-0.0009602925255,-0.005385028023,-0.001217391933,-0.0001077864486,-0.001325178382,-0.001780879869,0.0003680626386,-0.001412817231,-0.001825237316,0.0001449100148,-0.001680327301,-0.001250223512,-8.54423514e-05,-0.001335665863,-0.001942593654,-4.531656364e-05,-0.001987910218,-0.00217273488,9.960929016e-05,-0.00207312559,-0.001296438472,-1.794838187e-05,-0.001314386854,-0.00286850056,3.531293616e-05,-0.002833187624,-0.002581589592,0.0003706391023,-0.00221095049
32.7,-0.001716058688,0.001410711979,-0.0003053467092,-0.002600029398,0.00021737131,-0.002382658088,-0.003658785552,0.0006427676706,-0.003016017881,-0.002027663801,0.0001677031443,-0.001859960657,-0.001000693036,-0.0001649352834,-0.001165628319,-0.001552176563,-9.101451121e-05,-0.001643191074,0.0002875044802,-4.799292395e-05,0.0002395115563,-0.0007295552043,0.0002212980488,-0.0005082571555,0.00105284009,-0.0004086529505,0.0006441871394,0.0005528228384,-6.003119793e-05,0.0004927916404,-0.0009275848677,0.0005775838379,-0.0003500010297,-0.002909917452,-0.0007221522895,-0.003632069741,-0.00136201628,-0.0004538574463,-0.001815873727,-0.003355369686,-0.000644867327,-0.004000237013,-0.001764187101,-0.000474744752,-0.002238931853,-0.00164848264,0.0003850812451,-0.001263401395,-0.001368161698,-7.663150362e-05,-0.001444793201,-0.002345114983,0.000361241999,-0.001983872984,-0.002558441778,-9.307365344e-05,-0.002651515432,-0.001260663619,0.0003667356758,-0.0008939279436,-0.002032741251,0.0004219882212,-0.00161075303,-0.004312662908,0.0006148154931,-0.003697847415,-0.00367463717,0.0006553561808,-0.00301928099,-0.003564318977,0.0007733091904,-0.002791009786,-0.003300526071,-0.0008028383331,-0.004103364404,-0.0009346191105,-1.263851388e-05,-0.0009472576243,-0.004479974747,-0.0009598885528,-0.0054398633,-0.001238739827,-0.0001098739281,-0.001348613755,-0.00182114038,0.0003754142055,-0.001445726175,-0.001883811439,0.0001594819865,-0.001724329452,-0.001275111092,-8.615148214e-05,-0.001361262575,-0.001970921503,-4.421055997e-05,-0.002015132063,-0.002201505243,0.0001075705169,-0.002093934727,-0.001322763864,-2.188215641e-05,-0.001344646021,-0.002897170459,3.527373202e-05,-0.002861896727,-0.002609982369,0.0003448583683,-0.002265124
32.8,-0.001686032138,0.001413488465,-0.0002725436724,-0.002589750742,0.000221286803,-0.002368463939,-0.003635317783,0.0006437714617,-0.002991546322,-0.002003760747,0.0001681930658,-0.001835567681,-0.0009933815011,-0.0001705092223,-0.001163890723,-0.001531822234,-9.074016584e-05,-0.001622562399,0.000281603594,-4.840672173e-05,0.0002331968722,-0.0007230928686,0.0002212181838,-0.0005018746848,0.001056507739,-0.0004038341386,0.0006526736009,0.0005454800671,-5.591520078e-05,0.0004895648664,-0.0009470712252,0.0005927533446,-0.0003543178806,-0.002902748305,-0.0007183565749,-0.00362110488,-0.001402947559,-0.0004411488823,-0.001844096441,-0.003366607637,-0.0006451696489,-0.004011777286,-0.001813172792,-0.000469026619,-0.002282199411,-0.001686126381,0.0003808527473,-0.001305273634,-0.001406862321,-7.407037589e-05,-0.001480932697,-0.002360563438,0.0003602136172,-0.002000349821,-0.002574026645,-9.04802177e-05,-0.002664506862,-0.001253481891,0.0003727418322,-0.0008807400585,-0.0020305773,0.0004332184357,-0.001597358864,-0.00432446679,0.0006302071215,-0.003694259669,-0.003663174618,0.0006628736266,-0.003000300991,-0.003554911774,0.000779594131,-0.002775317643,-0.003345926863,-0.0007968656071,-0.00414279247,-0.0009781457665,6.607227821e-06,-0.0009715385386,-0.004539255558,-0.0009593353563,-0.005498590915,-0.001263428644,-0.0001108507791,-0.001374279423,-0.001863035114,0.0003828332604,-0.001480201854,-0.001944298437,0.0001746026302,-0.001769695806,-0.001302257467,-8.660940496e-05,-0.001388866872,-0.002001812325,-4.287064705e-05,-0.002044682972,-0.002234418346,0.0001156201207,-0.002118798226,-0.001353204761,-2.47725526e-05,-0.001377977314,-0.002929907855,3.507887252e-05,-0.002894828983,-0.002642118628,0.0003192388934,-0.002322879734
32.9,-0.001656700041,0.001416504154,-0.0002401958863,-0.002580833574,0.0002254715289,-0.002355362045,-0.003613005221,0.0006448090996,-0.002968196122,-0.001981133734,0.0001686601036,-0.00181247363,-0.0009869962733,-0.000176374616,-0.001163370889,-0.001511929516,-9.025399331e-05,-0.001602183509,0.0002754602176,-4.893437208e-05,0.0002265258455,-0.0007188330044,0.0002212866585,-0.0004975463459,0.001057314856,-0.0003990100423,0.0006583048135,0.0005355004103,-5.145129301e-05,0.0004840491172,-0.0009684575169,0.0006079202629,-0.000360537254,-0.00289764815,-0.0007135288778,-0.003611177027,-0.001446069891,-0.0004284946605,-0.001874564552,-0.003378744132,-0.0006451023563,-0.004023846489,-0.001864123592,-0.0004612507909,-0.002325374383,-0.001726616759,0.0003768181232,-0.001349798635,-0.001449873991,-7.045738432e-05,-0.001520331376,-0.002376692215,0.0003591798606,-0.002017512354,-0.002592117515,-8.741787835e-05,-0.002679535394,-0.001249097639,0.0003787743168,-0.0008703233221,-0.002030744625,0.0004444316163,-0.001586313009,-0.004338675855,0.0006455354603,-0.003693140395,-0.003654307592,0.0006702613717,-0.00298404622,-0.003548561919,0.0007858549364,-0.002762706982,-0.003393487447,-0.000791342616,-0.004184830063,-0.001023178858,2.602402661e-05,-0.0009971548313,-0.004602380787,-0.0009585982584,-0.005560979045,-0.00129140513,-0.0001106936549,-0.001402098785,-0.001906354328,0.0003903084682,-0.00151604586,-0.002006366547,0.0001901953673,-0.00181617118,-0.001331550419,-8.683579908e-05,-0.001418386218,-0.002035139303,-4.129071731e-05,-0.002076430021,-0.002271246215,0.000123660142,-0.002147586073,-0.001387626779,-2.662219328e-05,-0.001414248972,-0.002966545367,3.464919598e-05,-0.002931896171,-0.002678028098,0.0002940600156,-0.002383968082
33.0,-0.001628244102,0.001419751935,-0.0002084921677,-0.0025733841,0.0002299157607,-0.002343468339,-0.00359200254,0.0006458494036,-0.002946153137,-0.001959978559,0.0001690934967,-0.001790885063,-0.0009815559408,-0.0001825219868,-0.001164077928,-0.001492697754,-8.95623159e-05,-0.001582260069,0.0002690611327,-4.958289785e-05,0.0002194782348,-0.0007168739973,0.000221486861,-0.0004953871364,0.001055269749,-0.0003942100022,0.0006610597464,0.0005229099802,-4.665938472e-05,0.0004762505955,-0.0009917547901,0.0006230791347,-0.0003686756554,-0.002894715692,-0.0007076632024,-0.003602378895,-0.001491154393,-0.0004160387896,-0.001907193183,-0.003391787913,-0.0006446269823,-0.004036414895,-0.001916840101,-0.0004515648383,-0.00236840494,-0.001769863281,0.0003730240281,-0.001396839253,-0.001497103323,-6.585004397e-05,-0.001562953367,-0.002393441002,0.0003581469175,-0.002035294085,-0.002612548896,-8.392675613e-05,-0.002696475652,-0.001247641143,0.0003848368881,-0.0008628042554,-0.002033341606,0.0004556120627,-0.001577729544,-0.00435528418,0.0006607450261,-0.003694539154,-0.003648145153,0.0006775068156,-0.002970638337,-0.003545352955,0.0007920549526,-0.002753298002,-0.003443091372,-0.0007862680276,-0.0042293594,-0.001069544403,4.552945416e-05,-0.001024014949,-0.004669096491,-0.0009576671552,-0.005626763646,-0.001322577011,-0.0001093883147,-0.001431965326,-0.001950868966,0.0003978295781,-0.001553039387,-0.00206966052,0.0002061779514,-0.001863482568,-0.001362857309,-8.685018963e-05,-0.001449707498,-0.002070747661,-3.946410104e-05,-0.002110211762,-0.002311743148,0.0001316141996,-0.002180128949,-0.001425854976,-2.745817135e-05,-0.001453313147,-0.003006892717,3.391122318e-05,-0.002972981494,-0.002717701156,0.0002695901859,-0.00244811097
33.1,-0.001600821376,0.001423222126,-0.00017759925,-0.002567474343,0.0002346025507,-0.002332871792,-0.003572431555,0.0006468612684,-0.002925570287,-0.001940458305,0.000169482438,-0.001770975867,-0.0009770515542,-0.0001889401068,-0.001165991661,-0.001474303014,-8.867298549e-05,-0.001562976,0.0002624115009,-5.035737038e-05,0.0002120541306,-0.0007172903004,0.000221802446,-0.0004954878545,0.001050427428,-0.0003894589833,0.0006609684449,0.0005077717726,-4.156122448e-05,0.0004662105481,-0.001016936431,0.0006382265658,-0.0003787098656,-0.002894009545,-0.0007007750538,-0.003594784599,-0.001537941204,-0.0004039141943,-0.001941855398,-0.003405718971,-0.0006437050562,-0.004049424027,-0.001971083412,-0.0004401550516,-0.002411238463,-0.001815745943,0.0003695141792,-0.001446231764,-0.001548449741,-6.02931691e-05,-0.00160874291,-0.002410725948,0.0003571162134,-0.002053609734,-0.002635132878,-8.005123838e-05,-0.002715184116,-0.001249206748,0.0003909321604,-0.0008582745874,-0.002038422949,0.0004667418422,-0.001571681106,-0.004374241694,0.0006757775655,-0.003698464129,-0.00364474638,0.00068459564,-0.00296015074,-0.00354532918,0.0007981559159,-0.002747173264,-0.003494605817,-0.0007816322764,-0.004276238093,-0.001117047526,6.503955045e-05,-0.001052007975,-0.004739092409,-0.0009565589667,-0.005695651376,-0.001356812382,-0.0001069278397,-0.001463740222,-0.001996329406,0.0004053862911,-0.001590943114,-0.002133802775,0.0002224627973,-0.001911339977,-0.001396023539,-8.667219166e-05,-0.001482695731,-0.002108454523,-3.738348556e-05,-0.002145838008,-0.002355647276,0.0001394286938,-0.002216218582,-0.00146767405,-2.733160834e-05,-0.001495005658,-0.003050735464,3.279910638e-05,-0.003017936358,-0.002761084077,0.0002460832119,-0.002515000865
33.2,-0.001574560984,0.001426902039,-0.000147658945,-0.002563140174,0.0002395074223,-0.002323632751,-0.003554378319,0.0006478140515,-0.002906564268,-0.001922700451,0.0001698161311,-0.00175288432,-0.0009734451627,-0.0001956161254,-0.001169061288,-0.001456895357,-8.759537331e-05,-0.00154449073,0.000255535992,-5.126095879e-05,0.0002042750332,-0.0007201308299,0.0002222173553,-0.0004979134746,0.00104288891,-0.0003847778435,0.0006581110665,0.0004901856288,-3.618068646e-05,0.0004540049424,-0.001043937168,0.0006533604548,-0.0003905767127,-0.002895549705,-0.0006929003492,-0.003588450055,-0.001586139117,-0.0003922411686,-0.001978380286,-0.003420489,-0.0006422993891,-0.004062788389,-0.002026575182,-0.0004272427359,-0.002453817918,-0.001864114277,0.0003663288145,-0.001497785462,-0.001603804207,-5.381833337e-05,-0.00165762254,-0.002428439287,0.000356084487,-0.0020723548,-0.002659660285,-7.583867919e-05,-0.002735498964,-0.001253851314,0.0003970610619,-0.0008567902523,-0.002045998571,0.0004778006275,-0.001568197944,-0.004395454964,0.0006905720497,-0.003704882914,-0.003644120722,0.0006915118555,-0.002952608867,-0.003548495482,0.0008041186078,-0.002744376874,-0.003547878662,-0.0007774184545,-0.004325297116,-0.001165472416,8.446950073e-05,-0.001081002916,-0.004812005991,-0.0009553167919,-0.005767322783,-0.001393942263,-0.0001033110136,-0.001497253277,-0.002042468176,0.0004129671619,-0.001629501014,-0.002198398591,0.0002389576907,-0.0019594409,-0.001430872837,-8.632190693e-05,-0.001517194744,-0.002148051449,-3.504089856e-05,-0.002183092347,-0.002402681387,0.000147071384,-0.002255610003,-0.001512830435,-2.631644123e-05,-0.001539146876,-0.003097836224,3.125640486e-05,-0.003066579819,-0.002808076148,0.0002237733293,-0.002584302819
33.3,-0.00154956265,0.001430775765,-0.0001187868846,-0.002560381335,0.0002445982079,-0.002315783127,-0.003537892132,0.0006486779618,-0.00288921417,-0.001906795606,0.0001700838502,-0.001736711755,-0.0009706716726,-0.0002025357332,-0.001173207406,-0.001440597824,-8.634027881e-05,-0.001526938103,0.0002484765368,-5.229498487e-05,0.000196181552,-0.000725418341,0.0002227159392,-0.0005027024018,0.00103279646,-0.0003801834978,0.0006526129623,0.0004702843465,-3.054395595e-05,0.0004397403905,-0.00107265574,0.0006684792624,-0.0004041764772,-0.002899321493,-0.0006840942889,-0.003583415782,-0.00163542904,-0.0003811256089,-0.002016554649,-0.003436024291,-0.0006403753954,-0.004076399686,-0.002083000628,-0.0004130789933,-0.002496079621,-0.001914788162,0.0003635036622,-0.001551284499,-0.001663047881,-4.644496407e-05,-0.001709492845,-0.00244645248,0.0003550438031,-0.002091408677,-0.002685904723,-7.133787675e-05,-0.0027572426,-0.001261594372,0.000403222575,-0.0008583717965,-0.002056034572,0.0004887657274,-0.001567268845,-0.004418790478,0.0007050649079,-0.00371372557,-0.003646230654,0.0006982378986,-0.002947992755,-0.003554818835,0.0008099036048,-0.00274491523,-0.00360273694,-0.0007736040433,-0.004376340983,-0.00121458519,0.000103734081,-0.001110851109,-0.004887430543,-0.0009540059815,-0.005841436525,-0.001433766323,-9.854107057e-05,-0.001532307394,-0.002089006133,0.0004205584569,-0.001668447676,-0.002263044878,0.0002555666178,-0.002007478261,-0.00146720977,-8.582034055e-05,-0.00155303011,-0.002189309712,-3.242773008e-05,-0.002221737442,-0.002452555335,0.0001545294039,-0.002298025931,-0.001561036703,-2.450721503e-05,-0.001585543918,-0.003147938966,2.923781104e-05,-0.003118701155,-0.002858529403,0.0002028696841,-0.002655659719
33.4,-0.001525897045,0.001434824183,-9.107286168e-05,-0.002559163543,0.0002498351615,-0.002309328382,-0.003522986373,0.0006494244592,-0.002873561914,-0.001892797872,0.000170275022,-0.00172252285,-0.000968643506,-0.0002096833156,-0.001178326822,-0.00142550715,-8.491971081e-05,-0.001510426861,0.0002412875021,-5.345893616e-05,0.0001878285659,-0.0007331498107,0.0002232832601,-0.0005098665506,0.001020325971,-0.0003756889114,0.0006446370597,0.00044822702,-2.467952243e-05,0.0004235474976,-0.0011029603,0.0006835813865,-0.0004193789136,-0.002905280824,-0.0006744307252,-0.003579711549,-0.001685470974,-0.0003706573115,-0.002056128286,-0.003452230325,-0.0006379022809,-0.004090132606,-0.00214001433,-0.0003979378525,-0.002537952183,-0.001967560704,0.0003610688462,-0.001606491858,-0.001726049911,-3.818389639e-05,-0.001764233807,-0.002464622397,0.00035398151,-0.002110640887,-0.002713629716,-6.659720893e-05,-0.002780226924,-0.001272419756,0.0004094136795,-0.0008630060765,-0.002068456024,0.0004996122146,-0.001568843809,-0.004444079947,0.000719190395,-0.003724889552,-0.003650995994,0.000704754754,-0.00294624124,-0.00356423107,0.0008154720011,-0.002748759069,-0.003658987253,-0.0007701630498,-0.004429150303,-0.001264139235,0.0001227480099,-0.001141391225,-0.004964927331,-0.0009527079652,-0.005917635296,-0.001476060738,-9.262513047e-05,-0.001568685868,-0.002135660609,0.0004281428458,-0.001707517764,-0.002327341206,0.000272190501,-0.002055150705,-0.001504824202,-8.518982359e-05,-0.001590014026,-0.002231987707,-2.953481365e-05,-0.00226152252,-0.00250497118,0.0001618082922,-0.002343162888,-0.001611977885,-2.201585902e-05,-0.001633993744,-0.003200775878,2.671074382e-05,-0.003174065134,-0.002912250771,0.0001835512193,-0.002728699552
33.5,-0.001503607651,0.001439025186,-6.458246518e-05,-0.002559422325,0.0002551714496,-0.002304250876,-0.003509640825,0.0006500267077,-0.002859614117,-0.001880726631,0.0001703793734,-0.001710347257,-0.0009672570044,-0.0002170420311,-0.001184299036,-0.001411695806,-8.334654868e-05,-0.001495042355,0.0002340295383,-5.475042637e-05,0.0001792791119,-0.0007432977284,0.0002239056021,-0.0005193921263,0.001005678113,-0.0003713029963,0.0006343751167,0.0004241911632,-1.861802028e-05,0.0004055731429,-0.001134695118,0.0006986646096,-0.0004360305081,-0.002913359384,-0.0006640018187,-0.003577361203,-0.001735913277,-0.0003609089626,-0.00209682224,-0.003468997041,-0.0006348542058,-0.004103851247,-0.002197247586,-0.0003821087546,-0.002579356341,-0.0020222029,0.0003590480892,-0.001663154811,-0.001792663653,-2.904366462e-05,-0.001821707318,-0.002482799469,0.0003528803514,-0.002129919118,-0.002742598021,-6.166250113e-05,-0.002804260522,-0.001286278324,0.0004156293726,-0.0008706489511,-0.002083151069,0.0005103130232,-0.001572838046,-0.004471126811,0.0007328809593,-0.003738245852,-0.003658299063,0.0007110421089,-0.002947256955,-0.003576632371,0.0008207860681,-0.002755846302,-0.003716417894,-0.0007670680427,-0.004483485937,-0.001313882121,0.0001414264905,-0.00117245563,-0.005044039912,-0.0009515135942,-0.005995553506,-0.001520586579,-8.557469412e-05,-0.001606161273,-0.002182153781,0.0004356979705,-0.00174645581,-0.002390901288,0.0002887278957,-0.002102173392,-0.001543497015,-8.445432271e-05,-0.001627951338,-0.002275839399,-2.635267931e-05,-0.002302192079,-0.002559630821,0.0001689322399,-0.002390698581,-0.001665318923,-1.896764047e-05,-0.001684286563,-0.003256075452,2.365661938e-05,-0.003232418832,-0.002969005849,0.0001659625843,-0.002803043265
33.6,-0.001482713718,0.001443354218,-3.935950063e-05,-0.002561067915,0.0002605540121,-0.002300513903,-0.003497804918,0.0006504600745,-0.002847344844,-0.001870569268,0.0001703871393,-0.001700182129,-0.0009663992056,-0.0002245937991,-0.001190993005,-0.001399214763,-8.16341682e-05,-0.001480848931,0.0002267636043,-5.616513739e-05,0.0001705984669,-0.0007558120034,0.0002245710934,-0.00053124091,0.0009890701323,-0.0003670305295,0.0006220396028,0.0003983653708,-1.239199486e-05,0.000385973376,-0.001167686946,0.0007137255498,-0.0004539613958,-0.002923468282,-0.0006529175338,-0.003576385816,-0.001786402494,-0.0003519360888,-0.002138338583,-0.003486203815,-0.0006312115838,-0.004117415399,-0.0022543158,-0.0003658895783,-0.002620205378,-0.002078469077,0.00035745817,-0.001721010907,-0.001862721852,-1.903809597e-05,-0.001881759948,-0.002500836152,0.0003517188778,-0.002149117274,-0.002772581405,-5.65750468e-05,-0.002829156452,-0.001303091271,0.0004218627793,-0.0008812284914,-0.002099975686,0.0005208390335,-0.001579136653,-0.004499712999,0.0007460676315,-0.003753645368,-0.003667989776,0.00071707858,-0.002950911196,-0.003591894907,0.0008258098657,-0.002766085041,-0.003774801693,-0.0007642917386,-0.004539093432,-0.001363562758,0.0001596861129,-0.001203876645,-0.005124307752,-0.0009505179785,-0.006074825731,-0.001567097368,-7.740711363e-05,-0.001644504482,-0.002228219595,0.0004431951207,-0.001785024475,-0.002453362883,0.0003050757842,-0.002148287099,-0.001583006216,-8.363928682e-05,-0.001666645502,-0.002320622322,-2.28720875e-05,-0.002343494409,-0.002616244773,0.0001759446844,-0.002440300089,-0.001720712332,-1.54966397e-05,-0.001736208972,-0.003313570087,2.007168332e-05,-0.003293498404,-0.003028523437,0.0001502111441,-0.002878312293
33.7,-0.001463213645,0.001447785038,-1.542860774e-05,-0.002563990322,0.0002659246456,-0.002298065677,-0.003487401203,0.0006507025819,-0.002836698621,-0.001862284247,0.000170289243,-0.001691995004,-0.0009659534673,-0.0002323192537,-0.001198272721,-0.001388096211,-7.979613028e-05,-0.001467892341,0.0002195467587,-5.769678897e-05,0.0001618499697,-0.0007706220101,0.0002252702763,-0.0005453517338,0.0009707301429,-0.0003628721506,0.0006078579923,0.0003709442574,-6.035604595e-06,0.0003649086528,-0.001201749402,0.0007287591065,-0.0004729902952,-0.002935499321,-0.0006413046198,-0.003576803941,-0.001836592139,-0.0003437776947,-0.002180369834,-0.003503723376,-0.0006269624994,-0.004130685875,-0.002310825007,-0.0003495805437,-0.002660405551,-0.00213610176,0.0003563083126,-0.001779793447,-0.0019360317,-8.193254826e-06,-0.001944224954,-0.002518593657,0.0003504720903,-0.002168121567,-0.002803368646,-5.137044558e-05,-0.002854739091,-0.00132275351,0.0004281054206,-0.0008946480889,-0.002118758334,0.0005311592363,-0.001587599098,-0.004529604975,0.0007586805488,-0.003770924427,-0.003679889749,0.0007228420277,-0.002957047721,-0.003609865899,0.0008305097968,-0.002779356102,-0.003833898665,-0.0007618081295,-0.004595706795,-0.001412937333,0.0001774460636,-0.001235491269,-0.005205276481,-0.000949817881,-0.006155094362,-0.00161534487,-6.814729092e-05,-0.001683492161,-0.002273607838,0.0004505983067,-0.001823009531,-0.00251439409,0.0003211304513,-0.002193263638,-0.001623132383,-8.277077311e-05,-0.001705903156,-0.002366103526,-1.908480586e-05,-0.002385188332,-0.002674539475,0.0001829076844,-0.00249163179,-0.001777805412,-1.174101342e-05,-0.001789546425,-0.003373001393,1.596732594e-05,-0.003357034067,-0.003090500214,0.0001363651447,-0.002954135069
33.8,-0.001445088025,0.001452290526,7.202501006e-06,-0.002568063663,0.0002712211326,-0.002296842531,-0.003478328394,0.0006507352216,-0.002827593173,-0.001855803877,0.0001700773679,-0.001685726509,-0.000965802638,-0.0002401977382,-0.001206000376,-0.001378355583,-7.784597223e-05,-0.001456201555,0.000212430895,-5.933716035e-05,0.0001530937347,-0.0007876383043,0.0002259964935,-0.0005616418107,0.0009508950146,-0.0003588244812,0.0005920705334,0.0003421267925,4.15762502e-07,0.000342542555,-0.001236684309,0.000743757926,-0.000492926383,-0.002949324157,-0.0006293045966,-0.003578628753,-0.001886149055,-0.000336457504,-0.002222606559,-0.003521424106,-0.0006221040638,-0.00414352817,-0.002366377129,-0.0003334787518,-0.002699855881,-0.002194834879,0.000355599321,-0.001839235558,-0.002012369799,3.447134317e-06,-0.002008922665,-0.002535945242,0.0003491122516,-0.00218683299,-0.002834769812,-4.607867445e-05,-0.002880848486,-0.001345136491,0.0004343475691,-0.0009107889222,-0.002139303767,0.0005412409679,-0.001598062799,-0.004560558278,0.0007706496154,-0.003789908662,-0.003693794886,0.0007283099032,-0.002965484983,-0.003630369585,0.000834855057,-0.002795514528,-0.003893458031,-0.0007595934838,-0.004653051515,-0.001461772725,0.0001946293687,-0.001267143357,-0.00528650373,-0.0009495114356,-0.006236015166,-0.001665081963,-5.782898159e-05,-0.001722910945,-0.002318084631,0.0004578639456,-0.001860220686,-0.002573695044,0.0003367884108,-0.002236906633,-0.001663662372,-8.187403937e-05,-0.001745536411,-0.002412062418,-1.498454126e-05,-0.002427046959,-0.0027342603,0.0001898987343,-0.002544361566,-0.001836246482,-7.83813298e-06,-0.001844084615,-0.003434122009,1.136984831e-05,-0.00342275216,-0.003154605142,0.0001244532986,-0.003030151844
33.9,-0.001428301851,0.001456843395,2.854154439e-05,-0.002573149235,0.000276378327,-0.002296770908,-0.003470463772,0.0006505421174,-0.002819921654,-0.001851036469,0.0001697439174,-0.001681292551,-0.0009658294464,-0.0002482073693,-0.001214036816,-0.001369992623,-7.579707819e-05,-0.001445789701,0.0002054643363,-6.107617404e-05,0.0001443881623,-0.0008067538497,0.000226746068,-0.0005800077817,0.0009298112261,-0.0003548804671,0.000574930759,0.0003121176281,6.925905545e-06,0.0003190435337,-0.001272280418,0.0007587118818,-0.0005135685361,-0.002964792554,-0.0006170703887,-0.003581862943,-0.001934756539,-0.0003299861155,-0.002264742654,-0.003539170609,-0.0006166436542,-0.004155814263,-0.002420574009,-0.0003178731164,-0.002738447126,-0.0022543949,0.0003553225438,-0.001899072356,-0.002091476613,1.581775985e-05,-0.002075658853,-0.002552775861,0.0003476099309,-0.00220516593,-0.002866616124,-4.072526737e-05,-0.002907341392,-0.001370090128,0.0004405784713,-0.0009295116572,-0.002161395777,0.0005510500877,-0.001610345689,-0.004592320455,0.0007819051503,-0.003810415305,-0.003709476791,0.0007334595367,-0.002976017254,-0.003653208167,0.0008388179856,-0.002814390181,-0.003953219591,-0.0007576275955,-0.004710847187,-0.001509846897,0.0002111638294,-0.001298683067,-0.005367561023,-0.0009496992527,-0.006317260276,-0.001716061791,-4.649582499e-05,-0.001762557616,-0.002361430256,0.0004649411778,-0.001896489078,-0.002630996139,0.0003519475366,-0.002279048603,-0.00170439089,-8.097206453e-05,-0.001785362955,-0.00245829059,-1.056798277e-05,-0.002468858573,-0.002795169344,0.0001970050355,-0.002598164309,-0.001895689763,-3.91972945e-06,-0.001899609492,-0.003496694131,6.319779803e-06,-0.003490374352,-0.003220483418,0.0001144659232,-0.003106017495
34.0,-0.001412806015,0.001461416818,4.861080341e-05,-0.002579097528,0.0002813292248,-0.002297768303,-0.003463665288,0.0006501105719,-0.002813554716,-0.001847868053,0.0001692819305,-0.001678586123,-0.0009659152199,-0.0002563251697,-0.00122224039,-0.001362991829,-7.366260038e-05,-0.00143665443,0.0001986947227,-6.290206091e-05,0.0001357926618,-0.000827844997,0.0002275183236,-0.0006003266734,0.0009077363951,-0.0003510300262,0.0005567063689,0.0002811294194,1.345814284e-05,0.0002945875623,-0.001308311417,0.0007736075268,-0.0005347038898,-0.002981731096,-0.0006047620413,-0.003586493137,-0.001982114808,-0.0003243641384,-0.002306478946,-0.003556823189,-0.0006106002006,-0.00416742339,-0.002473021155,-0.0003030392885,-0.002776060443,-0.002314500419,0.000355458936,-0.001959041483,-0.002173050818,2.882919456e-05,-0.002144221623,-0.002568979823,0.0003459353069,-0.002223044516,-0.002898756414,-3.533314682e-05,-0.002934089561,-0.001397444072,0.0004467863222,-0.00095065775,-0.002184799314,0.0005605510462,-0.001624248268,-0.004624633169,0.000792378411,-0.003832254758,-0.003726684161,0.0007382683257,-0.002988415836,-0.003678162499,0.0008423743856,-0.002835788113,-0.004012914804,-0.0007558953639,-0.004768810167,-0.001556947166,0.0002269825661,-0.0013299646,-0.005448033314,-0.0009504858386,-0.006398519152,-0.001768034234,-3.420252783e-05,-0.001802236762,-0.002403436468,0.0004717726629,-0.001931663805,-0.002686055435,0.0003665085666,-0.002319546869,-0.001745120694,-8.008431658e-05,-0.00182520501,-0.00250459013,-5.83577327e-06,-0.002510425903,-0.002857039414,0.0002043164274,-0.002652722986,-0.001955798757,-1.074481903e-07,-0.001955906205,-0.0035604863,8.70822179e-07,-0.003559615478,-0.0032877604,0.0001063574938,-0.003181402906
34.1,-0.001398538733,0.001465985025,6.744629196e-05,-0.002585749999,0.0002860060854,-0.002299743913,-0.003457774106,0.0006494310101,-0.002808343096,-0.001846164205,0.0001686849987,-0.001677479207,-0.0009659388849,-0.0002645272623,-0.001230466147,-0.001357322947,-7.145543016e-05,-0.001428778377,0.0001921711068,-6.48016187e-05,0.0001273694881,-0.0008507726464,0.0002283155003,-0.0006224571462,0.0008849390922,-0.0003472609439,0.0005376781483,0.0002493838073,1.99755031e-05,0.0002693593104,-0.001344535378,0.0007884275298,-0.0005561078484,-0.002999943536,-0.0005925423525,-0.003592485888,-0.002027940593,-0.0003195857657,-0.002347526359,-0.003574237514,-0.0006040055902,-0.004178243104,-0.002523332543,-0.0002892342491,-0.002812566792,-0.002374861632,0.0003559785181,-0.002018883114,-0.002256745186,4.236687133e-05,-0.002214378315,-0.002584458895,0.0003440596008,-0.002240399294,-0.002931052558,-2.992448486e-05,-0.002960977043,-0.001427009004,0.00045295813,-0.0009740508737,-0.002209262815,0.0005697069681,-0.001639555847,-0.00465723459,0.0008020021051,-0.003855232485,-0.00374514534,0.0007427138407,-0.003002431499,-0.00370499343,0.0008455038723,-0.002859489558,-0.004072268469,-0.0007543882785,-0.004826656747,-0.001602868375,0.0002420244049,-0.001360843971,-0.005527518675,-0.0009519801712,-0.006479498846,-0.001820742278,-2.101630831e-05,-0.001841758586,-0.002443905455,0.0004782957095,-0.001965609745,-0.002738657647,0.000380376895,-0.002358280752,-0.001785662742,-7.922580271e-05,-0.001864888544,-0.002550772279,-7.930970927e-07,-0.002551565376,-0.002919646774,0.000211918259,-0.002707728515,-0.002016248541,3.490729699e-06,-0.002012757811,-0.003625270291,-4.91167056e-06,-0.003630181962,-0.003356046163,0.0001000500554,-0.003255996108
34.2,-0.001385427526,0.001470523831,8.50963046e-05,-0.002592941429,0.0002903416003,-0.002302599829,-0.003452618128,0.0006484968136,-0.002804121314,-0.001845772467,0.0001679471823,-0.001677825285,-0.000965777789,-0.0002727891156,-0.001238566905,-0.001352942143,-6.918820739e-05,-0.00142213035,0.0001859439148,-6.67605352e-05,0.0001191833796,-0.0008753838994,0.0002291426038,-0.0006462412955,0.0008616957925,-0.0003435598065,0.000518135986,0.0002171097522,2.644085217e-05,0.0002435506044,-0.001380696816,0.0008031501914,-0.0005775466248,-0.00301921403,-0.0005805726111,-0.003599786641,-0.002071967841,-0.000315641815,-0.002387609656,-0.003591265518,-0.0005969059647,-0.004188171482,-0.002571137228,-0.0002766909385,-0.002847828166,-0.002435181206,0.0003568404851,-0.00207834072,-0.002342166021,5.629179866e-05,-0.002285874223,-0.002599122516,0.0003419564425,-0.002257166074,-0.00296337643,-2.452194588e-05,-0.002987898376,-0.001458578503,0.0004590797133,-0.0009994987896,-0.002234521317,0.0005784799095,-0.001656041408,-0.004689862794,0.0008107110846,-0.003879151709,-0.003764572486,0.0007467738736,-0.003017798613,-0.003733444309,0.0008481902149,-0.002885254094,-0.004131001896,-0.0007531052853,-0.004884107181,-0.00164741269,0.0002562342729,-0.001391178417,-0.005605630567,-0.0009542942935,-0.006559924861,-0.001873920681,-7.018227536e-06,-0.001880938909,-0.002482651388,0.0004844437127,-0.001998207675,-0.002788615525,0.0003934643421,-0.002395151183,-0.001825837379,-7.840629216e-05,-0.001904243671,-0.002596657551,4.550224704e-06,-0.002592107326,-0.002982765109,0.0002198851697,-0.002762879939,-0.002076727891,6.783172281e-06,-0.002069944719,-0.003690819208,-1.095275681e-05,-0.003701771965,-0.003424940551,9.54365087e-05,-0.003329504043
34.3,-0.001373391972,0.001475010973,0.0001016190011,-0.002600503173,0.0002942700095,-0.002306233163,-0.003448016682,0.0006473040732,-0.002800712609,-0.001846525569,0.0001670629209,-0.001679462648,-0.0009653107741,-0.000281085803,-0.001246396577,-0.001349794121,-6.687331322e-05,-0.001416667435,0.0001800626148,-6.876370575e-05,0.000111298909,-0.0009015142442,0.0002300072127,-0.0006715070316,0.0008382851954,-0.00033991277,0.0004983724254,0.0001845392434,3.281707911e-05,0.0002173563225,-0.001416531333,0.0008177491497,-0.0005987821836,-0.003039313812,-0.0005690082845,-0.003608322097,-0.002113950821,-0.0003125213641,-0.002426472186,-0.003607757887,-0.0005893625257,-0.004197120413,-0.002616087508,-0.0002656136501,-0.002881701158,-0.002495157344,0.0003579941157,-0.002137163228,-0.00242887729,7.044308853e-05,-0.002358434201,-0.002612890381,0.000339603005,-0.002273287376,-0.002995609667,-1.91490658e-05,-0.003014758732,-0.001491931621,0.0004651358995,-0.001026795721,-0.00226030045,0.0005868312827,-0.001673469167,-0.004722260146,0.0008184432506,-0.003903816896,-0.003784667185,0.0007504264541,-0.00303424073,-0.003763244637,0.0008504215786,-0.002912823058,-0.004188837489,-0.0007520531935,-0.004940890682,-0.001690391525,0.0002695634463,-0.001420828079,-0.005682003554,-0.0009575392555,-0.006639542809,-0.001927298019,7.696276235e-06,-0.001919601743,-0.002519504301,0.0004901479004,-0.002029356401,-0.002835773018,0.000405690639,-0.002430082379,-0.001865476835,-7.762964352e-05,-0.001943106478,-0.002642077366,1.017992434e-05,-0.002631897442,-0.003046162311,0.0002282765428,-0.002817885768,-0.002136942308,9.696808111e-06,-0.0021272455,-0.003756906885,-1.717041759e-05,-0.003774077303,-0.003494038144,9.238335606e-05,-0.003401654788
34.4,-0.00136234705,0.001479426169,0.0001170791189,-0.002608267104,0.0002977280696,-0.002310539034,-0.003443786127,0.000645851344,-0.002797934783,-0.001848245368,0.0001660269703,-0.001682218397,-0.0009644229622,-0.0002893922115,-0.001253815174,-0.001347815109,-6.452278946e-05,-0.001412337899,0.0001745718166,-7.079547922e-05,0.0001037763374,-0.0009289901475,0.0002309192452,-0.0006980709023,0.0008149810211,-0.0003363060852,0.0004786749359,0.0001519013598,3.906738694e-05,0.0001909687468,-0.001451771995,0.0008321932991,-0.0006195786961,-0.003060010279,-0.0005579951646,-0.003618005443,-0.00215366953,-0.0003102120765,-0.002463881607,-0.003623567879,-0.0005814515109,-0.00420501939,-0.002657867765,-0.0002561745404,-0.002914042305,-0.00255448888,0.0003593804545,-0.002195108425,-0.002516408738,8.464187788e-05,-0.00243176686,-0.002625696736,0.0003369808824,-0.002288715853,-0.003027645885,-1.383015299e-05,-0.003041476038,-0.001526835908,0.0004711108102,-0.001055725098,-0.002286321026,0.0005947223113,-0.001691598715,-0.004754178128,0.0008251405443,-0.003929037583,-0.003805126885,0.0007536498992,-0.003051476985,-0.00379411454,0.0008521906006,-0.002941923939,-0.004245503956,-0.0007512471672,-0.004996751123,-0.001731629043,0.0002819693998,-0.001449659643,-0.005756301435,-0.0009618188105,-0.006718120246,-0.001980601691,2.301807943e-05,-0.001957583612,-0.002554315212,0.0004953393205,-0.002058975892,-0.002880009015,0.0004169845793,-0.002463024436,-0.001904428553,-7.689330401e-05,-0.001981321857,-0.002686876618,1.607748039e-05,-0.002670799138,-0.003109599986,0.0002371336109,-0.002872466375,-0.002196618359,1.217914538e-05,-0.002184439214,-0.003823308367,-2.347825885e-05,-0.003846786626,-0.003562933281,9.073371176e-05,-0.003472199569
34.5,-0.001352206721,0.001483750962,0.0001315442416,-0.002616069849,0.0003006558864,-0.002315413962,-0.003439745848,0.0006441394615,-0.002795606386,-0.001850747194,0.0001648343946,-0.001685912799,-0.0009630111636,-0.0002976831592,-0.001260694323,-0.001346936309,-6.214819341e-05,-0.001409084503,0.0001695070074,-7.283982281e-05,9.66671846e-05,-0.0009576318484,0.0002318906949,-0.0007257411535,0.0007920448403,-0.000332726431,0.0004593184093,0.0001194161627,4.515564411e-05,0.0001645718068,-0.001486156071,0.0008464468584,-0.0006397092125,-0.003081076421,-0.0005476667459,-0.003628743167,-0.002190935558,-0.0003087005382,-0.002499636096,-0.003638555888,-0.0005732632648,-0.004211819153,-0.002696202801,-0.0002485112827,-0.002944714084,-0.002612881518,0.0003609345867,-0.002251946932,-0.002604266011,9.869599311e-05,-0.002505570018,-0.002637495311,0.0003340768332,-0.002303418478,-0.003059393969,-8.59036726e-06,-0.003067984336,-0.001563050534,0.0004769881575,-0.001086062377,-0.002312303806,0.000602114464,-0.001710189342,-0.004785381912,0.0008307499738,-0.003954631939,-0.003825651363,0.0007564229886,-0.003069228374,-0.003825769558,0.0008534943076,-0.00297227525,-0.004300741555,-0.0007507112069,-0.005051452762,-0.001770966201,0.0002934152587,-0.001477550943,-0.005828225543,-0.0009672226159,-0.006795448159,-0.00203356421,3.882601766e-05,-0.001994738193,-0.002586961045,0.0004999509954,-0.002087010049,-0.002921240335,0.0004272849477,-0.002493955387,-0.001942558438,-7.618811902e-05,-0.002018746557,-0.0027309163,2.222021336e-05,-0.002708696087,-0.003172834151,0.0002464771617,-0.002926356989,-0.002255508642,1.4199865e-05,-0.002241308777,-0.003889801186,-2.978810748e-05,-0.003919589293,-0.003631225441,9.031154338e-05,-0.003540913897
34.6,-0.001342887218,0.001487968456,0.0001450812383,-0.002623756777,0.0003029976753,-0.002320759101,-0.00343572394,0.0006421713938,-0.002793552546,-0.001853844162,0.0001634805883,-0.001690363574,-0.0009609885457,-0.0003059334452,-0.001266921991,-0.001347087203,-5.976046758e-05,-0.00140684767,0.0001648913805,-7.488045398e-05,9.001092651e-05,-0.0009872560674,0.0002329353214,-0.000754320746,0.0007697206622,-0.0003291611374,0.0004405595248,8.729007495e-05,5.10467575e-05,0.0001383368325,-0.001519430575,0.0008604695299,-0.0006589610452,-0.003102299177,-0.0005381428259,-0.003640442003,-0.002225595828,-0.0003079741089,-0.002533569937,-0.003652593802,-0.0005649006847,-0.004217494486,-0.002730864441,-0.0002427258845,-0.002973590326,-0.002670054124,0.000362588278,-0.002307465846,-0.002691940987,0.0001124051433,-0.002579535843,-0.002648263457,0.0003308834442,-0.002317380012,-0.003090780828,-3.456353387e-06,-0.003094237182,-0.001600329124,0.0004827516012,-0.001117577523,-0.002337973901,0.0006089699559,-0.001729003945,-0.004815654079,0.0008352247631,-0.003980429316,-0.003845948253,0.000758725304,-0.003087222949,-0.00385792515,0.0008543339108,-0.003003591239,-0.004354307117,-0.0007504779192,-0.005104785037,-0.001808264182,0.0003038691229,-0.001504395059,-0.005897520701,-0.0009738210989,-0.0068713418,-0.002085928742,5.498894499e-05,-0.002030939797,-0.002617347738,0.0005039200955,-0.002113427642,-0.002959422642,0.0004365413784,-0.002522881264,-0.001979752985,-7.549851187e-05,-0.002055251497,-0.002774075282,2.858138529e-05,-0.002745493897,-0.003235615771,0.0002563048974,-0.002979310874,-0.002313395955,1.575152777e-05,-0.002297644428,-0.00395616681,-3.601227464e-05,-0.003992179085,-0.003698524384,9.092714865e-05,-0.003607597235
34.7,-0.001334309461,0.001492062969,0.000157753508,-0.002631185077,0.0003047024493,-0.002326482628,-0.003431561771,0.0006399520584,-0.002791609713,-0.001857350895,0.0001619612647,-0.001695389631,-0.0009582872076,-0.0003141178974,-0.001272405105,-0.001348198014,-5.736989138e-05,-0.001405567906,0.0001607351176,-7.69009941e-05,8.383412348e-05,-0.001017678222,0.0002340682471,-0.0007836099746,0.0007482327332,-0.0003255983506,0.0004226343826,5.571417735e-05,5.670707717e-05,0.0001124212545,-0.001551355229,0.0008742167477,-0.0006771384816,-0.003123486087,-0.0005295286535,-0.003653014741,-0.002257532525,-0.0003080245963,-0.002565557121,-0.003665567956,-0.0005564774332,-0.004222045389,-0.002761675003,-0.0002388847099,-0.003000559713,-0.002725744044,0.0003642727549,-0.002361471289,-0.00277892114,0.000125566711,-0.002653354429,-0.002658003875,0.0003273995834,-0.002330604291,-0.003121752273,1.54270691e-06,-0.003120209566,-0.001638421924,0.000488385193,-0.001150036731,-0.002363064238,0.0006152523677,-0.00174781187,-0.004844796842,0.0008385256511,-0.004006271191,-0.003865736888,0.000760537662,-0.003105199226,-0.003890300293,0.0008547144872,-0.003035585806,-0.004405978454,-0.0007505871788,-0.005156565633,-0.001843406005,0.0003133035145,-0.00153010249,-0.00596397714,-0.0009816630914,-0.006945640232,-0.002137452533,7.136814183e-05,-0.002066084391,-0.002645410186,0.0005071898337,-0.002138220352,-0.002994548485,0.0004447152264,-0.002549833259,-0.002015919439,-7.48029878e-05,-0.002090722427,-0.002816250401,3.513040515e-05,-0.002781119995,-0.003297690842,0.0002665886021,-0.00303110224,-0.002370095397,1.68491751e-05,-0.002353246222,-0.004022191288,-4.206542443e-05,-0.004064256713,-0.003764453836,9.238314081e-05,-0.003672070695
34.8,-0.001326400095,0.001496019556,0.0001696194608,-0.002638225308,0.0003057245665,-0.002332500742,-0.003427116947,0.0006374880746,-0.002789628872,-0.0018610863,0.00016027239,-0.00170081391,-0.0009548579338,-0.0003222114663,-0.0012770694,-0.001350200911,-5.498609686e-05,-0.001405187008,0.0001570375947,-7.888516695e-05,7.815242776e-05,-0.001048713817,0.0002353054065,-0.000813408411,0.000727786776,-0.0003220272099,0.0004057595661,2.486576749e-05,6.210482521e-05,8.69705927e-05,-0.001581702473,0.0008876400252,-0.0006940624477,-0.003144469968,-0.0005219141128,-0.003666384081,-0.002286659463,-0.0003088526379,-0.0025955121,-0.003677380032,-0.0005481160615,-0.004225496093,-0.002788506941,-0.0002370195955,-0.003025526537,-0.002779710737,0.0003659214205,-0.002413789317,-0.002864697081,0.0001379816505,-0.002726715431,-0.002666742997,0.0003236305002,-0.002343112496,-0.003152271351,6.374172412e-06,-0.003145897179,-0.00167707706,0.0004938737778,-0.001183203282,-0.002387317731,0.0006209272687,-0.001766390462,-0.00487263252,0.00084062218,-0.00403201034,-0.003884750433,0.0007618425231,-0.00312290791,-0.003922619876,0.0008546445622,-0.003067975314,-0.004455557634,-0.000751083868,-0.005206641502,-0.001876295532,0.0003216949271,-0.001554600605,-0.006027428024,-0.0009907759956,-0.00701820402,-0.002187908046,8.782045671e-05,-0.00210008759,-0.002671109006,0.0005097108927,-0.002161398113,-0.003026642669,0.0004517802724,-0.002574862397,-0.002050983675,-7.407496779e-05,-0.002125058643,-0.002857354563,4.183314043e-05,-0.002815521422,-0.003358800298,0.0002772720939,-0.003081528204,-0.002425453879,1.75289501e-05,-0.002407924929,-0.004087664362,-4.786611855e-05,-0.00413553048,-0.003828653333,9.448023366e-05,-0.003734173099
34.9,-0.001319091255,0.001499823465,0.0001807322097,-0.002644761342,0.0003060240965,-0.002338737246,-0.003422264775,0.000634787507,-0.002787477268,-0.001864875469,0.0001584101207,-0.001706465348,-0.0009506676986,-0.0003301893677,-0.001280857066,-0.001353030084,-5.261808973e-05,-0.001405648174,0.0001537914362,-8.081704249e-05,7.297439374e-05,-0.001080179065,0.0002366628612,-0.0008435162037,0.0007085730502,-0.0003184381612,0.000390134889,-5.088204468e-06,6.721046245e-05,6.212225798e-05,-0.00161025576,0.0009006873607,-0.0007095683991,-0.003165111652,-0.0005153729005,-0.003680484552,-0.002312917068,-0.0003104711661,-0.002623388235,-0.003687946593,-0.0005399458713,-0.004227892465,-0.002811280008,-0.0002371293457,-0.003048409353,-0.002831737572,0.0003674723924,-0.00246426518,-0.002948767889,0.0001494594166,-0.002799308473,-0.002674526599,0.0003195876545,-0.002354938944,-0.003182314827,1.100186576e-05,-0.003171312962,-0.001716041046,0.0004992031637,-0.001216837882,-0.002410488466,0.0006259626917,-0.001784525774,-0.004899002736,0.0008414937531,-0.004057508983,-0.003902737163,0.0007626243181,-0.003140112845,-0.00395461622,0.0008541356673,-0.003100480553,-0.004502873013,-0.0007520151533,-0.005254888166,-0.001906854265,0.0003290232921,-0.001577830973,-0.006087743884,-0.001001167665,-0.007088911548,-0.002237082856,0.0001042023096,-0.002132880547,-0.002694426003,0.0005114425564,-0.002182983446,-0.003055756374,0.0004577228274,-0.002598033547,-0.002084886524,-7.328409976e-05,-0.002158170624,-0.002897313689,4.865235388e-05,-0.002848661335,-0.00341868012,0.0002882707231,-0.003130409397,-0.002479347592,1.784597908e-05,-0.002461501613,-0.004152377624,-5.333800773e-05,-0.004205715632,-0.003890779125,9.702240291e-05,-0.003793756723
35.0,-0.001312319772,0.001503459713,0.0001911399407,-0.002650689385,0.0003055670387,-0.002345122347,-0.003416898935,0.000631859656,-0.002785039279,-0.001868551171,0.0001563708022,-0.001712180369,-0.0009456966313,-0.0003380272507,-0.001283723882,-0.001356621354,-5.027426986e-05,-0.001406895624,0.0001509863378,-8.26813202e-05,6.830501758e-05,-0.001111891129,0.0002381560408,-0.0008737350885,0.0006907687357,-0.0003148234631,0.0003759452725,-3.398820387e-05,7.19968978e-05,3.800869393e-05,-0.00163680829,0.0009133036554,-0.0007235046346,-0.003185301478,-0.0005099619126,-0.00369526339,-0.002336268799,-0.0003129067942,-0.002649175593,-0.003697198905,-0.0005321002799,-0.004229299185,-0.002829958931,-0.0002391804314,-0.003069139362,-0.002881632527,0.0003688707939,-0.002512761733,-0.003030644917,0.0001598211372,-0.00287082378,-0.002681414776,0.0003152885177,-0.002366126259,-0.003211869682,1.538729766e-05,-0.003196482384,-0.001755059178,0.0005043600503,-0.001250699127,-0.002432342752,0.000630329474,-0.001802013278,-0.004923767429,0.0008411303601,-0.004082637068,-0.003919462093,0.0007628697229,-0.00315659237,-0.003986030508,0.0008532019669,-0.003132828541,-0.004547780143,-0.0007534278156,-0.005301207959,-0.001935017597,0.0003352713391,-0.001599746258,-0.006144826376,-0.00101282913,-0.007157655506,-0.002284779695,0.0001203740031,-0.002164405692,-0.002715360852,0.000512353846,-0.002203007006,-0.003081961832,0.0004625409585,-0.002619420873,-0.002117579932,-7.239815644e-05,-0.002189978089,-0.002936064093,5.554834784e-05,-0.002880515745,-0.003477061936,0.0002994723675,-0.003177589569,-0.002531678641,1.787162139e-05,-0.002513807019,-0.004216123444,-5.841043739e-05,-0.004274533881,-0.003950505293,9.982117108e-05,-0.003850684122
35.1,-0.00130602671,0.001506912917,0.0002008862075,-0.002655917071,0.0003043254401,-0.002351591631,-0.003410932138,0.0006287148822,-0.002782217255,-0.001871955466,0.0001541510298,-0.001717804436,-0.0009399361859,-0.0003457013919,-0.001285637578,-0.001360912001,-4.796247917e-05,-0.00140887448,0.0001486109466,-8.446363565e-05,6.41473109e-05,-0.001143668462,0.0002397989803,-0.0009038694815,0.0006745379497,-0.0003111777571,0.0003633601925,-6.168147718e-05,7.643955034e-05,1.475807316e-05,-0.001661163786,0.0009254311803,-0.000735732606,-0.003204960455,-0.0005057210943,-0.003710681549,-0.002356700561,-0.0003161989046,-0.002672899465,-0.003705084285,-0.0005247137424,-0.004229798027,-0.00284455352,-0.0002431065689,-0.003087660089,-0.002929228863,0.00037007065,-0.002559158213,-0.003109855732,0.0001689012168,-0.002940954516,-0.002687478362,0.0003107563839,-0.002376721978,-0.003240931292,1.949199502e-05,-0.003221439297,-0.001793876477,0.0005093319201,-0.001284544557,-0.002452660858,0.0006340016302,-0.001818659228,-0.004946804714,0.0008395330201,-0.004107271694,-0.003934709639,0.0007625679329,-0.003172141706,-0.004016614713,0.0008518599933,-0.00316475472,-0.004590161895,-0.0007553658149,-0.00534552771,-0.001960732414,0.0003404240743,-0.00162030834,-0.00619860325,-0.001025737433,-0.007224340682,-0.002330817477,0.0001362034388,-0.002194614038,-0.002733930467,0.0005124247753,-0.002221505692,-0.003105348921,0.0004662430919,-0.002639105829,-0.002149024273,-7.138534297e-05,-0.002220409616,-0.002973551484,6.247982912e-05,-0.002911071655,-0.003533674727,0.0003107396003,-0.003222935127,-0.002582371908,1.769012894e-05,-0.002564681779,-0.004278696081,-6.301832373e-05,-0.004341714405,-0.00400752558,0.0001026989305,-0.00390482665
35.2,-0.001300157718,0.001510167316,0.0002100095983,-0.002660363346,0.0003022774231,-0.002358085923,-0.003404297215,0.0006253644262,-0.002778932789,-0.001874941761,0.0001517477346,-0.001723194026,-0.0009333893497,-0.0003531889153,-0.001286578265,-0.001365841279,-4.569004643e-05,-0.001411531325,0.0001466522471,-8.615085101e-05,6.050139613e-05,-0.001175331427,0.000241603624,-0.0009337278027,0.0006600291601,-0.000307498468,0.0003525306921,-8.802412596e-05,8.051637361e-05,-7.507752358e-06,-0.001683139692,0.000937010195,-0.0007461294966,-0.003224041673,-0.0005026739486,-0.003726715622,-0.002374222653,-0.0003203970743,-0.002694619728,-0.003711569043,-0.0005179186722,-0.004229487715,-0.002855120488,-0.0002488084944,-0.003103928983,-0.002974386439,0.0003710362142,-0.002603350225,-0.00318594987,0.000176548243,-0.003009401627,-0.002692797598,0.000306019919,-0.002386777679,-0.003269503717,2.328017029e-05,-0.003246223546,-0.001832239504,0.0005141070803,-0.001318132424,-0.002471239758,0.0006369568552,-0.001834282903,-0.004968011919,0.0008367140257,-0.004131297893,-0.003948287255,0.00076171094,-0.003186576315,-0.004046134095,0.0008501284407,-0.003196005655,-0.004629928464,-0.0007578676338,-0.005387796098,-0.001983956971,0.0003444685569,-0.001639488415,-0.006249024829,-0.001039858127,-0.007288882956,-0.00237503339,0.0001515685402,-0.00222346485,-0.002750171065,0.0005116476103,-0.002238523455,-0.003126024284,0.00046884667,-0.002657177614,-0.002179187486,-7.021657387e-05,-0.00224940406,-0.003009731684,6.940487376e-05,-0.002940326811,-0.003588248643,0.000321913089,-0.003266335554,-0.002631372665,1.739493495e-05,-0.00261397773,-0.004339895146,-6.71015134e-05,-0.004406996659,-0.004061556196,0.0001054914663,-0.003956064729
35.3,-0.001294664222,0.001513206866,0.0002185426441,-0.002663959393,0.0002994071371,-0.002364552256,-0.003396948661,0.0006218202469,-0.002775128414,-0.001877377358,0.0001491582993,-0.001728219058,-0.0009260726943,-0.0003604680036,-0.001286540698,-0.001371351704,-4.346374407e-05,-0.001414815448,0.0001450929403,-8.773127711e-05,5.736166323e-05,-0.001206703235,0.0002435792731,-0.0009631239615,0.0006473708206,-0.000303785891,0.0003435849296,-0.0001128851636,8.420793027e-05,-2.867723332e-05,-0.001702572144,0.0009479797815,-0.0007545923624,-0.003242532025,-0.0005008287629,-0.003743360788,-0.002388872799,-0.0003255576347,-0.002714430433,-0.003716642263,-0.0005118428316,-0.004228485095,-0.00286176499,-0.0002561557041,-0.003117920694,-0.003016993652,0.0003717426428,-0.00264525101,-0.003258506718,0.0001826258603,-0.003075880858,-0.002697462859,0.0003011123096,-0.002396350549,-0.00329760134,2.672086131e-05,-0.003270880479,-0.00186989889,0.0005186748304,-0.001351224059,-0.002487896661,0.0006391770631,-0.001848719597,-0.004987307501,0.0008326969937,-0.004154610507,-0.003960029457,0.0007602938046,-0.003199735652,-0.004074370015,0.0008480279528,-0.003226342062,-0.004667018043,-0.0007609629039,-0.005427980947,-0.00200466272,0.0003473939247,-0.001657268795,-0.006296061773,-0.001055147167,-0.007351208939,-0.002417285837,0.000166358248,-0.002250927589,-0.002764141901,0.0005100278851,-0.002254114016,-0.003144112714,0.0004703774575,-0.002673735256,-0.002208045977,-6.886733302e-05,-0.00227691331,-0.003044572443,7.628186178e-05,-0.002968290582,-0.003640521226,0.0003328162899,-0.003307704936,-0.002678645059,1.708496581e-05,-0.002661560093,-0.004399530647,-7.060410961e-05,-0.004470134757,-0.004112339885,0.0001080500958,-0.004004289789
35.4,-0.001289505177,0.001516015374,0.0002265101966,-0.002666650445,0.0002957047188,-0.002370945726,-0.003388864322,0.0006180949484,-0.002770769373,-0.001879146299,0.0001463807543,-0.001732765545,-0.0009180193937,-0.0003675180228,-0.001285537417,-0.001377390887,-4.128962888e-05,-0.001418680516,0.000143907932,-8.919480158e-05,5.471313037e-05,-0.001237611081,0.0002457322257,-0.0009918788551,0.0006366666595,-0.0003000429984,0.000336623661,-0.0001361511875,8.749750793e-05,-4.865367958e-05,-0.001719321458,0.0009582788396,-0.0007610426187,-0.003260454022,-0.000500180197,-0.003760634219,-0.002400718855,-0.0003317400269,-0.002732458881,-0.003720319463,-0.0005066072952,-0.004226926758,-0.00286464039,-0.0002649907593,-0.00312963115,-0.003056969447,0.0003721759917,-0.002684793455,-0.003327144335,0.0001870137525,-0.003140130582,-0.002701576931,0.000296070323,-0.002405506608,-0.003325250842,2.978906685e-05,-0.003295461775,-0.001906612155,0.0005230256143,-0.001383586541,-0.00250247283,0.0006406488183,-0.001861824011,-0.00500463319,0.0008275166825,-0.004177116508,-0.003969801451,0.0007583149602,-0.003211486491,-0.004101122668,0.0008455809007,-0.003255541767,-0.00470139833,-0.0007646683915,-0.005466066721,-0.002022837064,0.0003491915531,-0.001673645511,-0.006339704714,-0.001071551542,-0.007411256256,-0.002457457901,0.0001804726888,-0.002276985212,-0.002775929074,0.0005075848806,-0.002268344193,-0.003159759593,0.0004708696271,-0.002688889966,-0.002235586567,-6.731901341e-05,-0.00230290558,-0.003078055521,8.30703861e-05,-0.002994985135,-0.003690244989,0.0003432611687,-0.00334698382,-0.00272417146,1.686135529e-05,-0.002707310105,-0.0044574284,-7.347429478e-05,-0.004530902694,-0.004159651282,0.0001102439022,-0.00404940738
35.5,-0.001284649,0.001518576734,0.0002339277341,-0.002668398015,0.0002911663732,-0.002377231642,-0.003380046705,0.0006142018043,-0.0027658449,-0.001880152094,0.0001434140631,-0.001736738031,-0.0009092819488,-0.0003743195235,-0.001283601472,-0.001383913409,-3.917284285e-05,-0.001423086252,0.0001430613731,-9.053294732e-05,5.252842579e-05,-0.001267887312,0.0002480655957,-0.001019821716,0.0006279923606,-0.0002962750936,0.0003317172671,-0.0001577300017,9.037121874e-05,-6.735878296e-05,-0.001733276534,0.000967847142,-0.000765429392,-0.003277867111,-0.0005007105107,-0.003778577622,-0.002409859865,-0.0003390038251,-0.00274886369,-0.003722645072,-0.0005023248195,-0.004224969892,-0.002863946048,-0.0002751352556,-0.003139081304,-0.003094264648,0.0003723325624,-0.002721932086,-0.003391527272,0.0001896088261,-0.003201918446,-0.002705258005,0.0002909337624,-0.002414324243,-0.003352492531,3.246602756e-05,-0.003320026504,-0.001942146382,0.0005271511316,-0.00141499525,-0.002514837057,0.0006413636453,-0.001873473411,-0.005019955591,0.0008212186293,-0.004198736962,-0.003977501446,0.0007557766137,-0.003221724832,-0.004126213267,0.0008428111735,-0.003283402093,-0.004733068104,-0.0007689839547,-0.005502052059,-0.002038485861,0.0003498554223,-0.001688630439,-0.006379966715,-0.001089007904,-0.007468974619,-0.002495460503,0.0001938233954,-0.002301637108,-0.00278564751,0.0005043513655,-0.002281296144,-0.003173132402,0.0004703663254,-0.002702766076,-0.002261808301,-6.555979418e-05,-0.002327368095,-0.003110178167,8.973221839e-05,-0.003020445949,-0.003737195131,0.0003530548103,-0.00338414032,-0.002767952335,1.682481481e-05,-0.00275112752,-0.004513434207,-7.56649678e-05,-0.004589099175,-0.004203302496,0.0001119621314,-0.004091340364
35.6,-0.001280075066,0.001520875256,0.0002408001902,-0.002669181723,0.0002857946004,-0.002383387123,-0.003370523232,0.0006101547993,-0.002760368433,-0.001880319747,0.000140258425,-0.001740061322,-0.0008999331548,-0.0003808541566,-0.001280787311,-0.001390882028,-3.711747156e-05,-0.0014279995,0.0001425058128,-9.173890643e-05,5.076690638e-05,-0.001297370328,0.0002505792463,-0.001046791082,0.0006213954058,-0.0002924894035,0.0003289060023,-0.0001775514769,9.281806764e-05,-8.473340924e-05,-0.001744356531,0.0009766263854,-0.000767730146,-0.003294867151,-0.0005023901021,-0.003797257253,-0.002416424277,-0.0003474071415,-0.002763831418,-0.003723692535,-0.0004990985311,-0.004222791066,-0.002859923567,-0.0002863959548,-0.003146319522,-0.003128861931,0.0003722177235,-0.002756644208,-0.003451371452,0.0001903267381,-0.003261044713,-0.002708641924,0.0002857455397,-0.002422896384,-0.003379380249,3.47391974e-05,-0.003344641051,-0.001976280267,0.0005310445007,-0.001445235766,-0.002524888043,0.0006413183117,-0.001883569731,-0.005033266417,0.0008138587496,-0.004219407667,-0.003983060741,0.0007526852366,-0.003230375504,-0.004149485048,0.0008397439677,-0.003309741081,-0.004762057381,-0.0007738894563,-0.005535946837,-0.002051634462,0.0003493828514,-0.00170225161,-0.006416887947,-0.001107439259,-0.007524327205,-0.00253123373,0.0002063338265,-0.002324899903,-0.002793439241,0.0005003726114,-0.002293066629,-0.003184419259,0.0004689202727,-0.002715498986,-0.00228672285,-6.358510284e-05,-0.002350307953,-0.003140953038,9.623231886e-05,-0.003044720719,-0.003781176519,0.0003620068731,-0.003419169646,-0.002810005861,1.707360001e-05,-0.002792932261,-0.004567415405,-7.713501689e-05,-0.004644550421,-0.00424314728,0.0001131163857,-0.004130030894
35.7,-0.001275774072,0.001522896006,0.0002471219343,-0.002668999762,0.0002795984546,-0.002389401307,-0.00336034477,0.0006059685976,-0.002754376172,-0.001879596462,0.0001369155021,-0.00174268096,-0.0008900640242,-0.0003871045812,-0.001277168605,-0.001398267554,-3.512648824e-05,-0.001433394042,0.0001421846764,-9.280757492e-05,4.937710148e-05,-0.001325904865,0.0002532697639,-0.001072635102,0.0006168992116,-0.0002886946741,0.0003282045375,-0.0001955644621,9.483000878e-05,-0.0001007344533,-0.001752508671,0.0009845612258,-0.0007679474455,-0.003311582411,-0.0005051778529,-0.003816760264,-0.002420565082,-0.0003570059624,-0.002777571044,-0.003723561125,-0.0004970210067,-0.004220582132,-0.002852851485,-0.0002985701681,-0.003151421653,-0.003160773829,0.0003718444406,-0.002788929389,-0.003506444601,0.0001891036463,-0.003317340955,-0.002711881898,0.0002805522245,-0.002431329673,-0.003405979191,3.660245104e-05,-0.00336937674,-0.002008805078,0.0005347004859,-0.001474104592,-0.002532554975,0.0006405151014,-0.001892039874,-0.005044580663,0.0008055029383,-0.004239077725,-0.003986441065,0.0007490520393,-0.003237389026,-0.004170802571,0.0008364055208,-0.00333439705,-0.004788424913,-0.0007793434103,-0.005567768323,-0.002062326082,0.0003477755343,-0.001714550547,-0.006450540226,-0.001126751038,-0.007577291264,-0.00256474461,0.0002179396618,-0.002346804948,-0.002799466965,0.0004957048458,-0.002303762119,-0.003193823303,0.0004665939915,-0.002727229312,-0.002310352552,-6.139773802e-05,-0.00237175029,-0.003170405688,0.0001025397272,-0.003067865961,-0.003822028789,0.0003699373332,-0.003452091455,-0.002850365962,1.770152674e-05,-0.002832664435,-0.004619259274,-7.785064731e-05,-0.004697109921,-0.004279082453,0.00011364245,-0.004165440003
35.8,-0.001271746787,0.001524625096,0.0002528783089,-0.002667867402,0.000272593705,-0.002395273697,-0.003349582212,0.0006016584377,-0.002747923774,-0.001877950754,0.0001333885559,-0.001744562198,-0.0008797783508,-0.0003930544053,-0.001272832756,-0.001406047079,-3.320177029e-05,-0.00143924885,0.0001420380335,-9.373559814e-05,4.830243539e-05,-0.001353341496,0.0002561304384,-0.001097211058,0.0006145109548,-0.0002849008636,0.0003296100912,-0.000211730099,9.640195745e-05,-0.0001153281415,-0.001757702466,0.0009916002493,-0.0007661022166,-0.003328165469,-0.000509021967,-0.003837187436,-0.00242245284,-0.0003678529599,-0.0027903058,-0.003722369767,-0.0004961737445,-0.004218543511,-0.002843037802,-0.0003114503973,-0.003154488199,-0.003190038468,0.0003712317484,-0.00281880672,-0.003556562287,0.0001858978065,-0.003370664481,-0.002715144611,0.000275404749,-0.002439739862,-0.003432361589,3.805681364e-05,-0.003394304775,-0.002039524307,0.0005381156303,-0.001501408677,-0.00253779602,0.0006389619614,-0.001898834059,-0.005053932675,0.0007962265177,-0.004257706157,-0.003987629606,0.0007448932837,-0.003242736322,-0.004190049346,0.0008328227837,-0.003357226563,-0.004812253234,-0.0007852832622,-0.005597536496,-0.002070617093,0.0003450405944,-0.001725576498,-0.006481028843,-0.001146828315,-0.007627857159,-0.002595980787,0.0002285883106,-0.002367392476,-0.002803903784,0.0004904132959,-0.002313490488,-0.003201553613,0.0004634594897,-0.002738094123,-0.002332726139,-5.90077257e-05,-0.002391733865,-0.003198569558,0.0001086281099,-0.003089941448,-0.003859628474,0.0003766837024,-0.003482944772,-0.002889077801,1.879539714e-05,-0.002870282404,-0.004668869139,-7.778623274e-05,-0.004746655371,-0.004311046304,0.0001135019491,-0.004197544355
35.9,-0.001268001309,0.001526049886,0.0002580485768,-0.00266581379,0.0002648028978,-0.002401010892,-0.003338321619,0.0005972400137,-0.002741081605,-0.001875370231,0.0001296825405,-0.001745687691,-0.0008691851544,-0.000398688166,-0.00126787332,-0.001414200914,-3.134420392e-05,-0.001445545118,0.0001420099266,-9.452144362e-05,4.748848301e-05,-0.001379535588,0.0002591512513,-0.001120384337,0.0006142305417,-0.0002811190501,0.0003331114916,-0.0002260137571,9.753165957e-05,-0.0001284820975,-0.001759922456,0.0009976967912,-0.0007622256651,-0.003344782429,-0.0005138614186,-0.003858643847,-0.002422268289,-0.0003799948287,-0.002802263117,-0.003720249552,-0.0004966267706,-0.004216876322,-0.002830810601,-0.0003248285718,-0.003155639173,-0.003216713359,0.0003704032476,-0.002846310111,-0.003601581762,0.0001806908412,-0.00342089092,-0.002718603425,0.0002703589574,-0.002448244467,-0.003458601018,3.911160716e-05,-0.003419489411,-0.002068252421,0.000541288161,-0.00152696426,-0.002540595298,0.0006366724306,-0.001903922867,-0.005061371046,0.0007861133728,-0.004275257673,-0.003986633146,0.0007402303473,-0.003246402798,-0.004207124672,0.0008290231061,-0.003378101566,-0.004833642709,-0.0007916268224,-0.005625269531,-0.002076570437,0.0003411915407,-0.001735378897,-0.006508490627,-0.00116753517,-0.007676025797,-0.002624941491,0.0002382375619,-0.002386703929,-0.002806921933,0.000484569915,-0.002322352018,-0.003207815214,0.000459597558,-0.002748217656,-0.002353873504,-5.643182304e-05,-0.002410305327,-0.003225479565,0.000114475825,-0.00311100374,-0.003893888261,0.0003821072412,-0.003511781019,-0.002926191229,2.043186536e-05,-0.002905759364,-0.004716159893,-7.692444453e-05,-0.004793084338,-0.004339015031,0.0001126840731,-0.004226330958
36.0,-0.001264549558,0.001527159111,0.0002626095529,-0.002662878058,0.0002562553991,-0.002406622659,-0.003326658956,0.0005927293676,-0.002733929589,-0.001871858798,0.0001258041942,-0.001746054603,-0.0008583912855,-0.0004039913505,-0.001262382636,-0.001422709094,-2.955391088e-05,-0.001452263005,0.0001420547468,-9.516550977e-05,4.688923702e-05,-0.001404346242,0.0002623189047,-0.001142027337,0.0006160577607,-0.0002773615443,0.0003386962163,-0.0002383784454,9.82193674e-05,-0.000140159078,-0.001759162117,0.001002809567,-0.0007563525503,-0.003361602187,-0.0005196277654,-0.003881229952,-0.002420196211,-0.0003934686692,-0.00281366488,-0.003717337035,-0.0004984380138,-0.004215775049,-0.002816508297,-0.0003385001119,-0.003155008409,-0.003240868337,0.0003693855152,-0.002871482821,-0.003641396894,0.0001734888806,-0.003467908013,-0.002722430748,0.0002654757258,-0.002456955022,-0.003484766733,3.978548912e-05,-0.003444981244,-0.002094813533,0.0005442177653,-0.001550595768,-0.002540959424,0.0006336654348,-0.001907293989,-0.005066953812,0.0007752548318,-0.00429169898,-0.0039834729,0.0007350895486,-0.003248383351,-0.004221940856,0.0008250340328,-0.003396906823,-0.004852706059,-0.0007982748718,-0.005650980931,-0.002080249627,0.0003362492802,-0.001744000347,-0.006533089091,-0.001188715972,-0.007721805063,-0.002651628739,0.000246853858,-0.002404774881,-0.002808683658,0.000478250987,-0.002330432671,-0.003212801196,0.0004550969835,-0.002757704213,-0.002373821353,-5.369252499e-05,-0.002427513878,-0.003251166134,0.0001200656029,-0.003131100531,-0.003924754493,0.0003860979231,-0.00353865657,-0.002961753906,2.267443896e-05,-0.002939079467,-0.004761054663,-7.525575085e-05,-0.004836310414,-0.004362999145,0.0001112075791,-0.004251791566
36.1,-0.001261403915,0.001527942927,0.0002665390123,-0.002659105854,0.0002469873898,-0.002412118465,-0.003314695441,0.0005881427679,-0.002726552673,-0.001867434015,0.0001217621194,-0.001745671896,-0.0008474961731,-0.0004089504723,-0.001256446645,-0.001431548389,-2.783058614e-05,-0.001459378975,0.0001421408331,-9.567024048e-05,4.647059257e-05,-0.001427635701,0.0002656169471,-0.001162018754,0.0006199959185,-0.0002736420362,0.0003463538823,-0.0002487815465,9.846740006e-05,-0.0001503141465,-0.001755420667,0.001006903189,-0.0007485174783,-0.003378787639,-0.0005262473295,-0.003905034969,-0.002416421597,-0.0004082985187,-0.002824720116,-0.003713769724,-0.000501652183,-0.004215421907,-0.002800471044,-0.000352267931,-0.003152738975,-0.003262579004,0.0003682063287,-0.002894372675,-0.003675936231,0.0001643237025,-0.003511612529,-0.00272679167,0.0002608204303,-0.002465971239,-0.003510919224,4.010663353e-05,-0.003470812591,-0.002119040766,0.0005469054601,-0.001572135306,-0.002538914581,0.0006299651197,-0.001908949461,-0.005070745064,0.0007637484969,-0.004306996567,-0.00397818097,0.0007295017698,-0.0032486792,-0.004234421613,0.0008208832242,-0.003413538389,-0.004869564071,-0.0008051151215,-0.005674679193,-0.00208171529,0.0003302432444,-0.001751472045,-0.00655500817,-0.001210198042,-0.007765206213,-0.00267604167,0.0002544110012,-0.002421630669,-0.002809336102,0.0004715349416,-0.002337801161,-0.003216688655,0.0004500537587,-0.002766634897,-0.002392590931,-5.081667486e-05,-0.002443407606,-0.003275651147,0.0001253840836,-0.003150267064,-0.003952204425,0.000388577965,-0.00356362646,-0.002995805636,2.557117484e-05,-0.002970234462,-0.004803483288,-7.277767019e-05,-0.004876260958,-0.00438304116,0.0001091228849,-0.004273918275
36.2,-0.001258574676,0.001528392917,0.0002698182415,-0.002654546942,0.000237041661,-0.002417505281,-0.003302534032,0.0005834965713,-0.002719037461,-0.00186212511,0.000117566841,-0.001744558269,-0.0008365895423,-0.0004135531873,-0.00125014273,-0.001440690377,-2.617387161e-05,-0.001466864248,0.0001422508122,-9.60401804e-05,4.621063177e-05,-0.001449269501,0.0002690260376,-0.001180243463,0.0006260518281,-0.000269975568,0.0003560762601,-0.0002571751807,9.827973288e-05,-0.0001588954478,-0.001748703111,0.001009948665,-0.0007387544454,-0.003396489246,-0.0005336438435,-0.003930133089,-0.002411128407,-0.0004244923596,-0.002835620767,-0.003709684255,-0.0005062991868,-0.004215983442,-0.002783033906,-0.0003659464796,-0.003148980386,-0.003281921709,0.0003668928434,-0.002915028866,-0.003705164059,0.0001532536256,-0.003551910433,-0.002731839968,0.0002564617038,-0.002475378264,-0.003537107517,4.011158582e-05,-0.003496995931,-0.002140776543,0.0005493536283,-0.001591422915,-0.002534504524,0.0006256007573,-0.001908903767,-0.005072813229,0.0007516971244,-0.004321116105,-0.003970798486,0.0007235019096,-0.003247296576,-0.004244501751,0.0008165984138,-0.003427903338,-0.004884342588,-0.0008120271946,-0.005696369782,-0.002081024814,0.0003232123684,-0.001757812446,-0.006574445874,-0.00123179527,-0.007806241144,-0.002698175471,0.0002608898437,-0.002437285628,-0.002809010343,0.0004645006067,-0.002344509737,-0.003219638463,0.0004445700789,-0.002775068385,-0.002410197978,-4.783404007e-05,-0.002458032018,-0.003298946296,0.0001304213289,-0.003168524967,-0.003976244401,0.0003895036848,-0.003586740716,-0.003028374644,2.915319169e-05,-0.002999221452,-0.004843382448,-6.949404679e-05,-0.004912876495,-0.004399214492,0.0001065131879,-0.004292701304
36.3,-0.001256068581,0.001528502113,0.0002724335324,-0.00264925403,0.0002264671414,-0.002422786889,-0.003290277163,0.0005788071291,-0.002711470034,-0.001855971729,0.0001132308794,-0.001742740849,-0.000825751839,-0.000417788393,-0.001243540232,-0.001450100721,-2.458367682e-05,-0.001474684398,0.0001423792577,-9.628191485e-05,4.609734284e-05,-0.001469117298,0.0002725243509,-0.001196592947,0.0006342330274,-0.0002663782559,0.0003678547715,-0.000263509375,9.766169505e-05,-0.0001658476799,-0.001739022807,0.001011923918,-0.0007270988894,-0.003414840819,-0.0005417411813,-0.003956582,-0.002404500591,-0.000442039226,-0.002846539817,-0.003705216887,-0.0005123925401,-0.004217609427,-0.002764521421,-0.000379366124,-0.003143887545,-0.00329897073,0.0003654701483,-0.002933500582,-0.00372908364,0.0001403641118,-0.003588719528,-0.002737716603,0.0002524696842,-0.002485246919,-0.003563368348,3.984303939e-05,-0.003523525309,-0.002159873635,0.0005515660866,-0.001608307549,-0.002527789377,0.0006206066085,-0.001907182768,-0.005073230619,0.0007392074721,-0.004334023147,-0.003961375039,0.000717128228,-0.003244246811,-0.004252127827,0.0008122073054,-0.003439920521,-0.004897170479,-0.0008188879755,-0.005716058455,-0.002078234598,0.0003152056559,-0.001763028942,-0.006591608749,-0.001253312267,-0.007844921016,-0.002718024385,0.000266278771,-0.002451745614,-0.00280782347,0.0004572258942,-0.002350597576,-0.003221797715,0.0004387529322,-0.002783044783,-0.002426654392,-4.477616959e-05,-0.002471430562,-0.00332105349,0.0001351702952,-0.003185883195,-0.00399690921,0.0003888652772,-0.003608043933,-0.003059476043,3.343405378e-05,-0.003026041989,-0.004880696953,-6.541424735e-05,-0.0049461112,-0.004411622764,0.0001034932034,-0.004308129561
36.4,-0.001253888305,0.001528265073,0.0002743767678,-0.002643282695,0.0002153182634,-0.002427964431,-0.003278025441,0.0005740907954,-0.002703934646,-0.001849023297,0.000108768878,-0.001740254419,-0.0008150564529,-0.0004216462458,-0.001236702699,-0.001459739437,-2.30604118e-05,-0.001482799849,0.0001425288218,-9.640389181e-05,4.612492999e-05,-0.00148705419,0.0002760880692,-0.00121096612,0.0006445436237,-0.0002628668233,0.0003816768004,-0.0002677366267,9.661975611e-05,-0.0001711168705,-0.001726405268,0.001012814242,-0.0007135910262,-0.003433957544,-0.0005504654716,-0.003984423016,-0.002396724388,-0.0004609060706,-0.002857630459,-0.003700505185,-0.0005199283467,-0.004220433531,-0.002745242729,-0.0003923780985,-0.003137620828,-0.003313798059,0.0003639607343,-0.002949837325,-0.003747742222,0.0001257686783,-0.003621973544,-0.002744550148,0.0002489140793,-0.002495636069,-0.003589727146,3.934731813e-05,-0.003550379828,-0.002176196586,0.0005535480584,-0.001622648527,-0.002518844869,0.0006150216583,-0.001903823211,-0.005072073587,0.0007263890516,-0.004345684535,-0.003949968722,0.0007104216933,-0.003239547028,-0.004257259279,0.0008077373762,-0.003449521902,-0.004908177936,-0.0008255767376,-0.005733754674,-0.002073403903,0.0003062823007,-0.001767121603,-0.006606707422,-0.001274548928,-0.00788125635,-0.00273558691,0.0002705743233,-0.002465012586,-0.002805881981,0.0004497868706,-0.002356095111,-0.003223303189,0.0004327123365,-0.002790590852,-0.002441970832,-4.167558193e-05,-0.002483646414,-0.003341966623,0.0001396263439,-0.003202340279,-0.004014262208,0.0003866844656,-0.003627577743,-0.003089112212,3.841003615e-05,-0.003050702175,-0.004915381569,-6.055225057e-05,-0.004975933819,-0.004420398759,0.0001002049686,-0.00432019379
36.5,-0.001252032562,0.001527678035,0.0002756454732,-0.00263669198,0.0002036543349,-0.002433037645,-0.003265876803,0.0005693640048,-0.002696512798,-0.001841338597,0.0001041977555,-0.001737140842,-0.0008045724597,-0.0004251180892,-0.001229690549,-0.00146956167,-2.160516741e-05,-0.001491166838,0.0001427062876,-9.641617343e-05,4.629011421e-05,-0.001502962188,0.0002796918741,-0.001223270313,0.0006569804314,-0.0002594580455,0.0003975223859,-0.0002698161799,9.51613614e-05,-0.0001746548185,-0.00171089163,0.001012612658,-0.0006982789719,-0.003453935516,-0.0005597463224,-0.004013681838,-0.002387990497,-0.0004810344722,-0.002869024969,-0.003695689575,-0.0005288850537,-0.004224574629,-0.002725486674,-0.0004048595822,-0.003130346256,-0.003326475508,0.0003623851327,-0.002964090375,-0.003761236976,0.0001096105333,-0.003651626443,-0.00275245816,0.000245862348,-0.002506595812,-0.003616200342,3.867228717e-05,-0.003577528055,-0.002189623194,0.0005553061037,-0.001634317091,-0.002507761532,0.000608889309,-0.001898872223,-0.005069422625,0.0007133528961,-0.004356069729,-0.003936645937,0.0007034254173,-0.00323322052,-0.004259869444,0.0008032155939,-0.00345665385,-0.004917494609,-0.0008319795466,-0.005749474155,-0.00206659895,0.0002965114379,-0.001770087512,-0.006619952672,-0.001295305651,-0.007915258323,-0.002750870984,0.0002737814848,-0.002477089499,-0.002803284539,0.0004422571551,-0.002361027384,-0.00322428399,0.0004265595182,-0.002797724471,-0.002456159257,-3.8565115e-05,-0.002494724372,-0.003361673867,0.0001437869406,-0.003217886927,-0.004028395695,0.0003830108128,-0.003645384883,-0.00311727388,4.406088272e-05,-0.003073212998,-0.004947402527,-5.492597588e-05,-0.005002328503,-0.004425702516,9.681149761e-05,-0.004328891019
36.6,-0.001250496207,0.001526739082,0.0002762428749,-0.002629544962,0.0001915389908,-0.002438005971,-0.003253925453,0.0005646433242,-0.002689282129,-0.001832985021,9.953678462e-05,-0.001733448236,-0.000794366382,-0.0004281963488,-0.001222562731,-0.001479518359,-2.021988289e-05,-0.001499738242,0.0001429201404,-9.633016737e-05,4.658997303e-05,-0.001516731438,0.0002833093463,-0.001233422091,0.0006715311625,-0.0002561681661,0.0004153629964,-0.0002697162862,9.329482135e-05,-0.0001764214649,-0.001692540172,0.001011320141,-0.0006812200314,-0.003474850871,-0.0005695176427,-0.004044368513,-0.002378494635,-0.0005023378042,-0.002880832439,-0.003690913684,-0.00053922365,-0.004230137334,-0.002705516542,-0.0004167180875,-0.003122234629,-0.003337077819,0.0003607633976,-0.002976314422,-0.003769720057,9.206420704e-05,-0.00367765585,-0.002761548137,0.0002433782088,-0.002518169928,-0.003642797806,3.786598597e-05,-0.00360493182,-0.002200045624,0.0005568480902,-0.001643197534,-0.002494643215,0.0006022571419,-0.001892386073,-0.005065361706,0.0007002104733,-0.004365151233,-0.003921480022,0.0006961841775,-0.003225295845,-0.004259945837,0.0007986680326,-0.003461277804,-0.004925247506,-0.0008379926787,-0.005763240184,-0.002057895656,0.0002859715329,-0.001771924123,-0.00663155155,-0.001315388719,-0.007946940268,-0.002763897153,0.0002759135292,-0.002487983624,-0.002800122247,0.0004347074972,-0.00236541475,-0.003224861687,0.0004204053423,-0.002804456345,-0.002469234235,-3.547726049e-05,-0.002504711495,-0.003380159456,0.0001476516152,-0.003232507841,-0.004039430265,0.0003779174528,-0.003661512812,-0.003143940328,5.035041209e-05,-0.003093589916,-0.004976737867,-4.855708983e-05,-0.005025294957,-0.004427718293,9.348981743e-05,-0.004334228476
36.7,-0.00124926964,0.001525448227,0.0002761785869,-0.00262190842,0.0001790396799,-0.00244286874,-0.003242259884,0.0005599454201,-0.002682314463,-0.001824036957,9.480752808e-05,-0.001729229429,-0.0007845015524,-0.0004308744543,-0.001215376007,-0.001489556147,-1.890748946e-05,-0.001508463637,0.000143181008,-9.615835927e-05,4.702264869e-05,-0.001528260772,0.0002869132075,-0.001241347565,0.0006881759395,-0.0002530123565,0.0004351635829,-0.0002674131931,9.102926003e-05,-0.0001763839331,-0.00167142471,0.001008945725,-0.0006624789859,-0.003496756491,-0.0005797187235,-0.004076475215,-0.0023684356,-0.0005246995729,-0.002893135173,-0.003686322689,-0.0005508879813,-0.004237210671,-0.002685563898,-0.000427894645,-0.003113458543,-0.003345684856,0.0003591166631,-0.002986568193,-0.00377340081,7.33357936e-05,-0.003700065017,-0.002771916635,0.0002415205939,-0.002530396041,-0.003669523739,3.697594535e-05,-0.003632547794,-0.002207370648,0.0005581831145,-0.001649187534,-0.002479604346,0.0005951767012,-0.001884427645,-0.005059976231,0.0006870726836,-0.004372903547,-0.003904548145,0.0006887439535,-0.003215804192,-0.004257489299,0.0007941193789,-0.00346336992,-0.004931558481,-0.0008435253168,-0.005775083798,-0.002047379621,0.0002747493573,-0.001772630263,-0.006641703747,-0.001334614458,-0.007976318204,-0.002774698361,0.0002769915031,-0.002497706858,-0.002796475623,0.0004272053479,-0.002369270275,-0.00322514705,0.0004143590259,-0.002810788024,-0.00248121205,-3.244345446e-05,-0.002513655505,-0.003397403965,0.0001512221311,-0.003246181834,-0.004047511236,0.0003714964083,-0.003676014827,-0.003169077771,5.722676909e-05,-0.003111851002,-0.005003376064,-4.147108621e-05,-0.005044847151,-0.00442665012,9.042446663e-05,-0.004336225653
36.8,-0.001248336989,0.001523807328,0.0002754703389,-0.00261385102,0.0001662271124,-0.002447623908,-0.003230959675,0.0005552869738,-0.002675672701,-0.001814573038,9.003363857e-05,-0.001724539399,-0.0007750345428,-0.000433146815,-0.001208181358,-0.001499616241,-1.767199812e-05,-0.001517288239,0.0001435051894,-9.591405908e-05,4.75911303e-05,-0.001537457415,0.0002904753955,-0.00124698202,0.000706891885,-0.000250004349,0.000456887536,-0.0002628870128,8.83745544e-05,-0.0001745124584,-0.001647630025,0.001005506429,-0.0006421235962,-0.003519676186,-0.0005902955164,-0.004109971703,-0.002358011166,-0.0005479728444,-0.00290598401,-0.003682059495,-0.0005638053057,-0.004245864801,-0.002665821455,-0.000438365336,-0.003104186791,-0.003352381381,0.000357468102,-0.002994913279,-0.003772544151,5.366095178e-05,-0.003718883199,-0.002783645729,0.0002403430196,-0.00254330271,-0.003696375001,3.604903754e-05,-0.003660325963,-0.00221151885,0.0005593211805,-0.001652197669,-0.002462765801,0.0005877031273,-0.001875062674,-0.005053349468,0.0006740487229,-0.004379300745,-0.003885926943,0.0006811513843,-0.003204775559,-0.004252512209,0.0007895924148,-0.003462919794,-0.004936540591,-0.0008485023085,-0.0057850429,-0.002035142869,0.0002629385132,-0.001772204355,-0.00665059889,-0.001352811087,-0.008003409977,-0.002783316522,0.0002770436884,-0.002506272834,-0.002792409232,0.0004198143503,-0.002372594881,-0.003225234133,0.0004085268301,-0.002816707303,-0.002492107653,-2.949342837e-05,-0.002521601081,-0.003413382871,0.0001545026576,-0.003258880213,-0.004052801836,0.0003638540738,-0.003688947762,-0.003192636256,6.46228102e-05,-0.003128013446,-0.005027312909,-3.369746895e-05,-0.005061010378,-0.004422715764,8.780140219e-05,-0.004334914362
36.9,-0.001247673289,0.001521819858,0.0002741465693,-0.002605440241,0.0001531746561,-0.002452265585,-0.003220091485,0.0005506846018,-0.002669406884,-0.001804672544,8.524057795e-05,-0.001719431967,-0.0007660097281,-0.0004350088493,-0.001201018577,-0.001509632515,-1.651853372e-05,-0.001526151048,0.0001439197574,-9.56111964e-05,4.830856103e-05,-0.001544236083,0.0002939670195,-0.001250269063,0.0007276586954,-0.0002471563682,0.0004805023273,-0.0002561164023,8.53411494e-05,-0.0001707752529,-0.001621246093,0.001001026914,-0.0006202191787,-0.003543598424,-0.0006012014487,-0.004144799873,-0.002347413261,-0.0005719800274,-0.002919393288,-0.003678259653,-0.0005778874528,-0.004256147106,-0.002646436187,-0.0004481406395,-0.003094576827,-0.003357254429,0.0003558431222,-0.003001411306,-0.003767465273,3.330071441e-05,-0.003734164559,-0.002796797488,0.000239893187,-0.002556904301,-0.003723337467,3.513162014e-05,-0.003688205847,-0.002212423216,0.000560272627,-0.001652150589,-0.002444250111,0.0005798945693,-0.001864355541,-0.00504555832,0.000661244689,-0.004384313631,-0.003865688233,0.0006734531113,-0.003192235121,-0.004245036529,0.0007851076287,-0.0034599289,-0.004940292789,-0.0008528677905,-0.00579316058,-0.002021278444,0.0002506375638,-0.00177064088,-0.006658415056,-0.001369818634,-0.00802823369,-0.002789797946,0.0002761055591,-0.002513692387,-0.00278796648,0.0004125938527,-0.002375372628,-0.003225193984,0.0004030103821,-0.002822183602,-0.002501930561,-2.665473017e-05,-0.002528585292,-0.003428064184,0.0001574996399,-0.003270564544,-0.004055475152,0.000355107978,-0.003700367174,-0.003214546341,7.245715342e-05,-0.003142089187,-0.005048547244,-2.527028012e-05,-0.005073817524,-0.00441613938,8.580166317e-05,-0.004330337717
37.0,-0.00124724149,0.001519490618,0.0002722491287,-0.002596739041,0.0001399577121,-0.002456781329,-0.003209705176,0.0005461547931,-0.002663550383,-0.001794411709,8.04552829e-05,-0.001713956426,-0.0007574541624,-0.0004364570816,-0.001193911244,-0.001519529641,-1.545334313e-05,-0.001534982984,0.0001444667744,-9.526420276e-05,4.920257164e-05,-0.001548518057,0.000297358285,-0.001251159772,0.0007504624905,-0.0002444793237,0.0005059831668,-0.0002470747047,8.19397159e-05,-0.0001651349888,-0.001592363515,0.0009955388856,-0.0005968246294,-0.003568472005,-0.0006123974472,-0.004180869453,-0.002336823902,-0.0005965128875,-0.002933336789,-0.00367504678,-0.000593032632,-0.004268079413,-0.002627504649,-0.0004572625014,-0.003084767151,-0.003360389657,0.0003542689974,-0.00300612066,-0.003758521812,1.25355979e-05,-0.003745986214,-0.002811408377,0.000240212561,-0.002571195816,-0.003750382184,3.426959946e-05,-0.003716112585,-0.00221002797,0.0005610475389,-0.001648980431,-0.002424177161,0.0005718114886,-0.001852365672,-0.005036669759,0.0006487620499,-0.00438790771,-0.003843896143,0.000665695053,-0.00317820109,-0.004235092577,0.0007806830485,-0.003454409529,-0.004942893867,-0.0008565895919,-0.005799483459,-0.002005875063,0.0002379479914,-0.001767927072,-0.00666531789,-0.001385488468,-0.008050806358,-0.002794190254,0.0002742203661,-0.002519969888,-0.002783166884,0.0004055985807,-0.002377568303,-0.003225070436,0.0003979046024,-0.002827165833,-0.002510681371,-2.395242581e-05,-0.002534633796,-0.00344140645,0.0001602212042,-0.003281185246,-0.004055706713,0.0003453846135,-0.003710322099,-0.003234717121,8.06359173e-05,-0.003154081204,-0.005067076828,-1.622916952e-05,-0.005083305997,-0.004407143949,8.459474938e-05,-0.0043225492
37.1,-0.001246990218,0.001516825428,0.0002698352096,-0.002587803307,0.0001266530675,-0.002461150239,-0.003199830989,0.0005417138315,-0.002658117158,-0.001783860683,7.570577211e-05,-0.001708154911,-0.0007493746536,-0.00043748931,-0.001186863964,-0.001529222035,-1.448378623e-05,-0.001543705822,0.0001452047944,-9.488796774e-05,5.031682666e-05,-0.001550230772,0.0003006184877,-0.001249612284,0.0007752963172,-0.0002419830625,0.0005333132547,-0.0002357293021,7.818076342e-05,-0.0001575485387,-0.001561071713,0.0009890803672,-0.0005719913458,-0.003594204813,-0.0006238513384,-0.004218056151,-0.002326412518,-0.0006213337693,-0.002947746287,-0.003672529933,-0.0006091274255,-0.004281657358,-0.00260907217,-0.0004657995811,-0.003074871751,-0.003361868229,0.0003527740877,-0.003009094142,-0.0037461051,-8.341469323e-06,-0.003754446569,-0.002827485439,0.0002413357371,-0.002586149702,-0.003777463099,3.35080643e-05,-0.003743955035,-0.002204288289,0.0005616553711,-0.001642632918,-0.002402661283,0.0005635159945,-0.001839145288,-0.005026739057,0.0006366962153,-0.004390042842,-0.003820606287,0.0006579216752,-0.003162684612,-0.004222718959,0.0007763342663,-0.003446384693,-0.004944397883,-0.0008596632377,-0.005804061121,-0.001989013825,0.0002249722617,-0.001764041563,-0.006671459537,-0.001399683749,-0.008071143286,-0.002796542015,0.0002714398387,-0.002525102176,-0.002778006799,0.0003988784178,-0.002379128382,-0.003224879457,0.000393295527,-0.002831583929,-0.002518350108,-2.14089221e-05,-0.00253975903,-0.003453358209,0.0001626762631,-0.003290681946,-0.004053667978,0.0003348166236,-0.003718851354,-0.00325303682,8.905493486e-05,-0.003163981885,-0.005082895891,-6.620548713e-06,-0.00508951644,-0.004395945128,8.433277718e-05,-0.004311612351
37.2,-0.001246852845,0.00151383078,0.0002669779354,-0.002578680667,0.0001133382085,-0.002465342458,-0.003190478278,0.0005373777109,-0.002653100567,-0.001773081605,7.102071899e-05,-0.001702060886,-0.000741757779,-0.0004381048111,-0.00117986259,-0.001538614013,-1.361828338e-05,-0.001552232296,0.0001462072075,-9.449779827e-05,5.170940919e-05,-0.001549308161,0.0003037161679,-0.001245591993,0.0008021573016,-0.0002396764768,0.0005624808248,-0.0002220443769,7.407436298e-05,-0.0001479700139,-0.001527460109,0.0009816949754,-0.0005457651332,-0.003620665711,-0.0006355368493,-0.004256202561,-0.002316334432,-0.0006461791709,-0.002962513603,-0.003670803341,-0.0006260483622,-0.004296851703,-0.002591136477,-0.0004738413298,-0.003064977807,-0.003361764944,0.0003513867016,-0.003010378242,-0.003730632008,-2.903291728e-05,-0.003759664925,-0.002845005146,0.0002432895337,-0.002601715612,-0.003804517178,3.289043525e-05,-0.003771626742,-0.002195171063,0.000562104779,-0.001633066284,-0.002379810048,0.0005550712072,-0.00182473884,-0.005015810136,0.0006251353566,-0.004390674779,-0.003795866863,0.0006501753044,-0.003145691558,-0.004207963575,0.0007720745641,-0.003435889011,-0.004944832865,-0.0008621143076,-0.005806947173,-0.001970767812,0.0002118121973,-0.001758955615,-0.006676977585,-0.001412280927,-0.008089258511,-0.002796904773,0.0002678244033,-0.00252908037,-0.002772463202,0.0003924780352,-0.002379985167,-0.003224612102,0.000389258341,-0.002835353761,-0.002524916901,-1.904386517e-05,-0.002543960766,-0.003463859498,0.0001648736935,-0.003298985805,-0.004049520847,0.0003235385812,-0.003725982266,-0.003269376286,9.760239159e-05,-0.003171773894,-0.005095995455,3.502026535e-06,-0.005092493429,-0.00438274787,8.514651302e-05,-0.004297601357
37.3,-0.001246747999,0.001510513504,0.0002637655049,-0.002569410782,0.0001000906464,-0.002469320136,-0.003181635842,0.0005331621051,-0.002648473737,-0.001762127851,6.642906488e-05,-0.001695698786,-0.0007345725528,-0.0004383045029,-0.001172877056,-0.001547601198,-1.286619791e-05,-0.001560467396,0.000147558046,-9.410931687e-05,5.344872914e-05,-0.001545691763,0.0003066194786,-0.001239072285,0.0008310415218,-0.0002375674081,0.0005934741137,-0.000205986124,6.963003944e-05,-0.0001363560845,-0.001491621496,0.0009734312438,-0.0005181902519,-0.003647688892,-0.0006474325573,-0.004295121449,-0.002306729931,-0.0006707659935,-0.002977495925,-0.003669947891,-0.0006436628895,-0.004313610781,-0.002573655041,-0.00048149172,-0.003055146761,-0.003360147648,0.0003501337206,-0.003010013927,-0.003712537454,-4.924470826e-05,-0.003761782162,-0.002863915096,0.00024609198,-0.002617823116,-0.00383146677,3.245738077e-05,-0.003799009389,-0.002182656499,0.0005624035152,-0.001620252984,-0.00235572457,0.0005465405516,-0.001809184018,-0.005003917693,0.0006141594823,-0.004389758211,-0.003769721125,0.0006424955498,-0.003127225575,-0.004190885291,0.0007679150865,-0.003422970204,-0.004944202878,-0.0008639986717,-0.00580820155,-0.001951204281,0.0001985677613,-0.00175263652,-0.006681995056,-0.001423171554,-0.00810516661,-0.002795336829,0.000263442839,-0.00253189399,-0.002766499289,0.0003864361605,-0.002380063128,-0.003224240104,0.0003858558351,-0.002838384269,-0.002530354617,-1.687410585e-05,-0.002547228722,-0.003472845271,0.0001668218375,-0.003306023434,-0.00404341417,0.0003116824772,-0.003731731693,-0.00328359485,0.0001061618307,-0.003177433019,-0.005106366385,1.407859088e-05,-0.005092287794,-0.004367746108,8.71431174e-05,-0.004280602991
37.4,-0.001246581391,0.001506880553,0.000260299162,-0.00256002694,8.698739969e-05,-0.00247303954,-0.003173273576,0.0005290824218,-0.002644191154,-0.001751044309,6.195973028e-05,-0.001689084579,-0.0007277748172,-0.0004380910098,-0.001165865827,-0.001556072895,-1.223768367e-05,-0.001568310579,0.0001493464337,-9.37382913e-05,5.560814237e-05,-0.001539332365,0.0003092967387,-0.001230035626,0.0008619381452,-0.0002356624135,0.0006262757317,-0.0001875288954,6.485678972e-05,-0.0001226721057,-0.001453656279,0.0009643419673,-0.0004893143115,-0.003675079343,-0.0006595213427,-0.004334600685,-0.002297723482,-0.00069479978,-0.002992523262,-0.00367003326,-0.0006618301642,-0.004331863424,-0.002556554508,-0.0004888635771,-0.003045418085,-0.00335707762,0.00034903917,-0.00300803845,-0.003692265977,-6.869505584e-05,-0.003760961033,-0.002884138137,0.0002497515771,-0.002634386559,-0.003858223374,3.22457362e-05,-0.003825977638,-0.002166740297,0.0005625583646,-0.001604181932,-0.002330500918,0.0005379869841,-0.001792513934,-0.004991090372,0.0006038397469,-0.004387250625,-0.003742210489,0.0006349189432,-0.003107291545,-0.004171555715,0.0007638650537,-0.003407690662,-0.004942492482,-0.000865400657,-0.005807893139,-0.001930388516,0.0001853362792,-0.001745052237,-0.006686621899,-0.001432263704,-0.008118885603,-0.002791908059,0.000258371605,-0.002533536454,-0.002760070426,0.0003807845373,-0.002379285889,-0.003223722545,0.000383137427,-0.002840585118,-0.002534632606,-1.49137463e-05,-0.002549546352,-0.003480249955,0.0001685282941,-0.003311721661,-0.004035482663,0.0002993742444,-0.003736108419,-0.003295547245,0.0001146151783,-0.003180932067,-0.005114004027,2.504411171e-05,-0.005088959916,-0.004351124804,9.040459734e-05,-0.004260720206
37.5,-0.001246248499,0.001502938977,0.0002566904773,-0.002550558449,7.410472127e-05,-0.002476453728,-0.003165344906,0.0005251538797,-0.002640191027,-0.001739868269,5.764139237e-05,-0.001682226876,-0.0007213120272,-0.0004374686567,-0.001158780684,-0.001563914904,-1.174354902e-05,-0.001575658453,0.0001516611515,-9.340043075e-05,5.82607208e-05,-0.001530191846,0.000311717075,-0.001218474771,0.0008948245467,-0.0002339664649,0.0006608580818,-0.0001666605649,5.97631827e-05,-0.0001068973822,-0.001413676029,0.0009544835679,-0.0004591924608,-0.003702618003,-0.0006717907072,-0.00437440871,-0.002289422914,-0.0007179836267,-0.003007406541,-0.003671119755,-0.0006804022405,-0.004351521995,-0.002539740677,-0.0004960740257,-0.003035814702,-0.003352610393,0.000348122868,-0.003004487525,-0.003670260374,-8.712397254e-05,-0.003757384346,-0.002905577849,0.0002542671555,-0.002651310694,-0.003884691531,3.228737801e-05,-0.003852404153,-0.002147435996,0.0005625752151,-0.001584860781,-0.00230423201,0.0005294722723,-0.001774759738,-0.004977354151,0.0005942380392,-0.004383116112,-0.003713377329,0.0006274788509,-0.003085898478,-0.004150060478,0.0007599319764,-0.003390128502,-0.004939672598,-0.0008664292245,-0.005806101822,-0.00190838804,0.0001722120057,-0.001736176034,-0.006690957441,-0.001439482654,-0.008130440095,-0.002786704623,0.0002526939114,-0.002534010712,-0.002753128883,0.0003755468009,-0.002377582082,-0.003223011773,0.0003811387614,-0.002841873012,-0.002537720451,-1.31742301e-05,-0.002550894681,-0.003486011974,0.0001699999198,-0.003316012054,-0.004025847238,0.0002867315365,-0.003739115702,-0.003305090246,0.0001228454007,-0.003182244846,-0.005118912871,3.632977757e-05,-0.005082583093,-0.004333062998,9.498644683e-05,-0.004238076551
37.6,-0.001245637523,0.001498696031,0.0002530585086,-0.00254103297,6.151798646e-05,-0.002479514984,-0.003157789317,0.0005213915086,-0.002636397809,-0.001728630363,5.350224014e-05,-0.001675128123,-0.0007151269157,-0.000436443459,-0.001151570375,-0.001571012159,-1.139513326e-05,-0.001582407293,0.000154586898,-9.311118088e-05,6.147571711e-05,-0.001518244783,0.0003138510305,-0.001204393753,0.000929664047,-0.000232482616,0.000697181431,-0.0001433854842,5.435754557e-05,-8.902793867e-05,-0.001371804839,0.0009439155111,-0.000427889328,-0.003730065643,-0.000684233867,-0.00441429951,-0.002281918136,-0.000740026567,-0.003021944703,-0.003673259318,-0.0006992257671,-0.004372485085,-0.002523107683,-0.0005032408529,-0.003026348536,-0.003346796379,0.0003473992519,-0.002999397127,-0.003646947088,-0.0001043030423,-0.003751250131,-0.002928123692,0.0002596283626,-0.00266849533,-0.00391077141,3.260790747e-05,-0.003878163503,-0.002124776884,0.0005624592868,-0.001562317597,-0.002277009196,0.0005210563907,-0.001755952805,-0.004962735081,0.0005854068647,-0.004377328216,-0.003683266554,0.0006202055981,-0.003063060956,-0.004126499428,0.0007561217885,-0.003370377639,-0.004935707021,-0.0008672121327,-0.005802919154,-0.001885275531,0.0001592857417,-0.001725989789,-0.006695092436,-0.001444771113,-0.00813986355,-0.00277983179,0.000246498494,-0.002533333296,-0.002745625984,0.0003707374597,-0.002374888524,-0.003222056875,0.0003798817315,-0.002842175143,-0.002539590685,-1.166433396e-05,-0.002551255019,-0.003490077155,0.0001712430995,-0.003318834056,-0.004014615193,0.0002738622882,-0.003740752905,-0.003312088057,0.0001307386953,-0.003181349362,-0.005121110099,4.786416245e-05,-0.005073245937,-0.004313736142,0.0001009166483,-0.004212819494
37.7,-0.001244631966,0.001494159325,0.0002495273585,-0.002531477794,4.930153133e-05,-0.002482176263,-0.003150534317,0.0005178100399,-0.002632724277,-0.001717355014,4.956965782e-05,-0.001667785356,-0.0007091588022,-0.0004350231494,-0.001144181952,-0.001577250624,-1.120414469e-05,-0.001588454769,0.0001582033887,-9.288553308e-05,6.531785561e-05,-0.001503479405,0.000315671045,-0.00118780836,0.0009664071626,-0.0002312117058,0.0007351954569,-0.0001177241004,4.864822629e-05,-6.907587406e-05,-0.001328177638,0.0009326997711,-0.0003954778671,-0.003757165222,-0.000696851166,-0.004454016388,-0.002275278592,-0.0007606510311,-0.003035929623,-0.003676495316,-0.0007181438766,-0.004394639193,-0.002506545257,-0.000510479471,-0.003017024728,-0.003339680695,0.0003468764931,-0.002992804202,-0.003622720552,-0.00012004356,-0.003742764112,-0.002951654082,0.000265816604,-0.002685837478,-0.003936359169,3.322530258e-05,-0.003903133867,-0.002098816846,0.0005622153438,-0.001536601502,-0.00224892286,0.0005127969544,-0.001736125906,-0.004947260708,0.0005773894072,-0.004369871301,-0.003651925649,0.00061312666,-0.003038798989,-0.00410098556,0.0007524388631,-0.003348546697,-0.004930559119,-0.0008678881496,-0.005798447268,-0.001861128983,0.0001466442015,-0.001714484781,-0.00669910905,-0.001448089507,-0.008147198557,-0.002771413319,0.0002398781596,-0.002531535159,-0.002737511356,0.0003663611464,-0.002371150209,-0.003220804116,0.000379374767,-0.002841429349,-0.002540219875,-1.038995193e-05,-0.002550609827,-0.003492400269,0.0001722642702,-0.003320135999,-0.004001879451,0.0002608637441,-0.003741015707,-0.003316415972,0.0001381863026,-0.00317822967,-0.005120627498,5.957455771e-05,-0.00506105294,-0.004293316463,0.0001081954481,-0.004185121015
37.8,-0.001243112601,0.001489336969,0.0002462243674,-0.00252191959,3.752828272e-05,-0.002484391307,-0.00314349665,0.0005144237324,-0.002629072918,-0.001706060182,4.586986191e-05,-0.00166019032,-0.0007033424285,-0.0004332172423,-0.001136559671,-0.001582518234,-1.1182452e-05,-0.001593700686,0.000162587124,-9.273787036e-05,6.984925359e-05,-0.001485897821,0.000317151747,-0.001168746074,0.001004995611,-0.0002301522327,0.0007748433786,-8.970982889e-05,4.264384682e-05,-4.706598207e-05,-0.001282936052,0.0009209002594,-0.000362035793,-0.003783643327,-0.0007096511972,-0.004493294524,-0.002269549201,-0.0007795996083,-0.003049148809,-0.003680861001,-0.0007369980543,-0.004417859055,-0.002489943384,-0.0005179004714,-0.003007843855,-0.003331301948,0.0003465560218,-0.002984745926,-0.003597929178,-0.0001342015444,-0.003732130722,-0.002976036722,0.0002728061831,-0.002703230539,-0.003961345333,3.414892461e-05,-0.003927196408,-0.002069629994,0.0005618476929,-0.001507782301,-0.002220061962,0.0005047485992,-0.001715313363,-0.004930960221,0.0005702195853,-0.004360740636,-0.003619403884,0.0006062668012,-0.003013137083,-0.00407364306,0.0007488860045,-0.003324757055,-0.004924198485,-0.0008685977954,-0.005792796281,-0.001836029071,0.0001343691542,-0.001701659917,-0.00670307835,-0.001449416367,-0.008152494716,-0.002761587245,0.0002329282244,-0.002528659021,-0.002728730647,0.0003624122914,-0.002366318356,-0.003219195526,0.0003796133403,-0.002839582186,-0.002539588241,-9.353692769e-06,-0.002548941934,-0.003492944813,0.0001730704385,-0.003319874374,-0.003987717131,0.0002478219686,-0.003739895163,-0.003317962406,0.0001450860456,-0.003172876361,-0.005117511551,7.138836966e-05,-0.005046123181,-0.004271971754,0.0001167963863,-0.004155175368
37.9,-0.001240959039,0.001484237761,0.0002432787227,-0.002512382973,2.62691558e-05,-0.002486113817,-0.003136583178,0.0005112461786,-0.002625336999,-0.001694756718,4.242753276e-05,-0.001652329185,-0.0006976056703,-0.0004310371324,-0.001128642803,-0.00158670524,-1.134188393e-05,-0.001598047124,0.0001678141224,-9.268188617e-05,7.51322362e-05,-0.001465515836,0.000318270069,-0.001147245767,0.001045366802,-0.0002293004929,0.0008160663093,-5.938526785e-05,3.635345191e-05,-2.303181594e-05,-0.001236223772,0.0009085821382,-0.0003276416338,-0.00380921199,-0.0007226511371,-0.004531863127,-0.002264745621,-0.0007966412451,-0.003061386866,-0.003686377195,-0.0007556300395,-0.004442007234,-0.002473194889,-0.0005256077482,-0.002998802637,-0.003321690449,0.000346432534,-0.002975257915,-0.003572863828,-0.0001466803036,-0.003719544131,-0.003001127189,0.0002805653745,-0.002720561815,-0.003985612569,3.53790419e-05,-0.003950233528,-0.002037309523,0.0005613599874,-0.001475949536,-0.002190513119,0.0004969623578,-0.001693550761,-0.004913864138,0.0005639220496,-0.004349942088,-0.003585751854,0.0005996481228,-0.002986103732,-0.004044605328,0.0007454645601,-0.003299140768,-0.004916607148,-0.000869473827,-0.005786080975,-0.001810055412,0.000122536675,-0.001687518737,-0.006707056769,-0.001448748397,-0.008155805166,-0.002750499949,0.0002257449555,-0.002524754994,-0.002719223921,0.0003588752655,-0.002360348655,-0.003217167577,0.0003805806349,-0.002836586942,-0.002537678804,-8.554347354e-06,-0.002546233151,-0.0034916821,0.0001736694717,-0.003318012628,-0.003972188441,0.0002348117292,-0.003737376712,-0.003316629906,0.000151343795,-0.003165286111,-0.005111822045,8.323406063e-05,-0.005028587984,-0.004249863974,0.0001266688388,-0.004123195135
38.0,-0.001238051473,0.001478871437,0.000240819964,-0.002502888794,1.559227527e-05,-0.002487296519,-0.003129692149,0.0005082900798,-0.002621402069,-0.001683447921,3.926544333e-05,-0.001644182478,-0.0006918680256,-0.0004284962368,-0.001120364262,-0.001589704607,-1.169407209e-05,-0.001601398679,0.0001739615449,-9.273057997e-05,8.123096491e-05,-0.001442362845,0.0003190052746,-0.00112335757,0.001087456514,-0.0002286509047,0.0008588056097,-2.679997852e-05,2.978656311e-05,2.986584596e-06,-0.001188183452,0.000895811045,-0.0002923724075,-0.003833572142,-0.000735876095,-0.004569448237,-0.002260850113,-0.0008115768389,-0.003072426952,-0.003693050303,-0.0007738837954,-0.004466934098,-0.002456197456,-0.000533696872,-0.002989894328,-0.003310866917,0.0003464945004,-0.002964372417,-0.003547748046,-0.0001574327057,-0.003705180752,-0.003026767839,0.0002890572995,-0.00273771054,-0.004009034468,3.690678173e-05,-0.003972127686,-0.002001966542,0.0005607550439,-0.001441211498,-0.002160360039,0.0004894851796,-0.001670874859,-0.00489600455,0.0005585122329,-0.004337492317,-0.003551022232,0.0005932900283,-0.002957732204,-0.004014013766,0.0007421747019,-0.003271839064,-0.004907784674,-0.0008706330808,-0.005778417755,-0.001783283959,0.0001112167306,-0.001672067228,-0.006711083461,-0.001446099937,-0.008157183398,-0.002738301046,0.0002184241731,-0.002519876873,-0.002708926316,0.0003557249335,-0.002353201382,-0.003214651462,0.0003822483098,-0.002832403152,-0.002534477244,-7.986307705e-06,-0.002542463552,-0.003488590999,0.0001740701731,-0.003314520826,-0.003955336714,0.0002218963234,-0.00373344039,-0.003312336257,0.000156875185,-0.003155461072,-0.005103630288,9.504146101e-05,-0.005008588827,-0.00422714852,0.0001377416669,-0.004089406853
38.1,-0.001234272973,0.001473248902,0.000238975929,-0.002493453025,5.562090704e-06,-0.002487890934,-0.003122715359,0.0005055669654,-0.002617148394,-0.001672129729,3.640407522e-05,-0.001635725653,-0.0006860410948,-0.0004256101721,-0.001111651267,-0.001591413044,-1.225029609e-05,-0.00160366334,0.0001811071032,-9.289627635e-05,8.821082689e-05,-0.001416482093,0.0003193390291,-0.001097143064,0.001131198796,-0.0002281963396,0.0009030024565,7.989135746e-06,2.295324841e-05,3.094238415e-05,-0.001138956107,0.0008826523508,-0.0002563037566,-0.003856419225,-0.0007493575588,-0.004605776783,-0.002257808719,-0.0008242442881,-0.003082053007,-0.003700871618,-0.0007916073967,-0.004492479015,-0.002438856732,-0.0005422533417,-0.002981110074,-0.003298842575,0.0003467251215,-0.002952117453,-0.003522730078,-0.0001664643837,-0.003689194462,-0.003052788695,0.0002982406754,-0.002754548019,-0.004031476354,3.871445665e-05,-0.003992761898,-0.001963729347,0.0005600348142,-0.001403694533,-0.002129683742,0.0004823596414,-0.0016473241,-0.004877416443,0.0005539965474,-0.004323419895,-0.003515271894,0.0005872091215,-0.002928062772,-0.0039820176,0.0007390157992,-0.003243001801,-0.004897751815,-0.0008721706631,-0.005769922478,-0.001755786756,0.0001004729716,-0.001655313785,-0.00671517914,-0.001441501954,-0.008156681095,-0.002725140477,0.0002110600052,-0.002514080472,-0.002697771367,0.0003529275906,-0.002344843776,-0.003211575449,0.0003845773796,-0.002826998069,-0.002529973072,-7.639125398e-06,-0.002537612197,-0.003483658991,0.0001742822186,-0.003309376773,-0.003937190091,0.0002091272983,-0.003728062792,-0.003305016791,0.000161607801,-0.00314340899,-0.005093018157,0.0001067418792,-0.004986276278,-0.004203973846,0.000149926905,-0.004054046941
38.2,-0.001229512405,0.001467382409,0.0002378700033,-0.002484086721,-3.761494902e-06,-0.002487848216,-0.003115541284,0.0005030868979,-0.002612454386,-0.001660791699,3.386124919e-05,-0.00162693045,-0.0006800311732,-0.0004223969103,-0.001102428083,-0.001591732838,-1.302126255e-05,-0.001604754101,0.0001893263823,-9.319060168e-05,9.613578063e-05,-0.001387931331,0.0003192556113,-0.001068675719,0.001176523519,-0.0002279283417,0.0009485951777,4.491521068e-05,1.58642911e-05,6.077950178e-05,-0.001088682704,0.0008691705511,-0.000219512153,-0.003877450811,-0.0007631311877,-0.004640581999,-0.002255530026,-0.0008345229597,-0.003090052986,-0.003709818119,-0.0008086547055,-0.004518472824,-0.002421091358,-0.0005513504332,-0.002972441791,-0.003285620851,0.0003471035561,-0.002938517295,-0.003497878149,-0.0001738369697,-0.003671715118,-0.003079010763,0.0003080705273,-0.002770940236,-0.004052798175,4.07762421e-05,-0.004012021933,-0.001922743172,0.0005592004496,-0.001363542722,-0.00209856355,0.0004756237481,-0.001622939801,-0.004858139938,0.000550372703,-0.004307767235,-0.00347856505,0.0005814190768,-0.002897145973,-0.00394877453,0.0007359867697,-0.00321278776,-0.004886552897,-0.000874156227,-0.005760709124,-0.001727633826,9.036243066e-05,-0.001637271396,-0.006719345973,-0.001435001105,-0.008154347078,-0.002711167558,0.0002037434501,-0.002507424108,-0.002685696335,0.0003504423568,-0.002335253978,-0.003207868942,0.0003875192738,-0.002820349668,-0.002524161846,-7.497427311e-06,-0.002531659274,-0.003476884266,0.0001743159011,-0.003302568365,-0.003917765285,0.0001965448968,-0.003721220388,-0.003294628089,0.0001654835691,-0.00312914452,-0.00508007818,0.0001182684165,-0.004961809763,-0.00418048041,0.0001631222984,-0.004017358112
38.3,-0.001223667873,0.00146128574,0.0002376178678,-0.002474797161,-1.23237837e-05,-0.002487120944,-0.00310805891,0.0005008582484,-0.002607200661,-0.001649418669,3.165182104e-05,-0.001617766848,-0.0006737432774,-0.000418876843,-0.00109262012,-0.001590574275,-1.401680976e-05,-0.001604591085,0.0001986889978,-9.362439867e-05,0.0001050645991,-0.001356783673,0.0003187422544,-0.001038041418,0.00122335285,-0.0002278372561,0.0009955155935,8.389778091e-05,8.531434358e-06,9.242921527e-05,-0.001037506871,0.0008554287828,-0.0001820780881,-0.003896375388,-0.0007772342069,-0.004673609594,-0.002253885762,-0.0008423372214,-0.003096222984,-0.00371985404,-0.0008248869753,-0.004544741015,-0.0024028394,-0.0005610463458,-0.002963885746,-0.003271200092,0.0003476061709,-0.002923593921,-0.003473181019,-0.0001796691479,-0.003652850167,-0.003105251082,0.0003184988243,-0.002786752258,-0.004072858617,4.305910901e-05,-0.004029799508,-0.001879170158,0.0005582523596,-0.001320917798,-0.0020670785,0.0004693107264,-0.001597767773,-0.004838222951,0.0005476301239,-0.004290592827,-0.003440976684,0.0005759305783,-0.002865046106,-0.00391445174,0.0007330863544,-0.003181365386,-0.004874257072,-0.0008766316411,-0.005750888713,-0.001698896079,8.093488847e-05,-0.00161796119,-0.006723568122,-0.001426659473,-0.008150227596,-0.00269653094,0.0001965604935,-0.002499970447,-0.002672648268,0.0003482231284,-0.00232442514,-0.003203467259,0.0003910171129,-0.002812450146,-0.00251704762,-7.541305125e-06,-0.002524588925,-0.003468277954,0.0001741815335,-0.003294096421,-0.003897073314,0.0001841799828,-0.003712893331,-0.00328115197,0.0001684605936,-0.003112691376,-0.005064913849,0.0001295564821,-0.004935357367,-0.004156798539,0.0001772122901,-0.003979586249
38.4,-0.001216650327,0.001454974498,0.0002383241709,-0.002465589823,-2.007556524e-05,-0.002485665388,-0.003100161735,0.0004988875672,-0.002601274168,-0.001637992708,2.978745756e-05,-0.00160820525,-0.0006670854402,-0.0004150727336,-0.001082158174,-0.001587858166,-1.524559125e-05,-0.001603103758,0.0002092549256,-9.420760977e-05,0.0001150473158,-0.001323128346,0.0003177894839,-0.001005338862,0.001271598267,-0.0002279123408,0.001043685927,0.0001248397209,9.676317669e-07,0.0001258073527,-0.000985577223,0.0008414884139,-0.0001440888092,-0.003912920862,-0.0007917025953,-0.004704623457,-0.002252713245,-0.0008476586569,-0.003100371902,-0.003730931922,-0.000840174676,-0.004571106598,-0.002384064508,-0.0005713806877,-0.002955445195,-0.003255576499,0.0003482076604,-0.002907368839,-0.003448554955,-0.0001841336022,-0.003632688557,-0.003131328048,0.0003294749763,-0.002801853072,-0.004091519301,4.5523975e-05,-0.004045995326,-0.001833189175,0.0005571902875,-0.001275998887,-0.002035308651,0.0004634488561,-0.001571859795,-0.004817723536,0.0005457505261,-0.00427197301,-0.003402595359,0.0005707514104,-0.002831843948,-0.003879226714,0.0007303133242,-0.00314891339,-0.004860957894,-0.0008796099403,-0.005740567834,-0.001669647867,7.223184189e-05,-0.001597416025,-0.00672781256,-0.001416555363,-0.008144367923,-0.002681378443,0.0001895900362,-0.002491788407,-0.002658589118,0.000346221051,-0.002312368067,-0.003198315768,0.0003950072811,-0.002803308487,-0.002508644637,-7.74718496e-06,-0.002516391822,-0.003457865494,0.0001738885516,-0.003283976943,-0.003875126056,0.0001720571989,-0.003703068858,-0.003264598198,0.0001705137927,-0.003094084406,-0.005047639193,0.0001405443151,-0.004907094878,-0.004133045523,0.0001920682686,-0.003940977254
38.5,-0.001208386776,0.001448466479,0.0002400797027,-0.002456470437,-2.697306201e-05,-0.002483443499,-0.003091751219,0.000497179479,-0.00259457174,-0.001626494839,2.827645431e-05,-0.001598218384,-0.0006599718529,-0.0004110096069,-0.00107098146,-0.001583517866,-1.671478067e-05,-0.001600232647,0.0002210725061,-9.49491687e-05,0.0001261233374,-0.001287070937,0.0003163912886,-0.0009706796486,0.001321159859,-0.0002281418996,0.00109301796,0.0001676264301,-6.812723689e-06,0.0001608137064,-0.0009330477388,0.0008274086838,-0.000105639055,-0.003926841086,-0.0008065682906,-0.004733409376,-0.002251818982,-0.0008505067818,-0.003102325764,-0.003742992037,-0.0008543996159,-0.004597391652,-0.002364759455,-0.0005823712137,-0.002947130669,-0.003238746676,0.0003488821141,-0.002889864561,-0.003423855933,-0.0001874494404,-0.003611305373,-0.003157065315,0.0003409462253,-0.00281611909,-0.004108647727,4.812709151e-05,-0.004060520635,-0.001784995028,0.000556013488,-0.00122898154,-0.002003335623,0.0004580614433,-0.00154527418,-0.004796711052,0.0005447087012,-0.004252002351,-0.003363524348,0.0005658866834,-0.002797637664,-0.003843287265,0.0007276666021,-0.003115620663,-0.004846770659,-0.0008830757576,-0.005729846417,-0.001639968002,6.428521867e-05,-0.001575682784,-0.006732029186,-0.001404785103,-0.008136814289,-0.002665855681,0.0001829021387,-0.002482953542,-0.002643498189,0.0003443873138,-0.002299110875,-0.003192371828,0.0003994213273,-0.002792950501,-0.002498977369,-8.089069999e-06,-0.002507066439,-0.003445686343,0.0001734446376,-0.003272241705,-0.003851942297,0.0001601987844,-0.003691743513,-0.003245004882,0.0001716342283,-0.003073370653,-0.005028376695,0.0001511733378,-0.004877203357,-0.004109321939,0.0002075491114,-0.003901772828
38.6,-0.001198822337,0.001441782007,0.0002429596707,-0.002447446115,-3.29777636e-05,-0.002480423879,-0.003082738994,0.0004957365206,-0.002587002473,-0.00161490594,2.712355603e-05,-0.001587782384,-0.000652323545,-0.0004067146393,-0.001059038184,-0.001577500171,-1.842980018e-05,-0.001595929971,0.0002341793174,-9.585691437e-05,0.000138322403,-0.001248732787,0.0003145450272,-0.00093418776,0.001371929006,-0.0002285134577,0.001143415549,0.0002121284158,-1.47935997e-05,0.0001973348161,-0.000880075108,0.000813246391,-6.682871703e-05,-0.003937919127,-0.0008218566502,-0.004759775777,-0.002250982291,-0.0008509482141,-0.003101930505,-0.003755959912,-0.0008674570708,-0.004623416983,-0.002344945286,-0.0005940120137,-0.0029389573,-0.003220709247,0.000349604249,-0.002871104998,-0.003398893692,-0.0001898712573,-0.003588764949,-0.003182292757,0.0003528579622,-0.002829434795,-0.004124117444,5.0821463e-05,-0.004073295981,-0.001734796561,0.0005547209537,-0.001180075607,-0.00197124173,0.0004531669228,-0.001518074807,-0.004775265377,0.0005444733967,-0.00423079198,-0.003323880456,0.0005613390798,-0.002762541376,-0.003806830324,0.0007251452524,-0.003081685072,-0.004831827455,-0.0008869870743,-0.005718814529,-0.001609938326,5.7116116e-05,-0.00155282221,-0.006736149343,-0.00139146536,-0.008127614703,-0.002650102513,0.0001765568495,-0.002473545663,-0.002627370902,0.000342675979,-0.002284694923,-0.00318560347,0.0004041880868,-0.002781415383,-0.002488078245,-8.539942304e-06,-0.002496618188,-0.003431791531,0.0001728551169,-0.003258936414,-0.003827552504,0.0001486289854,-0.003678923519,-0.003222436342,0.0001718274893,-0.003050608853,-0.005007252799,0.0001613880451,-0.004845864754,-0.004085706373,0.0002235020447,-0.003862204329
38.7,-0.001187920653,0.001434944101,0.0002470234473,-0.002438524851,-3.80563599e-05,-0.002476581211,-0.003073047533,0.0004945589258,-0.002578488607,-0.001603206526,2.632979572e-05,-0.00157687673,-0.0006440661477,-0.0004022170636,-0.001046283211,-0.001569764806,-2.039407964e-05,-0.001590158886,0.0002486059748,-9.693753314e-05,0.0001516684417,-0.001208249417,0.0003122510698,-0.0008959983469,0.001423794012,-0.0002290140575,0.001194779955,0.0002582070064,-2.295721824e-05,0.0002352497882,-0.0008268133528,0.0007990555838,-2.775776908e-05,-0.003945966983,-0.0008375842905,-0.004783551273,-0.002249958374,-0.0008490941927,-0.003099052567,-0.003769742606,-0.0008792574911,-0.004649000097,-0.002324666133,-0.0006062734442,-0.002930939578,-0.00320146521,0.0003503509209,-0.002851114289,-0.003373444234,-0.0001916762857,-0.003565120519,-0.003206843952,0.0003651539293,-0.002841690023,-0.004137804635,5.355797577e-05,-0.00408424666,-0.001682813451,0.0005533115144,-0.001129501936,-0.00193910755,0.0004487789602,-0.00149032859,-0.00475347407,0.0005450080987,-0.004208465971,-0.003283790918,0.0005571089996,-0.002726681918,-0.003770059588,0.0007227483252,-0.003047311263,-0.004816270259,-0.0008912780049,-0.005707548264,-0.001579639696,5.073382969e-05,-0.001528905867,-0.006740082857,-0.001376734971,-0.008116817828,-0.002634246938,0.0001706035582,-0.00246364338,-0.002610214477,0.0003410465191,-0.002269167957,-0.003177985313,0.0004092358902,-0.002768749423,-0.002475983145,-9.073170168e-06,-0.002485056315,-0.003416239163,0.0001721225439,-0.003244116619,-0.003802002058,0.0001373790973,-0.003664622961,-0.003196979056,0.0001711117712,-0.003025867284,-0.004984391085,0.0001711351056,-0.004813255979,-0.004062248323,0.0002397633845,-0.003822484939
38.8,-0.001175662813,0.001427978438,0.0002523156241,-0.002429713554,-4.218083684e-05,-0.002471894391,-0.003062609611,0.0004936444274,-0.002568965184,-0.001591375631,2.589240898e-05,-0.001565483222,-0.0006351257885,-0.0003975480685,-0.001032673857,-0.001560282779,-2.26088925e-05,-0.001582891671,0.0002643813497,-9.819655358e-05,0.0001661847961,-0.001165768238,0.0003095122459,-0.0008562559918,0.001476646474,-0.0002296307657,0.001247015709,0.0003057212146,-3.128414755e-05,0.0002744370671,-0.0007734076143,0.0007848871854,1.147957108e-05,-0.003950822763,-0.0008537572142,-0.004804579978,-0.002248481621,-0.0008450960909,-0.003093577712,-0.003784224886,-0.0008897276714,-0.004673952557,-0.00230398169,-0.0006191031467,-0.002923084836,-0.003181017068,0.0003511027181,-0.00282991435,-0.003347259834,-0.0001931503316,-0.003540410165,-0.003230551381,0.0003777763333,-0.002852775048,-0.004149582063,5.628620534e-05,-0.004093295857,-0.001629272175,0.0005517837374,-0.001077488438,-0.001907008556,0.0004449064865,-0.00146210207,-0.004731428419,0.0005462716185,-0.0041851568,-0.003243389758,0.0005531945672,-0.002690195191,-0.003733182786,0.0007204746253,-0.003012708161,-0.004800242758,-0.0008958625691,-0.005696105327,-0.001549146455,4.513536866e-05,-0.001504011086,-0.006743714773,-0.001360755314,-0.008104470087,-0.002618397415,0.0001650808013,-0.002453316614,-0.002592042764,0.000339465772,-0.002252576992,-0.003169493879,0.0004144947484,-0.002754999131,-0.002462725732,-9.66391362e-06,-0.002472389646,-0.003399088954,0.0001712463284,-0.003227842626,-0.00377535312,0.0001264924834,-0.003648860637,-0.003168736975,0.0001695162794,-0.002999220695,-0.004959904679,0.0001803619206,-0.004779542759,-0.004038960899,0.0002561594977,-0.003782801401
38.9,-0.001162045505,0.001420913142,0.0002588676374,-0.002421015561,-4.532870276e-05,-0.002466344264,-0.003051367458,0.0004929881196,-0.002558379338,-0.0015793895,2.580485476e-05,-0.001553584645,-0.0006254252375,-0.0003927406848,-0.001018165922,-0.001549034352,-2.507331719e-05,-0.00157410767,0.0002815369018,-9.963841269e-05,0.0001818984891,-0.001121446108,0.0003063332194,-0.000815112889,0.001530385766,-0.000230351345,0.001300034421,0.0003545331498,-3.975361875e-05,0.0003147795311,-0.0007199895113,0.0007707885556,5.079904434e-05,-0.003952347553,-0.00087036891,-0.004822716463,-0.002246270763,-0.0008391386258,-0.003085409389,-0.003799266376,-0.0008988117488,-0.004698078125,-0.002282959641,-0.0006324276117,-0.002915387252,-0.003159367511,0.0003518452695,-0.002807522242,-0.003320078016,-0.0001945731716,-0.003514651188,-0.003253241821,0.0003906660047,-0.002862575817,-0.004159312954,5.895507123e-05,-0.004100357882,-0.001574402036,0.0005501357765,-0.001024266259,-0.001875011865,0.0004415537602,-0.001433458105,-0.004709219787,0.0005482185734,-0.004161001214,-0.003202815086,0.0005495915547,-0.002653223531,-0.003696409568,0.0007183224793,-0.002978087089,-0.004783881904,-0.0009006394329,-0.005684521337,-0.001518521352,4.030550133e-05,-0.001478215851,-0.006746903074,-0.001343708809,-0.008090611883,-0.002602635822,0.0001600166285,-0.002442619194,-0.00257287264,0.0003379092519,-0.002234963388,-0.003160104574,0.000419898367,-0.002740206207,-0.00244833243,-1.029044394e-05,-0.002458622874,-0.003380397595,0.0001702225475,-0.003210175047,-0.003747685383,0.0001160280233,-0.00363165736,-0.003137827521,0.0001670800527,-0.002970747469,-0.004933890289,0.0001890156514,-0.004744874637,-0.004015815892,0.0002725087729,-0.003743307119
39.0,-0.00114707935,0.001413778435,0.0002666990845,-0.002412428753,-4.748331302e-05,-0.002459912066,-0.003039272445,0.0004925823658,-0.002546690079,-0.001567220774,2.605692102e-05,-0.001541163853,-0.0006148821472,-0.0003878296794,-0.001002711827,-0.001536007489,-2.778431524e-05,-0.001563791804,0.0003001084093,-0.0001012665644,0.0001988418449,-0.00107544726,0.0003027199198,-0.0007727273401,0.001584920081,-0.0002311648935,0.001353755188,0.0004045102653,-4.834395338e-05,0.0003561663119,-0.0006666756113,0.0007568030922,9.012748091e-05,-0.003950424033,-0.0008873982091,-0.004837822242,-0.002243036692,-0.0008314312868,-0.003074467979,-0.003814700359,-0.0009064724264,-0.004721172785,-0.002261669305,-0.0006461542919,-0.002907823596,-0.003136518602,0.0003525700271,-0.002783948575,-0.003291631423,-0.000196204895,-0.003487836318,-0.003274734216,0.0004037626536,-0.002870971562,-0.004166847299,6.151336363e-05,-0.004105333936,-0.001518432058,0.0005483653675,-0.0009700666907,-0.00184317405,0.0004387205663,-0.001404453484,-0.004686937277,0.0005507998967,-0.00413613738,-0.00316220807,0.0005462932923,-0.002615914778,-0.003659950566,0.0007162895149,-0.002943661051,-0.004767310214,-0.0009054975425,-0.005672807757,-0.001487812687,3.621716254e-05,-0.001451595524,-0.006749478477,-0.001325795585,-0.008075274062,-0.002587013181,0.0001554294888,-0.002431583692,-0.0025527232,0.0003363619035,-0.002216361297,-0.003149791515,0.0004253858878,-0.002724405628,-0.002432819526,-1.093509123e-05,-0.002443754617,-0.003360216363,0.0001690442675,-0.003191172095,-0.003719095525,0.0001060603236,-0.003613035201,-0.00310437892,0.0001638508127,-0.002940528107,-0.004906425437,0.0001970437062,-0.004709381731,-0.00399274329,0.0002886248405,-0.00370411845
39.1,-0.001130788017,0.00140660618,0.0002758181632,-0.002403944883,-4.863428409e-05,-0.002452579167,-0.003026285694,0.0004924167501,-0.002533868943,-0.001554838569,2.663489362e-05,-0.001528203675,-0.0006034100707,-0.0003828514574,-0.0009862615282,-0.001521197239,-3.07368504e-05,-0.001551934089,0.0003201346479,-0.000103083562,0.000217051086,-0.001027941883,0.0002986791541,-0.0007292627291,0.001640163964,-0.0002320622674,0.001408101697,0.0004555241843,-5.703294013e-05,0.0003984912442,-0.0006135691935,0.0007429699895,0.000129400796,-0.003944957306,-0.0009048073625,-0.004849764669,-0.002238492201,-0.0008221994787,-0.00306069168,-0.003830334525,-0.0009126923441,-0.004743026869,-0.002240176915,-0.0006601742135,-0.002900351128,-0.003112472056,0.0003532744895,-0.002759197567,-0.003261659568,-0.000198274673,-0.003459934241,-0.003294840793,0.00041700509,-0.002877835703,-0.004172021764,6.391012537e-05,-0.004108111638,-0.00146158907,0.0005464699782,-0.0009151190915,-0.001811540413,0.0004364025047,-0.001375137908,-0.004664666988,0.0005539633726,-0.004110703615,-0.003121713486,0.0005432905935,-0.002578422892,-0.003624017615,0.0007143724227,-0.002909645193,-0.00475062907,-0.0009103227278,-0.005660951798,-0.001457054399,3.283196037e-05,-0.001424222439,-0.006751246762,-0.001307228823,-0.008058475585,-0.002571548847,0.0001513291539,-0.002420219693,-0.002531617599,0.0003348183332,-0.002196799266,-0.00313853014,0.000430903334,-0.002707626806,-0.00241619295,-1.15846185e-05,-0.002427777568,-0.003338591353,0.0001677024784,-0.003170888874,-0.003689695301,9.667635746e-05,-0.003593018944,-0.003068529214,0.0001598836395,-0.002908645575,-0.004877568968,0.0002043958317,-0.004673173136,-0.003969635687,0.0003043205605,-0.003665315127
39.2,-0.001113208208,0.001399429359,0.0002862211504,-0.002395550187,-4.877797114e-05,-0.002444328158,-0.003012379553,0.0004924781274,-0.002519901426,-0.001542209473,2.752181767e-05,-0.001514687655,-0.0005909218847,-0.0003778439247,-0.0009687658094,-0.001504606155,-3.392397759e-05,-0.001538530133,0.0003416536156,-0.0001050910636,0.000236562552,-0.0009791054032,0.0002942184781,-0.000684886925,0.001696033303,-0.0002330362508,0.001462997052,0.0005074469721,-6.579808756e-05,0.0004416488845,-0.0005607644364,0.0007293241813,0.0001685597448,-0.003935876818,-0.0009225413115,-0.004858418129,-0.002232362003,-0.000811676868,-0.003044038871,-0.003845953753,-0.0009174750585,-0.004763428812,-0.002218542858,-0.0006743647664,-0.002892907624,-0.003087230681,0.0003539619464,-0.002733268734,-0.003229922311,-0.0002009723364,-0.003430894648,-0.003313370839,0.0004303312308,-0.002883039608,-0.004174663028,6.60950399e-05,-0.004108567988,-0.001404096861,0.0005444469647,-0.0008596498959,-0.001780145678,0.000434591205,-0.001345554473,-0.004642492528,0.0005576540978,-0.00408483843,-0.003081481217,0.0005405717156,-0.002540909502,-0.003588824726,0.0007125667109,-0.002876258016,-0.004733912807,-0.0009150052252,-0.005648918033,-0.001426268809,3.010066144e-05,-0.001396168147,-0.006751993132,-0.001288229831,-0.008040222962,-0.002556232407,0.0001477171655,-0.002408515241,-0.002509586471,0.0003332825001,-0.002176303971,-0.003126301616,0.0004364047031,-0.002689896912,-0.002398450185,-1.223017127e-05,-0.002410680356,-0.003315565734,0.0001661874388,-0.003149378296,-0.003659609146,8.797014871e-05,-0.003571638997,-0.003030427155,0.0001552397242,-0.002875187431,-0.004847363868,0.000211027098,-0.00463633677,-0.003946356383,0.0003194120368,-0.003626944346
39.3,-0.001094390315,0.001392281502,0.0002978911868,-0.002387226944,-4.791792992e-05,-0.002435144874,-0.002997539593,0.0004927508159,-0.002504788777,-0.001529299262,2.869788913e-05,-0.001500601373,-0.0005773346359,-0.0003728462503,-0.0009501808862,-0.001486245462,-3.733691407e-05,-0.001523582376,0.0003646974853,-0.0001072897768,0.0002574077085,-0.0009291182529,0.0002893462929,-0.00063977196,0.001752439325,-0.0002340815577,0.001518357768,0.0005601463181,-7.461678341e-05,0.0004855295347,-0.0005083515998,0.0007158964094,0.0002075448096,-0.003923138106,-0.0009405285886,-0.004863666695,-0.002224391548,-0.0008000993412,-0.003024490889,-0.003861324673,-0.000920845014,-0.004782169687,-0.002196820802,-0.000688592646,-0.002885413448,-0.003060800704,0.0003546408717,-0.002706159832,-0.00319621387,-0.0002044422652,-0.003400656136,-0.003330135869,0.0004436778213,-0.002886458048,-0.004174593693,6.801903354e-05,-0.004106574659,-0.001346176159,0.000542293665,-0.0008038824939,-0.001749015752,0.000433274407,-0.001315741344,-0.00462049625,0.0005618148858,-0.004058681364,-0.003041667862,0.000538122427,-0.002503545435,-0.003554589184,0.0007108665034,-0.00284372268,-0.004717203692,-0.0009194472792,-0.005636650971,-0.001395470983,2.796376984e-05,-0.001367507213,-0.006751487414,-0.001269023822,-0.008020511236,-0.002541026858,0.0001445867323,-0.002396440126,-0.002486671561,0.000331766978,-0.002154904583,-0.003113097623,0.0004418526157,-0.002671245007,-0.002379583251,-1.286710057e-05,-0.002392450352,-0.003291183061,0.0001644901439,-0.003126692918,-0.003628972378,8.003776175e-05,-0.003548934617,-0.002990234487,0.00014998534,-0.002840249147,-0.004815841251,0.0002169007029,-0.004598940548,-0.003922749558,0.0003337224672,-0.00358902709
39.4,-0.001074399312,0.001385196144,0.0003107968315,-0.002378955506,-4.60652619e-05,-0.002425020768,-0.002981766541,0.0004932168916,-0.00248854965,-0.001516074908,3.014093481e-05,-0.001485933974,-0.0005625744983,-0.0003678985225,-0.0009304730208,-0.001466136421,-4.09651715e-05,-0.001507101592,0.0003892877881,-0.0001096793945,0.0002796083936,-0.0008781657589,0.0002840719995,-0.0005940937593,0.001809283436,-0.000235194748,0.001574088688,0.0006134813615,-8.346640096e-05,0.0005300149606,-0.0004564215263,0.0007027133643,0.000246291838,-0.003906723893,-0.0009586831492,-0.004865407042,-0.002214353743,-0.0007877000563,-0.003002053799,-0.003876201341,-0.0009228462115,-0.004799047553,-0.002175057703,-0.0007027173677,-0.002877775071,-0.00303319435,0.000355324108,-0.002677870242,-0.003160375433,-0.0002087792393,-0.003369154672,-0.003344954663,0.0004569798363,-0.002887974827,-0.004171639653,6.963522041e-05,-0.004102004432,-0.001288045053,0.0005400075074,-0.0007480375452,-0.001718169973,0.0004324359989,-0.001285733974,-0.004598760581,0.0005663868159,-0.004032373765,-0.003002437433,0.0005359262461,-0.002466511187,-0.003521532075,0.0007092643999,-0.002812267676,-0.004700508292,-0.0009235693985,-0.005624077691,-0.001364673331,2.635241022e-05,-0.001338320921,-0.006749489173,-0.001249836602,-0.007999325776,-0.002525871886,0.0001419224139,-0.002383949472,-0.002462927956,0.0003302919588,-0.002132635997,-0.003098923874,0.0004472184971,-0.002651705377,-0.002359581682,-1.349471641e-05,-0.002373076399,-0.003265490457,0.000162603721,-0.003102886736,-0.003597930197,7.297385765e-05,-0.003524956339,-0.002948128226,0.0001441907506,-0.002803937475,-0.004783024473,0.0002219897776,-0.004561034695,-0.003898651526,0.0003470864411,-0.003551565085
39.5,-0.001053315311,0.001378206285,0.0003248909734,-0.002370716086,-4.323878314e-05,-0.002413954869,-0.002965077467,0.0004938564891,-0.002471220978,-0.001502506253,3.182686666e-05,-0.001470679386,-0.0005465803191,-0.0003630413482,-0.0009096216673,-0.001444311231,-4.479679058e-05,-0.001489108022,0.0004154324819,-0.0001122585637,0.0003031739182,-0.0008264376352,0.0002784060438,-0.0005480315913,0.001866454775,-0.0002363740858,0.001630080689,0.0006673009372,-9.232435291e-05,0.0005749765843,-0.0004050677588,0.0006897978865,0.0002847301278,-0.003886644567,-0.0009769058052,-0.004863550372,-0.002202053077,-0.000774705175,-0.002976758252,-0.003890330823,-0.0009235397641,-0.004813870587,-0.002153292928,-0.000716595746,-0.002869888674,-0.003004431674,0.0003560279412,-0.002648403733,-0.003122304281,-0.0002140264829,-0.003336330764,-0.003357656482,0.0004701695796,-0.002887486902,-0.004165637563,7.090015888e-05,-0.004094737404,-0.001229919278,0.0005375861753,-0.000692333103,-0.001687623077,0.0004320560955,-0.001255566981,-0.004577368631,0.0005713100596,-0.004006058572,-0.002963960173,0.0005339648268,-0.002429995347,-0.003489877496,0.0007077513385,-0.002782126157,-0.004683795371,-0.0009273143569,-0.005611109728,-0.001333888869,2.518956092e-05,-0.001308699308,-0.006745752055,-0.00123089199,-0.007976644045,-0.002510686537,0.0001397001565,-0.00237098638,-0.002438423392,0.0003288840572,-0.002109539335,-0.003083800881,0.0004524823702,-0.002631318511,-0.002338434546,-1.411581164e-05,-0.002352550357,-0.00323854042,0.000160524651,-0.003078015769,-0.00356663654,6.686977739e-05,-0.003499766763,-0.002904301192,0.0001379287878,-0.002766372404,-0.004748932463,0.0002262781035,-0.004522654359,-0.003873901591,0.0003593550672,-0.003514546524
39.6,-0.001031233132,0.001371343828,0.000340110696,-0.002362489506,-3.946502445e-05,-0.002401954531,-0.002947505516,0.0004946480552,-0.002452857461,-0.001488566728,3.373003364e-05,-0.001454836695,-0.0005293043626,-0.0003583154427,-0.0008876198053,-0.001420812829,-4.881863762e-05,-0.001469631467,0.0004431262775,-0.0001150248903,0.0003281013871,-0.0007741266759,0.000272359807,-0.0005017668689,0.001923831848,-0.0002376193799,0.001686212468,0.0007214455392,-0.0001011681167,0.0006202774225,-0.0003543850683,0.0006771692132,0.0003227841448,-0.00386293788,-0.0009950844046,-0.004858022285,-0.002187326936,-0.0007613304094,-0.002948657346,-0.003903457573,-0.0009230007946,-0.004826458367,-0.002131555013,-0.0007300873846,-0.002861642397,-0.00297454058,0.0003567710312,-0.002617769549,-0.003081957868,-0.0002201762531,-0.003302134121,-0.003368081071,0.0004831757074,-0.002884905364,-0.004156440481,7.177516623e-05,-0.004084665314,-0.001172011717,0.0005350276953,-0.0006369840215,-0.00165738612,0.0004321110897,-0.001225275031,-0.004556403232,0.0005765248226,-0.003979878409,-0.002926408975,0.0005322183829,-0.002394190592,-0.003459849957,0.0007063164103,-0.002753533546,-0.004666994847,-0.0009306489184,-0.005597643766,-0.001303131794,2.439149131e-05,-0.001278740303,-0.006740026635,-0.001212409626,-0.00795243626,-0.002495370722,0.000137888161,-0.002357482561,-0.002413233883,0.0003275748876,-0.002085658995,-0.003067761269,0.0004576323683,-0.0026101289,-0.002316130683,-1.473596009e-05,-0.002330866643,-0.003210390295,0.0001582537103,-0.003052136585,-0.003535251492,6.181237299e-05,-0.003473439119,-0.002858959639,0.0001312732335,-0.002727686405,-0.004713581452,0.0002297602704,-0.004483821181,-0.003848349781,0.0003704012259,-0.003477948555
39.7,-0.001008260549,0.001364638979,0.0003563784297,-0.002354256363,-3.477812698e-05,-0.00238903449,-0.002929097939,0.0004955685732,-0.002433529366,-0.001474232819,3.582348779e-05,-0.001438409331,-0.0005107098426,-0.0003537612273,-0.0008644710698,-0.001395693292,-5.301671134e-05,-0.001448710003,0.0004723543349,-0.0001179749836,0.0003543793513,-0.0007214265572,0.0002659453931,-0.0004554811641,0.001981287897,-0.0002389319131,0.001742355984,0.0007757527986,-0.0001099753297,0.0006657774689,-0.0003044646269,0.0006648431958,0.000360378569,-0.003835667434,-0.001013093131,-0.004848760564,-0.002170044152,-0.0007477787065,-0.002917822858,-0.003915326197,-0.0009213151875,-0.004836641385,-0.00210985618,-0.0007430606932,-0.002852916874,-0.002943554492,0.0003575731063,-0.002585981386,-0.003039352179,-0.0002271729028,-0.003266525081,-0.003376075297,0.0004959225315,-0.002880152766,-0.004143920447,7.222746633e-05,-0.004071692981,-0.001114530825,0.0005323302735,-0.0005822005518,-0.001627466175,0.0004325735509,-0.001194892624,-0.004535944192,0.0005819720665,-0.003953972125,-0.002889954025,0.0005306660378,-0.002359287987,-0.003431670229,0.0007049466836,-0.002726723546,-0.00464999767,-0.0009335635504,-0.005583561221,-0.001272414992,2.386930139e-05,-0.001248545691,-0.006732061332,-0.001194602724,-0.007926664056,-0.002479805251,0.0001364485185,-0.002343356733,-0.002387436624,0.0003263994662,-0.002061037158,-0.00305084445,0.0004626640181,-0.002588180432,-0.002292656971,-1.536284458e-05,-0.002308019815,-0.003181099379,0.0001557964402,-0.003025302939,-0.003503936477,5.788265867e-05,-0.003446053819,-0.00281231792,0.0001242972312,-0.002688020689,-0.004676984711,0.0002324416886,-0.004444543023,-0.003821859245,0.0003801235803,-0.003441735665
39.8,-0.0009845155341,0.00135811968,0.0003736041455,-0.002345994802,-2.921971649e-05,-0.002375214518,-0.002909912849,0.0004965937842,-0.002413319064,-0.001459482562,3.807921006e-05,-0.001421403352,-0.0004907664762,-0.0003494184508,-0.000840184927,-0.001369011216,-5.737646646e-05,-0.001426387683,0.0005030976235,-0.0001211045716,0.000381993052,-0.0006685290827,0.0002591753656,-0.0004093537171,0.002038697649,-0.0002403145616,0.001798383088,0.000830064343,-0.0001187240551,0.0007113402879,-0.0002553878257,0.0006528324088,0.0003974445831,-0.00380492008,-0.001030792185,-0.004835712265,-0.00215010125,-0.0007342391905,-0.002884340441,-0.003925683161,-0.0009185766853,-0.004844259846,-0.002088186531,-0.0007553984123,-0.002843584943,-0.002911508365,0.0003584534924,-0.002553054872,-0.002994555123,-0.00023491802,-0.003229473143,-0.003381488016,0.0005083297638,-0.002873158252,-0.004127968812,7.223125094e-05,-0.004055737561,-0.001057678479,0.0005294918862,-0.0005281865933,-0.001597865434,0.0004334119865,-0.001164453448,-0.004516064651,0.0005875938548,-0.003928470796,-0.00285475714,0.0005292860539,-0.002325471086,-0.003405550545,0.0007036271637,-0.002701923381,-0.004632657108,-0.0009360704406,-0.005568727549,-0.001241745693,2.353058879e-05,-0.001218215104,-0.006721601476,-0.001177676024,-0.0078992775,-0.002463851227,0.0001353390185,-0.002328512209,-0.002361102654,0.0003253945418,-0.002035708112,-0.003033090805,0.0004675792598,-0.002565511546,-0.002267995578,-1.600578626e-05,-0.002284001365,-0.003150724885,0.000153163063,-0.002997561822,-0.003472848035,5.515382836e-05,-0.003417694207,-0.002764591289,0.0001170716812,-0.002647519608,-0.004639150826,0.0002343382459,-0.00440481258,-0.003794303761,0.0003884482078,-0.003405855554
39.9,-0.0009601232225,0.001351811053,0.0003916878303,-0.002337677829,-2.283881082e-05,-0.00236051664,-0.00289001566,0.0004976984002,-0.00239231726,-0.001444293797,4.0468302e-05,-0.001403825495,-0.0004694463103,-0.000345325868,-0.0008147721783,-0.001340828934,-6.188317623e-05,-0.00140271211,0.0005353373717,-0.0001244086972,0.0004109286745,-0.0006156214649,0.0002520624896,-0.0003635589754,0.002095942454,-0.0002417720491,0.001854170405,0.0008842311541,-0.0001273932014,0.0007568379527,-0.0002072214016,0.0006411461599,0.0004339247583,-0.003770803147,-0.001048028847,-0.004818831994,-0.002127417625,-0.0007208871557,-0.002848304781,-0.003934278514,-0.0009148845594,-0.004849163073,-0.002066510609,-0.000767001351,-0.00283351196,-0.002878434552,0.0003594296916,-0.002519004861,-0.002947677212,-0.0002432773155,-0.003190954528,-0.003384165795,0.0005203127071,-0.002863853088,-0.004108496322,7.176872069e-05,-0.004036727601,-0.001001648143,0.0005265098059,-0.0004751383369,-0.00156858082,0.0004345906305,-0.001133990189,-0.00449682799,0.0005933334405,-0.00390349455,-0.002820967253,0.0005280559528,-0.002292911301,-0.00338169025,0.0007023409564,-0.002679349293,-0.004614791759,-0.0009382005608,-0.005552992319,-0.001211121544,2.328121834e-05,-0.001187840326,-0.006708387334,-0.001161824828,-0.007870212162,-0.002447350774,0.0001345146751,-0.002312836099,-0.002334291747,0.0003245968561,-0.002009694891,-0.003014537512,0.0004723851567,-0.002542152355,-0.002242121865,-1.667541107e-05,-0.002258797276,-0.003119318628,0.0001503680916,-0.002968950537,-0.003442131845,5.368884235e-05,-0.003388443002,-0.002715988702,0.0001096635885,-0.002606325113,-0.004600081844,0.000235475184,-0.00436460666,-0.003765563396,0.0003953276375,-0.003370235759
40.0,-0.0009352134009,0.001345734815,0.0004105214137,-0.002329271214,-1.569179318e-05,-0.002344963007,-0.002869476168,0.000498856304,-0.002370619864,-0.001428642917,4.296113625e-05,-0.001385681781,-0.0004467216792,-0.0003415209908,-0.00078824267,-0.001311210486,-6.652229264e-05,-0.001377732779,0.0005690568048,-0.0001278819461,0.0004411748587,-0.0005628841862,0.0002446195689,-0.0003182646173,0.002152912012,-0.0002433111341,0.001909600878,0.0009381155616,-0.0001359629675,0.0008021525941,-0.000160015629,0.0006297905143,0.0004697748853,-0.003733442456,-0.001064639947,-0.004798082404,-0.002101931287,-0.0007078847355,-0.002809816023,-0.003940868597,-0.0009103417157,-0.004851210313,-0.002044768425,-0.0007777890301,-0.002822557455,-0.002844359934,0.00036051614,-0.002483843794,-0.002898862242,-0.0002520888618,-0.003150951104,-0.003383951873,0.0005317830252,-0.002852168848,-0.004085434294,7.08308101e-05,-0.004014603484,-0.0009466240717,0.0005233802021,-0.0004232438696,-0.001539604856,0.0004360693857,-0.00110353547,-0.004478286408,0.0005991352796,-0.003879151128,-0.002788717793,0.0005269525599,-0.002261765234,-0.003360272592,0.0007010695791,-0.002659203013,-0.004596190233,-0.0009400006787,-0.005536190912,-0.001180528893,2.302700782e-05,-0.001157501885,-0.006692152931,-0.001147234849,-0.007839387779,-0.002430130704,0.0001339289327,-0.002296201772,-0.002307050709,0.0003240412146,-0.001983009494,-0.002995217255,0.0004770924047,-0.00251812485,-0.002215004054,-1.7383409e-05,-0.002232387463,-0.003086925858,0.0001474299362,-0.002939495922,-0.003411918131,5.353791077e-05,-0.00335838022,-0.002666707491,0.0001021346351,-0.002564572856,-0.004559772852,0.0002358853178,-0.004323887534,-0.003735521773,0.000400738287,-0.003334783486
40.1,-0.00090991895,0.001339908602,0.0004299896516,-0.002320732691,-7.842463239e-06,-0.002328575154,-0.002848366772,0.0005000407855,-0.002348325987,-0.001412504547,4.552750321e-05,-0.001366977044,-0.000422565995,-0.0003380398767,-0.0007606058717,-0.001280220918,-7.127971482e-05,-0.001351500633,0.0006042397633,-0.0001315186158,0.0004727211475,-0.0005104897501,0.0002368594436,-0.0002736303065,0.002209502533,-0.0002449405599,0.001964561973,0.0009915896495,-0.0001444151883,0.0008471744613,-0.0001138058917,0.0006187684284,0.0005049625367,-0.003692981702,-0.001080455182,-0.004773436884,-0.002073596324,-0.0006953819723,-0.002768978297,-0.003945219874,-0.0009050530439,-0.004850272918,-0.002022881364,-0.0007876966902,-0.002810578054,-0.002809304827,0.000361723117,-0.00244758171,-0.002848279532,-0.0002611718274,-0.003109451359,-0.003380689426,0.0005426503029,-0.002838039123,-0.004058737084,6.941731145e-05,-0.003989319773,-0.0008927817201,0.0005200978035,-0.0003726839166,-0.001510927894,0.0004378038953,-0.001073123998,-0.0044604814,0.0006049450175,-0.003855536383,-0.002758125975,0.0005259520228,-0.002232173952,-0.003341462769,0.0006997933215,-0.002641669448,-0.004576617808,-0.0009415305451,-0.005518148353,-0.001149943771,2.267511365e-05,-0.001127268658,-0.00667262781,-0.001134081227,-0.007806709036,-0.002412009236,0.0001335346684,-0.002278474568,-0.002279414794,0.0003237583579,-0.001955656436,-0.002975159858,0.0004817138917,-0.002493445966,-0.00218660492,-1.814249018e-05,-0.00220474741,-0.003053586444,0.0001443704696,-0.002909215974,-0.003382318506,5.473598434e-05,-0.003327582522,-0.002616930997,9.454029421e-05,-0.002522390703,-0.004518213981,0.0002356073247,-0.004282606656,-0.003704066867,0.0004046778338,-0.003299389033
40.2,-0.0008843753566,0.001334345297,0.00044996994,-0.002312012753,6.379306982e-07,-0.002311374822,-0.002826761942,0.0005012248795,-0.002325537063,-0.001395852291,4.813681374e-05,-0.001347715477,-0.0003969570399,-0.0003349168868,-0.0007318739268,-0.001247926972,-7.614191831e-05,-0.00132406889,0.0006408668194,-0.0001353127812,0.0005055540382,-0.0004586024156,0.0002287951245,-0.0002298072911,0.002265612232,-0.0002466707788,0.002018941454,0.00104453099,-0.0001527335448,0.0008917974456,-6.861688395e-05,0.0006080799934,0.0005394631094,-0.003649583249,-0.001095300889,-0.004744884138,-0.002042382133,-0.0006835181598,-0.002725900293,-0.003947113399,-0.000899124036,-0.004846237435,-0.002000761177,-0.0007966700283,-0.002797431206,-0.002773283645,0.0003630557158,-0.002410227929,-0.002796117621,-0.000270334666,-0.003066452287,-0.003374228665,0.0005528243302,-0.002821404334,-0.004028385744,6.753647702e-05,-0.003960849267,-0.0008402891045,0.0005166555741,-0.0003236335304,-0.001482541283,0.0004397456859,-0.001042795597,-0.004443445796,0.0006107094117,-0.003832736384,-0.002729293552,0.0005250298876,-0.002204263664,-0.003325407058,0.000698491603,-0.002626915455,-0.004555825351,-0.0009428598394,-0.00549868519,-0.001119335178,2.213509554e-05,-0.001097200082,-0.006649542555,-0.001122525803,-0.007772068357,-0.002392804672,0.000133285162,-0.00225951951,-0.00225141126,0.0003237728799,-0.00192763838,-0.002954395977,0.0004862634606,-0.002468132517,-0.002156885152,-1.896656262e-05,-0.002175851715,-0.003019337746,0.0001412142924,-0.002878123454,-0.003353424131,5.730037068e-05,-0.00329612376,-0.002566829299,8.692950856e-05,-0.00247989979,-0.004475395077,0.0002346848099,-0.004240710267,-0.003671095311,0.0004071632817,-0.003263932029
40.3,-0.0008587210616,0.00132905251,0.0004703314488,-0.002303056991,9.670898044e-06,-0.002293386093,-0.002804738601,0.0005023818068,-0.002302356794,-0.001378660362,5.075836322e-05,-0.001327901999,-0.0003698817634,-0.0003321843766,-0.00070206614,-0.001214398849,-8.109598652e-05,-0.001295494835,0.0006789100897,-0.0001392582835,0.0005396518062,-0.000407378817,0.0002204399779,-0.0001869388391,0.002321135627,-0.0002485135713,0.002072622055,0.001096817172,-0.0001609036618,0.0009359135105,-2.446809898e-05,0.0005977227287,0.0005732546297,-0.003603429793,-0.001109004356,-0.004712434149,-0.002008273718,-0.0006724232973,-0.002680697015,-0.003946349323,-0.0008926596994,-0.004839009022,-0.001978319201,-0.0008046604046,-0.002782979606,-0.002736306926,0.0003645128743,-0.002371794052,-0.002742578847,-0.0002793820982,-0.003021960945,-0.00336443618,0.0005622176987,-0.002802218481,-0.003994392561,6.520432226e-05,-0.003929188239,-0.0007893087664,0.0005130444686,-0.0002762642978,-0.001454440965,0.0004418424209,-0.001012598544,-0.004427206688,0.0006163762172,-0.003810830471,-0.002702308237,0.0005241613147,-0.002178146922,-0.003312232598,0.0006971433105,-0.002615089288,-0.004533559915,-0.0009440647141,-0.005477624629,-0.00108866984,2.131987698e-05,-0.001067349964,-0.006622637392,-0.001112713168,-0.00773535056,-0.002372344491,0.0001331350032,-0.002239209488,-0.002223063724,0.0003241015783,-0.001898962145,-0.002932961538,0.0004907548913,-0.002442206647,-0.002125807794,-1.987097667e-05,-0.00214567877,-0.00298421817,0.0001379876076,-0.002846230562,-0.003325305099,6.122875923e-05,-0.003264076339,-0.002516562301,7.934471029e-05,-0.002437217591,-0.004431312342,0.0002331663048,-0.004198146038,-0.003636519073,0.0004082291181,-0.003228289955
40.4,-0.0008330981508,0.001324032355,0.0004909342043,-0.002293809532,1.917131354e-05,-0.002274638219,-0.002782376893,0.000503485435,-0.002278891458,-0.001360905659,5.336159166e-05,-0.001307544067,-0.0003413411758,-0.000329872352,-0.0006712135278,-0.00117971242,-8.61296163e-05,-0.001265842037,0.0007183282915,-0.0001433487041,0.0005749795873,-0.0003569691713,0.0002118078802,-0.0001451612912,0.002375958412,-0.0002504816465,0.002125476766,0.001148320842,-0.0001689130874,0.0009794077543,1.862107211e-05,0.0005876918958,0.0006063129679,-0.003554725818,-0.001121398744,-0.004676124562,-0.001971272308,-0.0006622192341,-0.002633491542,-0.003942750929,-0.0008857635751,-0.004828514504,-0.001955473604,-0.000811622442,-0.002767096046,-0.002698384161,0.000366086627,-0.002332297534,-0.002687874796,-0.0002881207204,-0.002975995516,-0.003351204376,0.0005707482755,-0.0027804561,-0.003956805673,6.244382482e-05,-0.003894361848,-0.0007399999031,0.000509253409,-0.0002307464941,-0.001426630914,0.0004440383554,-0.0009825925581,-0.004411788508,0.0006218941514,-0.003789894357,-0.002677244777,0.000523321434,-0.002153923343,-0.003302047251,0.0006957270841,-0.002606320167,-0.004509575525,-0.0009452245225,-0.005454800047,-0.001057917384,2.014683313e-05,-0.001037770551,-0.006591672587,-0.001104766376,-0.007696438963,-0.002350473109,0.0001330404452,-0.002217432664,-0.002194395778,0.000324752503,-0.001869643275,-0.002910901469,0.000495201121,-0.002415700348,-0.00209334272,-2.087269831e-05,-0.002114215418,-0.00294827029,0.0001347168799,-0.00281355341,-0.003298010751,6.649817797e-05,-0.003231512573,-0.002466283795,7.182196702e-05,-0.002394461828,-0.004385975481,0.0002311057204,-0.00415486976,-0.003600272684,0.0004079244116,-0.003192348272
40.5,-0.0008076527714,0.001319281526,0.0005116287546,-0.002284216643,2.904837729e-05,-0.002255168266,-0.002759760626,0.0005045106656,-0.002255249961,-0.001342569672,5.591627406e-05,-0.001286653398,-0.0003113537687,-0.0003280081447,-0.0006393619134,-0.001143951157,-9.123112447e-05,-0.001235182281,0.0007590637081,-0.0001475773461,0.000611486362,-0.0003075185728,0.0002029132976,-0.0001046052752,0.002429954814,-0.000252588239,0.002177366575,0.001198907056,-0.0001767511371,0.001022155919,6.062838189e-05,0.0005779808401,0.000638609222,-0.00350369774,-0.001132328312,-0.004636026052,-0.001931395595,-0.0006530199448,-0.00258441554,-0.003936167528,-0.0008785366702,-0.004814704198,-0.001932153488,-0.0008175139904,-0.002749667479,-0.002659526588,0.0003677617946,-0.002291764793,-0.002632222728,-0.0002963633881,-0.002928586117,-0.00333445877,0.0005783413193,-0.00275611745,-0.003915712386,5.928414727e-05,-0.003856428239,-0.0006925200715,0.0005052694932,-0.0001872505783,-0.001399125733,0.0004462749817,-0.000952850751,-0.004397215344,0.0006272130144,-0.003770002329,-0.002654164743,0.0005224857556,-0.002131678987,-0.003294938889,0.0006942215086,-0.00260071738,-0.004483642443,-0.0009464197606,-0.005430062203,-0.001027054373,1.853902283e-05,-0.00100851535,-0.006556438803,-0.001098783053,-0.007655221856,-0.00232705673,0.0001329588457,-0.002194097884,-0.002165432348,0.000325724715,-0.001839707633,-0.002888271172,0.0004996137214,-0.00238865745,-0.002059469849,-2.199033599e-05,-0.002081460185,-0.002911542452,0.0001314275211,-0.002780114931,-0.003271570366,7.30655335e-05,-0.003198504832,-0.0024161449,6.439122814e-05,-0.002351753672,-0.004339413409,0.0002285624918,-0.004110850917,-0.00356231903,0.0004063084858,-0.003156010544
40.6,-0.0007825347261,0.00131479159,0.0005322568637,-0.002274229511,3.92067405e-05,-0.002235022771,-0.00273697686,0.0005054337252,-0.002231543135,-0.001323639682,5.839264147e-05,-0.001265247041,-0.0002799562376,-0.0003266161283,-0.0006065723658,-0.001107207105,-9.638944395e-05,-0.001203596549,0.0008010422482,-0.0001519372181,0.0006491050301,-0.0002591678848,0.0001937712936,-6.539659127e-05,0.002482988612,-0.0002548467617,0.00222814185,0.00124843415,-0.0001844086421,0.001064025508,0.0001015290458,0.0005685813372,0.000670110383,-0.003450591697,-0.001141653677,-0.004592245374,-0.001888676863,-0.000644930771,-0.002533607634,-0.00392647544,-0.0008710763927,-0.004797551833,-0.001908299598,-0.0008222973855,-0.002730596984,-0.002619749108,0.0003695162068,-0.002250232901,-0.002575842209,-0.0003039327769,-0.002879774986,-0.003314161407,0.0005849311887,-0.002729230218,-0.003871239655,5.575978114e-05,-0.003815479874,-0.0006470258436,0.0005010782566,-0.0001459475871,-0.001371951762,0.0004484917204,-0.000923460042,-0.004383511783,0.0006322838976,-0.003751227885,-0.002633114794,0.0005216305233,-0.002111484271,-0.003290973774,0.000692605237,-0.002598368537,-0.004455553523,-0.0009477320281,-0.005403285551,-0.0009960658431,1.642640136e-05,-0.0009796394417,-0.006516765444,-0.001094832621,-0.007611598065,-0.0023019846,0.0001328476526,-0.002169136947,-0.00213619812,0.0003270085721,-0.001809189548,-0.002865134756,0.0005040025381,-0.002361132218,-0.002024180184,-2.324387028e-05,-0.002047424055,-0.002874088252,0.0001281427129,-0.002745945539,-0.003245993636,8.086972307e-05,-0.003165123913,-0.002366295735,5.70768181e-05,-0.002309218917,-0.004291677088,0.000225600934,-0.004066076154,-0.003522652567,0.0004034460573,-0.00311920651
40.7,-0.0007578960283,0.001310549345,0.0005526533167,-0.002263805703,4.954765322e-05,-0.00221425805,-0.00271411454,0.0005062323819,-0.002207882158,-0.001304109067,6.07614802e-05,-0.001243347587,-0.0002472014447,-0.0003257174824,-0.0005729189271,-0.001069580686,-0.0001015941266,-0.001171174813,0.0008441763567,-0.0001564210412,0.0006877553156,-0.0002120540636,0.0001843975001,-2.765656343e-05,0.002534917264,-0.0002572706593,0.002277646604,0.001296757669,-0.0001918777318,0.001104879938,0.000141298875,0.0005594838553,0.0007007827303,-0.003395668371,-0.001149257396,-0.004544925767,-0.001843162807,-0.0006380469928,-0.0024812098,-0.003913576926,-0.0008634758303,-0.004777052757,-0.001883862396,-0.0008259413136,-0.00270980371,-0.002579071008,0.0003713214606,-0.002207749547,-0.002518950624,-0.0003106648252,-0.002829615449,-0.003290310249,0.0005904626982,-0.002699847551,-0.003823551054,5.190939843e-05,-0.003771641655,-0.000603672238,0.000496663807,-0.000107008431,-0.001345146638,0.0004506265325,-0.0008945201051,-0.004370702281,0.000637059347,-0.003733642934,-0.002614124191,0.0005207329604,-0.00209339123,-0.003290194334,0.0006908571587,-0.002599337175,-0.004425127474,-0.0009492456932,-0.005374373167,-0.0009649440167,1.374686931e-05,-0.0009511971474,-0.006472526405,-0.001092954762,-0.007565481167,-0.00227516727,0.0001326636576,-0.002142503612,-0.002106713982,0.0003285863095,-0.001778127673,-0.002841560696,0.0005083753335,-0.002333185362,-0.001987474846,-2.465394047e-05,-0.002012128787,-0.002835964346,0.0001248823498,-0.002711081996,-0.003221270525,8.983430018e-05,-0.003131436225,-0.002316884996,4.989819059e-05,-0.002266986806,-0.004242839341,0.0002222888371,-0.004020550504,-0.00348130029,0.0003994032104,-0.003081897079
40.8,-0.0007338887336,0.001306537182,0.0005726484488,-0.002252909641,5.997009572e-05,-0.002192939545,-0.002691262759,0.0005068860859,-0.002184376673,-0.001283977048,6.299423453e-05,-0.001220982814,-0.0002131550132,-0.0003253300331,-0.0005384850463,-0.001031179703,-0.0001068354059,-0.001138015109,0.0008883689641,-0.0001610213168,0.0007273476473,-0.0001663101564,0.0001748080781,8.49792167e-06,0.002585596723,-0.0002598735557,0.002325723167,0.001343735171,-0.0001991517572,0.001144583414,0.0001799181104,0.0005506776702,0.0007305957806,-0.003339195408,-0.00115505012,-0.004494245528,-0.001794910866,-0.0006324521629,-0.002427363029,-0.003897398062,-0.0008558235858,-0.004753221648,-0.001858798973,-0.0008284232378,-0.002687222211,-0.002537515951,0.0003731441266,-0.002164371825,-0.002461757033,-0.0003164127202,-0.002778169753,-0.003262936306,0.0005948921398,-0.002668044166,-0.00377284125,4.777445297e-05,-0.003725066797,-0.0005626114668,0.0004920088774,-7.060258943e-05,-0.001318757982,0.0004526164953,-0.0008661414866,-0.004358809933,0.0006414934659,-0.003717316467,-0.002597202955,0.0005197714208,-0.002077431534,-0.003292617225,0.0006889567087,-0.002603660516,-0.004392210276,-0.000951049813,-0.005343260089,-0.0009336854351,1.044711032e-05,-0.0009232383247,-0.006423644212,-0.001093158624,-0.007516802836,-0.002246533341,0.0001323625042,-0.002114170837,-0.002076993669,0.0003304327197,-0.001746560949,-0.002817617166,0.0005127373584,-0.002304879807,-0.001949363257,-2.624076543e-05,-0.001975604023,-0.002797228029,0.0001216621259,-0.002675565903,-0.003197371084,9.986981379e-05,-0.00309750127,-0.002268058048,4.287064945e-05,-0.002225187398,-0.004192992912,0.0002186955885,-0.003974297324,-0.003438321791,0.0003942450748,-0.003044076716
40.9,-0.000710662779,0.001302733447,0.0005920706682,-0.00224151297,7.037188297e-05,-0.002171141087,-0.002668509457,0.0005073759931,-0.002161133464,-0.001263248503,6.506309469e-05,-0.001198185409,-0.0001778925321,-0.000325468204,-0.0005033607361,-0.0009921183345,-0.0001121043364,-0.001104222671,0.0009335163038,-0.0001657304603,0.0007677858435,-0.0001220653818,0.0001650196774,4.295429558e-05,0.00263488442,-0.0002626695909,0.00237221483,0.001389229383,-0.000206225322,0.001183004061,0.0002173736022,0.0005421508865,0.0007595244886,-0.003281439374,-0.00115897677,-0.004440416144,-0.001743987653,-0.0006282164513,-0.002372204104,-0.003877887307,-0.0008482039275,-0.004726091235,-0.001833070361,-0.0008297320141,-0.002662802375,-0.002495112152,0.000374947169,-0.002120164983,-0.002404455567,-0.0003210513682,-0.002725506935,-0.003232100908,0.0005981878104,-0.002633913097,-0.003719330169,4.339781378e-05,-0.003675932355,-0.0005239918652,0.0004870949809,-3.689688427e-05,-0.001292842185,0.0004543984709,-0.0008384437141,-0.004347855812,0.0006455420581,-0.003702313754,-0.00258234178,0.0005187254561,-0.002063616324,-0.003298232518,0.0006868843054,-0.002611348213,-0.004356676383,-0.0009532389264,-0.00530991531,-0.0009022884345,6.483180067e-06,-0.0008958052544,-0.00637009376,-0.001095422307,-0.007465516067,-0.002216026311,0.0001318977897,-0.002084128521,-0.002047042555,0.0003325157571,-0.001714526798,-0.002793369444,0.0005170909034,-0.002276278541,-0.001909861839,-2.802299672e-05,-0.001937884835,-0.002757936055,0.0001184929191,-0.002639443136,-0.003174246814,0.0001108760466,-0.003063370768,-0.002219954767,3.600573335e-05,-0.002183949033,-0.004142248305,0.0002148900704,-0.003927358235,-0.003393809607,0.0003880352118,-0.003005774395
41.0,-0.0006883645693,0.001299112823,0.0006107482541,-0.002229595611,8.065070061e-05,-0.002148944911,-0.002645941215,0.0005076848633,-0.002138256352,-0.001241934351,6.694106142e-05,-0.00117499329,-0.0001414987563,-0.0003261430732,-0.0004676418295,-0.0009525168064,-0.0001173929353,-0.001069909742,0.0009795083655,-0.0001705409375,0.0008089674281,-7.944560504e-05,0.0001550494569,7.560385183e-05,0.002682639254,-0.0002656737213,0.002416965533,0.001433108448,-0.0002130942874,0.00122001416,0.0002536581402,0.0005338904932,0.0007875486334,-0.003222659844,-0.001161021206,-0.00438368105,-0.001690469796,-0.0006253952093,-0.002315865006,-0.003855015997,-0.0008406968928,-0.00469571289,-0.001806640607,-0.0008298696862,-0.002636510293,-0.002451893549,0.0003766913838,-0.002075202166,-0.002347220762,-0.0003244814807,-0.002671702243,-0.0031978948,0.000600329896,-0.002597564904,-0.003663258757,3.882260612e-05,-0.003624436151,-0.0004879575548,0.0004819027406,-6.0548142e-06,-0.001267463881,0.0004559098891,-0.0008115539921,-0.004337859547,0.000649162856,-0.003688696691,-0.002569513967,0.0005175757616,-0.002051938205,-0.003307004361,0.0006846217967,-0.002622382564,-0.004318430731,-0.0009559122692,-0.005274343,-0.0008707523484,1.820765395e-06,-0.000868931583,-0.006311906307,-0.001099692499,-0.007411598806,-0.002183602935,0.000131219569,-0.002052383366,-0.002016859263,0.0003347969363,-0.001682062327,-0.002768880388,0.0005214348862,-0.002247445501,-0.001868994061,-3.001683468e-05,-0.001899010895,-0.002718145372,0.0001153805782,-0.002602764794,-0.003151834798,0.0001227446548,-0.003029090143,-0.002172708376,2.931122434e-05,-0.002143397151,-0.004090732526,0.0002109385136,-0.003879794012,-0.003347889844,0.000380835859,-0.002967053985
41.1,-0.0006671367235,0.001295646758,0.0006285100348,-0.002217147871,9.070506188e-05,-0.002126442809,-0.002623644343,0.0005077969035,-0.002115847439,-0.001220052735,6.8602033e-05,-0.001151450702,-0.0001040691119,-0.0003273624677,-0.0004314315797,-0.0009125020529,-0.0001226942238,-0.001035196277,0.001026226945,-0.0001754453396,0.0008507816053,-3.857434059e-05,0.0001449152597,0.0001063409191,0.002728718872,-0.0002689018436,0.002459817029,0.001475243443,-0.0002197556696,0.001255487774,0.0002887671074,0.0005258825209,0.0008146496283,-0.003163107395,-0.00116120784,-0.004324315234,-0.001634447456,-0.0006240280568,-0.002258475513,-0.003828780746,-0.0008333783416,-0.004662159088,-0.001779478093,-0.0008288521487,-0.002608330242,-0.002407902505,0.0003783369647,-0.00202956554,-0.002290206659,-0.000326632319,-0.002616838978,-0.003160439552,0.0006013098795,-0.002559129673,-0.003604886998,3.409123944e-05,-0.003570795758,-0.0004546488927,0.0004764122889,2.176339614e-05,-0.001242696275,0.0004570895167,-0.0007856067584,-0.004328841151,0.0006523157638,-0.003676525387,-0.002558678988,0.0005163039952,-0.002042374993,-0.003318872893,0.0006821528157,-0.002636720078,-0.004277411898,-0.0009591715776,-0.005236583475,-0.0008390788043,-3.564916366e-06,-0.0008426437207,-0.006249173954,-0.001105884207,-0.007355058161,-0.002149234247,0.0001302730995,-0.002018961147,-0.001986439558,0.0003372315666,-0.001649207991,-0.002744213442,0.0005257644589,-0.002218448983,-0.001826791921,-3.223558593e-05,-0.001859027507,-0.002677915592,0.0001123260454,-0.002565589547,-0.003130064093,0.0001353618228,-0.002994702271,-0.002126445881,2.279095494e-05,-0.002103654926,-0.004038589231,0.00020690256,-0.003831686671,-0.003300722404,0.0003727079057,-0.002928014498
41.2,-0.0006471190046,0.001292303965,0.0006451849605,-0.002204173553,0.0001004352788,-0.002103738274,-0.002601707083,0.0005076976446,-0.002094009438,-0.00119763096,7.002097266e-05,-0.001127609987,-6.571292486e-05,-0.0003291310333,-0.0003948439582,-0.0008722092353,-0.0001280021239,-0.001000211359,0.001073542055,-0.0001804363973,0.0008931056574,4.258049605e-07,0.0001346359681,0.000135061773,0.002772975414,-0.0002723707525,0.002500604662,0.001515504315,-0.0002262074511,0.001289296864,0.0003226935132,0.0005181122729,0.0008408057861,-0.003103025472,-0.001159599783,-0.004262625255,-0.001576029588,-0.0006241388116,-0.0022001684,-0.003799206876,-0.0008263201541,-0.00462552703,-0.001751558067,-0.0008267097076,-0.002578267775,-0.002363194044,0.000379845454,-0.00198334859,-0.002233549604,-0.0003274628132,-0.002561012417,-0.003119890882,0.000601129883,-0.002518760999,-0.003544493745,2.92445655e-05,-0.003515249179,-0.0004242034956,0.0004706036706,4.640017494e-05,-0.001218622208,0.00045787812,-0.0007607440884,-0.004320823656,0.0006549630631,-0.003665860592,-0.002549786947,0.0005148925665,-0.002034894381,-0.003333756952,0.0006794630613,-0.002654293891,-0.004233596283,-0.0009631177263,-0.005196714009,-0.0008072746769,-9.689449215e-06,-0.0008169641261,-0.006182053995,-0.001113880667,-0.007295934663,-0.002112909406,0.0001289988784,-0.001983910527,-0.001955781494,0.0003397690894,-0.001616012405,-0.002719436857,0.0005300706418,-0.002189366216,-0.001783298388,-3.468960757e-05,-0.001817987996,-0.002637312534,0.0001093257055,-0.002527986828,-0.003108862544,0.0001486099564,-0.002960252588,-0.002081290065,1.644469289e-05,-0.002064845372,-0.003985980271,0.0002028377819,-0.003783142489,-0.003252500659,0.0003637103163,-0.002888790342
41.3,-0.00062845011,0.001289051037,0.0006606009272,-0.002190693691,0.0001097445674,-0.002080949123,-0.002580222364,0.0005073738601,-0.002072848503,-0.001174707846,7.117414782e-05,-0.001103533698,-2.655723987e-05,-0.0003314502757,-0.0003580075155,-0.000831783681,-0.0001333112618,-0.0009650949428,0.001121307932,-0.0001855069854,0.0009358009467,3.743154767e-05,0.0001242319343,0.000161663482,0.002815251303,-0.0002760979872,0.002539153316,0.001553755761,-0.0002324483419,0.001321307419,0.0003554229161,0.0005105645878,0.0008659875039,-0.003042654458,-0.00115629452,-0.004198948978,-0.001515349381,-0.0006257362085,-0.00214108559,-0.003766351922,-0.0008195905852,-0.004585942508,-0.001722864666,-0.0008234884285,-0.002546353095,-0.002317841095,0.0003811820429,-0.001936659052,-0.002177373223,-0.0003269613391,-0.002504334562,-0.003076442645,0.0005998021772,-0.002476640468,-0.003482377399,2.432105029e-05,-0.003458056349,-0.0003967575449,0.0004644573366,6.76997917e-05,-0.001195335657,0.0004582190749,-0.0007371165824,-0.004313835924,0.0006570696504,-0.003656766274,-0.00254278303,0.0005133245487,-0.002029458481,-0.003351556921,0.0006765405888,-0.002675016332,-0.00418700256,-0.0009678465659,-0.005154849125,-0.0007753557953,-1.655957076e-05,-0.000791915366,-0.006110771738,-0.001123533951,-0.007234305688,-0.002074640898,0.0001273339742,-0.001947306924,-0.001924890381,0.0003423537698,-0.001582536612,-0.002694627645,0.0005343401205,-0.002160287524,-0.001738570055,-3.738643102e-05,-0.001775956486,-0.002596411967,0.0001063719504,-0.002490040017,-0.003088162276,0.0001623678577,-0.002925794419,-0.002037362548,1.026833685e-05,-0.002027094211,-0.003933087786,0.000198792645,-0.003734295141,-0.003203450831,0.0003538995934,-0.002849551237
41.4,-0.0006112697177,0.001285853156,0.000674583438,-0.002176750162,0.0001185402769,-0.002058209885,-0.002559290357,0.0005068134624,-0.002052476895,-0.001151335996,7.203936196e-05,-0.001079296634,1.325018981e-05,-0.0003343186262,-0.0003210684364,-0.000791382624,-0.0001386167501,-0.0009299993741,0.001169360125,-0.0001906501546,0.0009787099699,7.231761558e-05,0.0001137253634,0.000186042979,0.002855376877,-0.0002801015688,0.002575275308,0.001589854717,-0.000238477468,0.001351377249,0.0003869298521,0.0005032241447,0.0008901539968,-0.002982235985,-0.001151418457,-0.004133654442,-0.001452568596,-0.0006288148319,-0.002081383428,-0.003730308443,-0.0008132545632,-0.004543563006,-0.001693391457,-0.0008192517473,-0.002512643204,-0.002271939593,0.0003823177859,-0.001889621807,-0.002121794002,-0.0003251440489,-0.00244693805,-0.003030329672,0.0005973487159,-0.002432980956,-0.003418856165,1.935573671e-05,-0.003399500428,-0.0003724469374,0.0004579548178,8.550788033e-05,-0.00117294309,0.0004580590191,-0.0007148840711,-0.004307914845,0.000658603389,-0.003649311456,-0.002537610935,0.0005115837646,-0.00202602717,-0.003372157097,0.0006733761242,-0.002698780973,-0.004137695111,-0.0009734446635,-0.005111139774,-0.0007433501766,-2.417344046e-05,-0.0007675236171,-0.006035620563,-0.001134666693,-0.007170287256,-0.002034468381,0.0001252136202,-0.001909254761,-0.001893781875,0.0003449256932,-0.001548856182,-0.002669873823,0.0005385553528,-0.00213131847,-0.001692679202,-4.033085667e-05,-0.001733010059,-0.002555302589,0.0001034539967,-0.002451848593,-0.003067903103,0.0001765097276,-0.002891393375,-0.001994787319,4.254559944e-06,-0.001990532759,-0.003880115344,0.0001948076982,-0.003685307646,-0.00315383068,0.000343329727,-0.002810500953
41.5,-0.0005957200144,0.00128267481,0.0006869547958,-0.002162408228,0.0001267350875,-0.002035673141,-0.002539020088,0.0005060053368,-0.002033014751,-0.001127583329,7.25961142e-05,-0.001054987215,5.35400806e-05,-0.0003377315663,-0.0002841914857,-0.000751176132,-0.0001439139753,-0.0008950901073,0.001217514978,-0.0001958591815,0.001021655796,0.0001049561064,0.000103140592,0.0002080966984,0.0028931712,-0.0002843996402,0.002608771559,0.001623650646,-0.0002442939778,0.001379356668,0.0004171769353,0.0004960758244,0.0009132527597,-0.002922016198,-0.00114512123,-0.004067137428,-0.001387880202,-0.0006333556191,-0.002021235821,-0.003691205577,-0.0008073736185,-0.004498579196,-0.001663140841,-0.0008140809959,-0.002477221837,-0.002225612124,0.0003832312645,-0.00184238086,-0.002066926541,-0.000322051249,-0.00238897779,-0.002981827594,0.0005938004626,-0.002388027131,-0.003354266617,1.437900188e-05,-0.003339887615,-0.0003514077362,0.0004510794705,9.967173431e-05,-0.001151563995,0.0004573485031,-0.000694215492,-0.004303106219,0.0006595355158,-0.003643570704,-0.002534214649,0.0005096549624,-0.002024559687,-0.00339542708,0.0006699633434,-0.002725463736,-0.004085785241,-0.0009799858327,-0.005065771074,-0.0007112994915,-3.252086434e-05,-0.0007438203558,-0.005956958943,-0.001147074943,-0.007104033886,-0.001992458986,0.0001225723319,-0.001869886654,-0.00186248211,0.0003474217411,-0.001515060369,-0.002645273923,0.0005426948915,-0.002102579031,-0.001645714679,-4.352491976e-05,-0.001689239598,-0.002514087345,0.0001005588964,-0.002413528449,-0.003048033743,0.000190904071,-0.002857129672,-0.001953694055,-1.605998376e-06,-0.001955300053,-0.003827286779,0.0001909148479,-0.003636371931,-0.003103926963,0.0003320527931,-0.00277187417
41.6,-0.0005819461228,0.001279480471,0.000697534348,-0.002147757359,0.0001342480521,-0.002013509307,-0.002519529703,0.0005049391454,-0.002014590557,-0.001103533561,7.282569692e-05,-0.001030707864,9.412351769e-05,-0.0003416817893,-0.0002475582716,-0.0007113468868,-0.0001491983924,-0.0008605452792,0.00126557188,-0.0002011276152,0.001064444265,0.0001352167068,9.250424489e-05,0.0002277209517,0.002928445987,-0.0002890101124,0.002639435874,0.001654988634,-0.0002498966506,0.001405091983,0.0004461165716,0.00048910507,0.0009352216415,-0.002862247344,-0.001137570425,-0.003999817769,-0.001321509225,-0.0006393257455,-0.00196083497,-0.00364920921,-0.0008020052961,-0.004451214506,-0.001632123472,-0.0008080739608,-0.002440197432,-0.002179009134,0.0003839094783,-0.001795099655,-0.002012887832,-0.0003177422756,-0.002330630107,-0.002931248975,0.0005891964542,-0.002342052521,-0.003288960253,9.415611718e-06,-0.003279544641,-0.0003337756075,0.0004438170558,0.0001100414483,-0.001131330249,0.0004560424986,-0.0006752877499,-0.004299464173,0.0006598409417,-0.003639623231,-0.002532538783,0.0005075239661,-0.002025014817,-0.003421222262,0.0006662991072,-0.002754923154,-0.004031429948,-0.000987528997,-0.005018958945,-0.0006792581435,-4.158350749e-05,-0.000720841651,-0.005875204658,-0.001160532135,-0.007035736793,-0.001948704035,0.000119344869,-0.001829359166,-0.001831025455,0.0003497763439,-0.001481249111,-0.002620934132,0.0005467336893,-0.002074200443,-0.001597781456,-4.696779586e-05,-0.001644749252,-0.00247288295,9.76725702e-05,-0.00237521038,-0.003028511381,0.0002054134863,-0.002823097895,-0.001914220437,-7.323182767e-06,-0.00192154362,-0.003774842386,0.0001871366239,-0.003587705763,-0.003054052235,0.0003201207158,-0.002733931519
41.7,-0.0005700954232,0.001276235231,0.0007061398077,-0.002132910454,0.0001410054674,-0.001991904987,-0.00250094567,0.000503605158,-0.001997340512,-0.001079285744,7.271128098e-05,-0.001006574463,0.0001347957357,-0.0003461593745,-0.0002113636388,-0.0006720889983,-0.00015446536,-0.0008265543583,0.001313317119,-0.0002064493353,0.001106867784,0.0001629676103,8.184523809e-05,0.0002448128484,0.002961010938,-0.0002939504404,0.002667060497,0.001683713723,-0.0002552836416,0.001428430081,0.0004736938125,0.00048229815,0.0009559919625,-0.002803187702,-0.001128947347,-0.003932135049,-0.001253712506,-0.0006466780536,-0.001900390559,-0.003604521174,-0.0007972022744,-0.004401723449,-0.00160035865,-0.0008013417219,-0.002401700372,-0.002132307627,0.0003843478596,-0.001747959767,-0.001959800088,-0.0003122907816,-0.00227209087,-0.002878936983,0.0005835827125,-0.002295354271,-0.00322329918,4.484674631e-06,-0.003218814505,-0.0003196844805,0.0004361560435,0.000116471563,-0.001112384662,0.0004541007207,-0.0006582839414,-0.004297049741,0.0006594983881,-0.003637551353,-0.00253252849,0.0005051777591,-0.002027350731,-0.003449384021,0.0006623837114,-0.00278700031,-0.003974829203,-0.0009961171903,-0.004970946393,-0.0006472907075,-5.133502082e-05,-0.0006986257283,-0.005790826823,-0.001174794592,-0.006965621416,-0.001903314096,0.0001154676816,-0.001787846414,-0.001799452047,0.0003519221547,-0.001447529892,-0.002596964961,0.0005506433628,-0.002046321598,-0.001548999275,-5.065580109e-05,-0.001599655077,-0.002431818487,9.478072828e-05,-0.002337037758,-0.003009300838,0.0002198955198,-0.002789405318,-0.001876512779,-1.290609167e-05,-0.001889418871,-0.003723033385,0.0001834851861,-0.003539548199,-0.003004542397,0.0003075888372,-0.00269695356
41.8,-0.0005603163081,0.001272905467,0.0007125891591,-0.002118002294,0.0001469416102,-0.001971060684,-0.002483401623,0.000501994121,-0.001981407502,-0.001054953467,7.223800861e-05,-0.0009827154582,0.0001753400105,-0.0003511519749,-0.0001758119644,-0.0006336064466,-0.0001597100611,-0.0007933165077,0.001360527393,-0.0002118186484,0.001148708745,0.0001880766718,7.119464636e-05,0.0002592713181,0.002990678218,-0.0002992375203,0.002691440698,0.001709674347,-0.0002604524134,0.001449221933,0.0004998484019,0.0004756423067,0.0009754907086,-0.002745100579,-0.001119443979,-0.003864544558,-0.001184779029,-0.0006553499689,-0.001840128998,-0.003557378348,-0.0007930115008,-0.004350389849,-0.00156787617,-0.0007940050211,-0.002361881191,-0.002085708212,0.0003845493402,-0.001701158872,-0.001907792087,-0.000305782304,-0.002213574391,-0.00282525903,0.0005770111341,-0.002248247896,-0.003157652666,-3.993992607e-07,-0.003158052065,-0.0003092650579,0.000428087774,0.0001188227161,-0.001094879451,0.0004514879062,-0.0006433915453,-0.004295929629,0.0006584904897,-0.00363743914,-0.00253412996,0.0005026045223,-0.002031525437,-0.003479740363,0.0006582211645,-0.002821519199,-0.003916223292,-0.001005776902,-0.004922000194,-0.0006154693604,-6.174103674e-05,-0.0006772103971,-0.005704336761,-0.001189608798,-0.006893945558,-0.001856414724,0.0001108808762,-0.001745533848,-0.001767807184,0.0003537909022,-0.001414016282,-0.002573479435,0.0005543926397,-0.002019086795,-0.001499501233,-5.458255748e-05,-0.001554083791,-0.002391034422,9.186963652e-05,-0.002299164786,-0.002990375005,0.0002342043816,-0.002756170623,-0.001840725114,-1.836275808e-05,-0.001859087872,-0.003672116121,0.0001799608448,-0.003492155276,-0.002955755796,0.0002945210352,-0.00266123476
41.9,-0.0005527569787,0.001269459517,0.0007167025381,-0.002103188072,0.0001519993521,-0.00195118872,-0.002467037502,0.0005000971346,-0.001966940367,-0.001030664208,7.139307856e-05,-0.0009592711298,0.0002155302273,-0.0003566450424,-0.0001411148152,-0.0005961117433,-0.0001649275114,-0.0007610392547,0.001406971622,-0.0002172304172,0.001189741205,0.0002104123382,6.058553132e-05,0.0002709978695,0.003017264764,-0.0003048875692,0.002712377195,0.00173272355,-0.0002653997667,0.001467323783,0.000524514857,0.0004691258752,0.0009936407322,-0.002688253679,-0.001109260472,-0.003797514151,-0.001115032443,-0.0006652614161,-0.00178029386,-0.003508052447,-0.0007894733041,-0.004297525751,-0.00153471977,-0.0007861913875,-0.002320911157,-0.002039431732,0.0003845226379,-0.001654909095,-0.001856999382,-0.0002983143114,-0.002155313693,-0.002770602183,0.0005695383626,-0.00220106382,-0.003092395568,-5.225369634e-06,-0.003097620937,-0.0003026437023,0.0004196066635,0.0001169629611,-0.001078975188,0.0004481741917,-0.0006308009961,-0.004296175753,0.0006568039844,-0.003639371769,-0.002537291874,0.0004997936421,-0.002037498232,-0.003512107365,0.0006538194089,-0.002858287956,-0.00385589136,-0.001016517171,-0.00487240853,-0.0005838725683,-7.27591959e-05,-0.0006566317642,-0.005616279005,-0.001204719882,-0.006820998887,-0.00180814417,0.0001055302532,-0.001702613917,-0.00173614337,0.0003553145292,-0.001380828841,-0.002550593704,0.0005579481882,-0.001992645516,-0.001449433103,-5.873928767e-05,-0.001508172391,-0.002350682843,8.892666839e-05,-0.002261756175,-0.002971717619,0.000248193727,-0.002723523892,-0.001807017712,-2.370059209e-05,-0.001830718304,-0.003622347525,0.0001765505037,-0.003445797021,-0.002908073322,0.0002809949006,-0.002627078422
42.0,-0.0005475645916,0.001265868329,0.0007183037375,-0.00208864246,0.0001561306529,-0.001932511807,-0.002451999225,0.0004979055477,-0.001954093678,-0.001006559103,7.016582361e-05,-0.0009363932798,0.0002551317593,-0.0003626220826,-0.0001074903233,-0.0005598250803,-0.0001701126019,-0.0007299376821,0.001452410899,-0.0002226801711,0.001229730728,0.0002298441775,5.005281408e-05,0.0002798969916,0.003040592471,-0.0003109158714,0.002729676599,0.001752718044,-0.0002701218592,0.001482596185,0.0005476206675,0.0004627384648,0.001010359132,-0.002632919978,-0.001098602327,-0.003731522305,-0.001044836166,-0.0006763114488,-0.001721147614,-0.003456850733,-0.0007866202171,-0.00424347095,-0.00150095238,-0.0007780331494,-0.002278985529,-0.001993716577,0.0003842802777,-0.001609436299,-0.001807564113,-0.0002899975432,-0.002097561656,-0.0027153708,0.0005612245444,-0.002154146255,-0.00302790855,-9.983644925e-06,-0.003037892195,-0.0002999417879,0.0004107104706,0.0001107686827,-0.001064840298,0.0004441355561,-0.0006207047418,-0.004297865451,0.000654429899,-0.003643435552,-0.002541967609,0.0004967356911,-0.002045231918,-0.00354629135,0.0006491903965,-0.002897100954,-0.003794151213,-0.001028328695,-0.004822479907,-0.0005525853098,-8.433948549e-05,-0.0006369247953,-0.005527223478,-0.001219880401,-0.006747103879,-0.0017586532,9.936911098e-05,-0.00165928409,-0.001704524489,0.0003564266208,-0.001348097868,-0.002528429712,0.0005612758798,-0.001967153832,-0.001398953757,-6.311514171e-05,-0.001462068899,-0.002310928891,8.594056427e-05,-0.002224988327,-0.002953328441,0.0002617209295,-0.002691607511,-0.001775555849,-2.892702927e-05,-0.001804482878,-0.003573982787,0.0001732270273,-0.00340075576,-0.002861898311,0.000267105235,-0.002594793076
42.1,-0.0005448847339,0.00126210607,0.0007172213357,-0.002074559182,0.0001592969621,-0.00191526222,-0.002438438725,0.0004954109328,-0.001943027792,-0.0009827930251,6.85478128e-05,-0.0009142452123,0.0002939011939,-0.00036906489,-7.516369605e-05,-0.0005249738716,-0.0001752601391,-0.0007002340107,0.001496597391,-0.0002281641538,0.001268433237,0.0002462431283,3.963316999e-05,0.0002858762983,0.003060487289,-0.0003173364033,0.002743150886,0.001769516155,-0.0002746141828,0.001494901973,0.0005690836211,0.0004564711945,0.001025554816,-0.002579380029,-0.001087677205,-0.003667057234,-0.0009745998369,-0.0006883742975,-0.001662974134,-0.003404117189,-0.0007844754298,-0.004188592618,-0.001466662869,-0.0007696655984,-0.002236328467,-0.001948817149,0.000383836856,-0.001564980293,-0.001759635151,-0.0002809574419,-0.002040592593,-0.002659985799,0.0005521319715,-0.002107853827,-0.002964579458,-1.466505895e-05,-0.002979244517,-0.0003012752576,0.0004014005261,0.0001001252685,-0.001052650788,0.0004393541861,-0.0006132966024,-0.004301081787,0.0006513635504,-0.003649718236,-0.00254811758,0.0004934224111,-0.002054695169,-0.003582091434,0.0006443500039,-0.00293774143,-0.003731359458,-0.001041183778,-0.004772543236,-0.0005217003954,-9.642500191e-05,-0.0006181253973,-0.0054377591,-0.001234858535,-0.006672617635,-0.001708106408,9.235977342e-05,-0.001615746634,-0.00167303081,0.0003570641029,-0.001315966707,-0.002507118908,0.0005643425065,-0.001942776401,-0.001348236474,-6.76973762e-05,-0.00141593385,-0.002271952765,8.29014016e-05,-0.002189051364,-0.002935229883,0.000274652562,-0.002660577321,-0.001746508894,-3.405021449e-05,-0.001780559108,-0.003527275178,0.0001699501732,-0.003357325005,-0.00281765492,0.0002529648874,-0.002564690033
42.2,-0.0005448609783,0.001258150698,0.0007132897194,-0.002061150682,0.0001614695725,-0.00189968111,-0.002426513924,0.0004926051876,-0.001933908736,-0.0009595346514,6.653298901e-05,-0.0008930016624,0.0003315859709,-0.0003759537289,-4.436775801e-05,-0.0004917923046,-0.0001803649073,-0.0006721572119,0.001539273432,-0.0002336793038,0.001305594128,0.0002594817472,2.936487068e-05,0.0002888466179,0.003076778741,-0.0003241614219,0.002752617319,0.001782976189,-0.0002788715404,0.001504104649,0.000588809715,0.0004503169175,0.001039126632,-0.002527924155,-0.001076691973,-0.003604616128,-0.0009047847849,-0.0007012964157,-0.001606081201,-0.003350233158,-0.0007830511904,-0.004133284349,-0.001431973165,-0.0007612247484,-0.002193197913,-0.001905003011,0.0003832076504,-0.00152179536,-0.001713368926,-0.0002713349637,-0.00198470389,-0.0026048843,0.0005423237648,-0.002062560535,-0.002902804838,-1.925984217e-05,-0.00292206468,-0.0003067539948,0.0003916818969,8.492790214e-05,-0.001042589681,0.0004338187153,-0.0006087709658,-0.004305913266,0.0006476043592,-0.003658308907,-0.00255571088,0.0004898467688,-0.002065864111,-0.003619301917,0.0006393178262,-0.00297998409,-0.003667911009,-0.001055037427,-0.004722948437,-0.0004913200447,-0.0001089529805,-0.0006002730252,-0.005348488303,-0.001249445049,-0.006597933352,-0.00165668366,8.447472899e-05,-0.001572208931,-0.001641762956,0.000357169077,-0.001284593879,-0.002486805621,0.0005671179548,-0.001919687666,-0.001297470384,-7.247123145e-05,-0.001369941615,-0.002233951232,7.980033972e-05,-0.002154150892,-0.002917473199,0.0002868697492,-0.00263060345,-0.001720049231,-3.907989972e-05,-0.001759129131,-0.003482476804,0.0001666688517,-0.003315807952,-0.002775783787,0.0002387026979,-0.002537081089
42.3,-0.0005476340485,0.001253984513,0.000706350464,-0.00204864719,0.0001626299302,-0.00188601726,-0.002416388013,0.0004894807091,-0.001926907304,-0.0009369659843,6.411778736e-05,-0.0008728481969,0.0003679252818,-0.0003832674806,-1.534219883e-05,-0.0004605203119,-0.0001854217863,-0.0006459420982,0.001580172302,-0.0002392232017,0.001340949101,0.0002694347924,1.928751965e-05,0.000288722312,0.003089301572,-0.0003314010675,0.002757900504,0.001792956887,-0.0002828880382,0.001510068849,0.0006066932778,0.0004442703945,0.001050963672,-0.002478852516,-0.001065850403,-0.003544702919,-0.0008359057576,-0.0007148960528,-0.00155080181,-0.003295616021,-0.0007823477337,-0.004077963755,-0.001397044122,-0.0007528444788,-0.002149888601,-0.001862557481,0.0003824073396,-0.001480150142,-0.001668930674,-0.0002612861881,-0.001930216863,-0.002550517962,0.0005318627386,-0.002018655223,-0.002842990203,-2.375661999e-05,-0.002866746823,-0.0003164805626,0.0003815635705,6.508300796e-05,-0.001034845528,0.0004275244157,-0.0006073211125,-0.004312452343,0.0006431556589,-0.003669296684,-0.002564725317,0.0004860031373,-0.00207872218,-0.003657713936,0.0006341168736,-0.003023597062,-0.003604237532,-0.001069829118,-0.004674066649,-0.0004615566378,-0.0001218557967,-0.0005834124345,-0.005260021424,-0.001263458782,-0.006523480206,-0.001604579812,7.569719911e-05,-0.001528882613,-0.001610842817,0.0003566905957,-0.001254152221,-0.002467648336,0.0005695775763,-0.001898070759,-0.001246860843,-7.74195252e-05,-0.001324280369,-0.002197137298,7.662920314e-05,-0.002120508095,-0.002900142026,0.0002982719116,-0.002601870114,-0.001696350527,-4.4028424e-05,-0.001740378951,-0.003439838703,0.0001633241398,-0.003276514563,-0.002736734183,0.0002244589426,-0.00251227524
42.4,-0.0005533399448,0.001249594578,0.0006962546336,-0.002037294275,0.0001627698293,-0.001874524446,-0.002408227366,0.000486030541,-0.001922196825,-0.0009152807482,6.130115795e-05,-0.0008539795902,0.0004026535114,-0.0003909838112,1.16697002e-05,-0.0004314013478,-0.0001904259084,-0.0006218272562,0.001619021976,-0.0002447940019,0.001374227974,0.0002759805342,9.441644824e-06,0.000285422179,0.003097900934,-0.0003390629698,0.002758837964,0.001799321311,-0.0002866570799,0.001512664231,0.0006226205797,0.0004383284286,0.001060949008,-0.002432471557,-0.001055351391,-0.003487822948,-0.0007685269589,-0.0007289659111,-0.00149749287,-0.00324071459,-0.0007823531509,-0.004023067741,-0.001362078696,-0.0007446530703,-0.002106731766,-0.001821774266,0.0003814485419,-0.001440325724,-0.001626494922,-0.0002509803797,-0.001877475301,-0.002497348412,0.000520810499,-0.001976537913,-0.002785547452,-2.814153569e-05,-0.002813688987,-0.0003305478407,0.0003710586897,4.051084902e-05,-0.001029609333,0.0004204733809,-0.0006091359519,-0.004320792117,0.0006380246213,-0.003682767496,-0.002575145234,0.0004818875542,-0.00209325768,-0.003697115889,0.0006287731522,-0.003068342736,-0.00354080443,-0.00108548473,-0.00462628916,-0.0004325315278,-0.0001350616866,-0.0005675932144,-0.005172969621,-0.001276751332,-0.006449720954,-0.001552001173,6.602115431e-05,-0.001485980018,-0.001580410091,0.0003555862593,-0.001224823832,-0.002449817266,0.0005717042207,-0.001878113045,-0.001196627587,-8.252206131e-05,-0.001279149649,-0.00216173687,7.33799649e-05,-0.002088356905,-0.002883352076,0.0003087784743,-0.002574573602,-0.001675584831,-4.891126996e-05,-0.0017244961,-0.003399608999,0.0001598526434,-0.003239756356,-0.002700953053,0.0002103795196,-0.002490573534
42.5,-0.0005621065389,0.001244972902,0.0006828663635,-0.002027348278,0.0001618914115,-0.001865456867,-0.002402197755,0.0004822484491,-0.001919949306,-0.0008946813457,5.808447602e-05,-0.0008365968697,0.0004355067103,-0.0003990793841,3.642732624e-05,-0.0004046786488,-0.0001953728019,-0.0006000514507,0.001655552065,-0.0002503903561,0.001405161709,0.0002790030315,-1.318789742e-07,0.0002788711525,0.003102441,-0.0003471519002,0.0027552891,0.001801944159,-0.0002901713935,0.001511772765,0.0006364769303,0.0004324899623,0.001068966893,-0.002389086679,-0.001045387227,-0.003434473907,-0.000703252284,-0.0007432781105,-0.001446530394,-0.003186001157,-0.0007830442258,-0.003969045383,-0.001327321381,-0.0007367696481,-0.002064091029,-0.001782951303,0.0003803399992,-0.001402611304,-0.001586243897,-0.0002405966454,-0.001826840542,-0.00244583907,0.0005092267546,-0.001936612316,-0.002730888712,-3.239769433e-05,-0.002763286407,-0.0003490353184,0.0003601847081,1.114938975e-05,-0.001027069552,0.0004126746031,-0.0006143949487,-0.00433102104,0.0006322221688,-0.003698798871,-0.002586957367,0.0004774979216,-0.002109459445,-0.003737292628,0.0006233151339,-0.003113977494,-0.003478105677,-0.001101918898,-0.004580024575,-0.0004043712932,-0.0001484951547,-0.000552866448,-0.00508793532,-0.001289211685,-0.006377147005,-0.001499158548,5.545099437e-05,-0.001443707554,-0.001550614947,0.0003538235738,-0.001196791373,-0.002433488062,0.0005734893694,-0.001859998693,-0.001147000467,-8.775493977e-05,-0.001234755407,-0.002127982213,7.004422786e-05,-0.002057937985,-0.002867247083,0.0003183290626,-0.00254891802,-0.001657918119,-5.374692686e-05,-0.001711665046,-0.00336202867,0.0001561899151,-0.003205838755,-0.002668872622,0.00019661058,-0.002472262043
42.6,-0.0005740487977,0.001240116353,0.0006660675549,-0.002019069717,0.0001600069496,-0.001859062767,-0.002398459239,0.0004781289644,-0.001920330274,-0.0008753745752,5.447139167e-05,-0.0008209031835,0.000466231151,-0.0004075300935,5.870105751e-05,-0.0003805902435,-0.0002002585094,-0.0005808487529,0.001689502564,-0.0002560113408,0.001433491223,0.0002783951847,-9.392566908e-06,0.0002690026178,0.003102814969,-0.0003556695749,0.002747145394,0.001800720667,-0.0002934231909,0.001507297476,0.0006481554724,0.0004267560808,0.001074911553,-0.00234899261,-0.001036141677,-0.003385134286,-0.0006407117095,-0.0007575898733,-0.001398301583,-0.00313196153,-0.0007843880767,-0.003916349607,-0.001293053757,-0.0007293014469,-0.002022355204,-0.001746382415,0.0003790845108,-0.001367297904,-0.001548363761,-0.000230319676,-0.001778683437,-0.002396444258,0.00049716871,-0.001899275548,-0.002679417689,-3.650483901e-05,-0.002715922528,-0.0003720043618,0.000348963308,-2.304105378e-05,-0.001027405626,0.0004041438254,-0.0006232618004,-0.004343216309,0.0006257626378,-0.003717453671,-0.002600145956,0.0004728340404,-0.002127311916,-0.003778024117,0.0006177731839,-0.003160250933,-0.003416656263,-0.001119038132,-0.004535694395,-0.0003772019623,-0.000162077267,-0.0005392792293,-0.005005500846,-0.001300770242,-0.006306271088,-0.001446258464,4.400112776e-05,-0.001402257336,-0.001521609115,0.0003513809213,-0.001170228193,-0.002418833405,0.0005749330321,-0.001843900373,-0.001098213802,-9.30899395e-05,-0.001191303742,-0.002096103594,6.661285538e-05,-0.002029490739,-0.002851992188,0.0003268827482,-0.00252510944,-0.001643504471,-5.855636475e-05,-0.001702060835,-0.003327325883,0.0001522737139,-0.003175052169,-0.002640898598,0.0001832946361,-0.002457603962
42.7,-0.0005892634958,0.001235026428,0.0006457629326,-0.00201271564,0.0001571384657,-0.001855577175,-0.002397160644,0.000473667443,-0.001923493201,-0.0008575667695,5.046766751e-05,-0.000807099102,0.0004945919298,-0.0004163112948,7.828063498e-05,-0.0003593634903,-0.0002050797268,-0.0005644432171,0.001720632099,-0.0002616564037,0.001458975695,0.0002740619886,-1.830115574e-05,0.0002557608329,0.003098953559,-0.000364614662,0.002734338897,0.001795574332,-0.0002964045195,0.001499169813,0.000657565053,0.000421129864,0.001078694917,-0.002312463734,-0.001027788133,-0.003340251867,-0.0005815466441,-0.0007716486714,-0.001353195315,-0.003079084994,-0.0007863444416,-0.003865429436,-0.001259587162,-0.0007223426219,-0.001981929784,-0.00171234854,0.0003776770295,-0.001334671511,-0.001513040102,-0.0002203351611,-0.001733375263,-0.002349597792,0.0004846903768,-0.001864907415,-0.002631520817,-4.04390229e-05,-0.00267195984,-0.0003994932713,0.0003374201003,-6.207317109e-05,-0.001030781097,0.0003949032051,-0.000635877892,-0.004357437312,0.0006186631722,-0.00373877414,-0.002614688583,0.0004678974784,-0.002146791105,-0.003819084535,0.0006121790355,-0.003206905499,-0.003356983041,-0.001136744406,-0.004493727446,-0.0003511428488,-0.0001757260476,-0.0005268688964,-0.004926217684,-0.001311400507,-0.006237618192,-0.001393495147,3.169557818e-05,-0.001361799569,-0.001493538204,0.0003482480069,-0.001145290197,-0.002406015204,0.00057604257,-0.001829972634,-0.001050500946,-9.84941939e-05,-0.00114899514,-0.002066321365,6.307586566e-05,-0.002003245499,-0.002837766618,0.0003344166386,-0.002503349979,-0.001632479896,-6.336262747e-05,-0.001695842524,-0.003295710882,0.0001480471312,-0.003147663751,-0.00261740006,0.0001705678321,-0.002446832228
42.8,-0.0006078244272,0.001229708953,0.0006218845262,-0.002008532226,0.0001533172249,-0.001855215001,-0.002398434599,0.0004688601365,-0.001929574463,-0.0008414590917,4.60810003e-05,-0.0007953780914,0.0005203796794,-0.0004253980286,9.498165084e-05,-0.0003412100384,-0.0002098339883,-0.0005510440267,0.001748723879,-0.0002673253329,0.001481398546,0.0002659233831,-2.682041556e-05,0.0002391029676,0.00309083008,-0.0003739828947,0.002716847185,0.001786461534,-0.000299107743,0.001487353791,0.0006646353043,0.0004156161181,0.001080251422,-0.002279746457,-0.001020487971,-0.003300234428,-0.0005263963291,-0.0007851966681,-0.001311592997,-0.003027855604,-0.0007888683435,-0.003816723948,-0.001227254207,-0.000715974698,-0.001943228905,-0.001681110482,0.0003761033642,-0.001305007118,-0.001480454632,-0.0002108253124,-0.001691279945,-0.002305703344,0.0004718417199,-0.001833861624,-0.002587560176,-4.417241726e-05,-0.002631732593,-0.0004315129558,0.0003255842947,-0.0001059286611,-0.001037337369,0.0003849809623,-0.000652356407,-0.004373720414,0.0006109431,-0.003762777314,-0.002630553623,0.0004626913178,-0.002167862305,-0.003860242481,0.0006065653409,-0.00325367714,-0.003299615365,-0.001154938214,-0.004454553579,-0.0003263016929,-0.0001893571296,-0.0005156588224,-0.004850598679,-0.001321117365,-0.006171716044,-0.001341045247,1.856755316e-05,-0.001322477694,-0.001466536992,0.0003444258621,-0.00112211113,-0.002395179558,0.0005768311295,-0.001818348428,-0.00100409031,-0.000103930241,-0.001108020551,-0.00203884024,5.9422618e-05,-0.001979417622,-0.002824757277,0.000340923889,-0.002483833388,-0.001624957288,-6.819063999e-05,-0.001693147928,-0.003267373159,0.0001434618053,-0.003123911354,-0.00259870107,0.0001585572424,-0.002440143828
42.9,-0.0006297787381,0.001224173674,0.0005943949355,-0.002006748479,0.0001485830804,-0.001858165398,-0.002402393649,0.0004637042539,-0.001938689395,-0.0008272434568,4.132081329e-05,-0.0007859226435,0.0005434144767,-0.0004347652362,0.0001086492405,-0.0003263218301,-0.0002145198494,-0.0005408416795,0.001773588782,-0.0002730182223,0.00150057056,0.0002539163611,-3.491579384e-05,0.0002190005673,0.00307846169,-0.0003837671312,0.002694694558,0.001773372645,-0.0003015260083,0.001471846636,0.0006693184557,0.000410221083,0.001079539539,-0.002251054983,-0.001014388564,-0.003265443548,-0.0004758859471,-0.0007979751949,-0.001273861142,-0.00297874537,-0.0007919127379,-0.003770658108,-0.001196400736,-0.0007102680198,-0.001906668756,-0.001652904291,0.0003743396846,-0.001278564607,-0.001450784437,-0.0002019644322,-0.001652748869,-0.002265127806,0.000458667695,-0.001806460111,-0.002547868905,-4.767377117e-05,-0.002595542676,-0.0004680436244,0.0003134884594,-0.000154555165,-0.001047188656,0.000374411104,-0.0006727775525,-0.004392075581,0.0006026234933,-0.003789452088,-0.002647699346,0.0004572198013,-0.002190479544,-0.003901262384,0.0006009652536,-0.003300297131,-0.003245076742,-0.001173520156,-0.004418596898,-0.0003027719047,-0.0002028848056,-0.0005056567103,-0.004779113874,-0.001329972546,-0.006109086419,-0.001289065742,4.658770555e-06,-0.001284406971,-0.00144072796,0.0003399266155,-0.001100801344,-0.002386455064,0.0005773163645,-0.001809138699,-0.0009592032592,-0.000109356447,-0.001068559706,-0.00201384643,5.564231219e-05,-0.001958204118,-0.002813153738,0.0003464109235,-0.002466742815,-0.001621023507,-7.306681686e-05,-0.001694090324,-0.003242481382,0.0001384812984,-0.003104000083,-0.002585073932,0.0001473775192,-0.002437696413
43.0,-0.0006551445407,0.001218433771,0.0005632892306,-0.002007571263,0.0001429836141,-0.001864587648,-0.002409127556,0.0004581980444,-0.001950929511,-0.00081509922,3.619805249e-05,-0.0007789011676,0.0005635471123,-0.0004443879373,0.000119159175,-0.0003148683393,-0.0002191369679,-0.0005340053072,0.001795066008,-0.0002787353972,0.001516330611,0.0002379962939,-4.255576659e-05,0.0001954405273,0.003061907581,-0.0003939572889,0.002667950292,0.001756330395,-0.000303653603,0.001452676792,0.0006715885038,0.0004049521837,0.001076540687,-0.002226570608,-0.001009620684,-0.003236191293,-0.0004306159513,-0.0008097300917,-0.001240346043,-0.002932208993,-0.000795430887,-0.00372763988,-0.001167378895,-0.0007052834134,-0.001872662308,-0.001627939427,0.0003723528151,-0.001255586612,-0.001424203894,-0.0001939141627,-0.001618118056,-0.002228197707,0.0004452073388,-0.001782990368,-0.002512748931,-5.090982636e-05,-0.002563658757,-0.0005090324479,0.0003011683082,-0.0002078641396,-0.00106041813,0.0003632331291,-0.0006971850005,-0.004412484571,0.0005937268456,-0.003818757726,-0.002666074197,0.000451487902,-0.002214586295,-0.003941906817,0.0005954119859,-0.003346494831,-0.003193877941,-0.001192390785,-0.004386268726,-0.0002806318192,-0.0002162235184,-0.0004968553375,-0.004712189452,-0.001338048353,-0.006050237805,-0.001237694434,-9.981594932e-06,-0.001247676029,-0.001416222265,0.0003347731633,-0.001081449102,-0.00237995373,0.0005775196933,-0.001802434036,-0.0009160535516,-0.0001147278766,-0.001030781428,-0.001991507219,5.172479205e-05,-0.001939782427,-0.002803144153,0.0003508937948,-0.002452250359,-0.001620738837,-7.801802478e-05,-0.001698756861,-0.003221185248,0.0001330842768,-0.003088100972,-0.002576734748,0.0001371274024,-0.002439607346
43.1,-0.0006839096923,0.001212505424,0.0005285957321,-0.002011181422,0.0001365730781,-0.001874608344,-0.002418701573,0.0004523409375,-0.001966360635,-0.0008051904987,3.072503909e-05,-0.0007744654596,0.000580658592,-0.0004542413254,0.0001264172666,-0.000306994827,-0.000223686043,-0.00053068087,0.001813022348,-0.0002844772808,0.001528545068,0.0002181376823,-4.971190194e-05,0.0001684257804,0.003041265464,-0.0004045402067,0.002636725257,0.001735386884,-0.0003054862044,0.001429900679,0.0006714390149,0.0003998177981,0.001071256813,-0.002206443498,-0.001006295622,-0.00321273912,-0.0003911517967,-0.0008202181822,-0.001211369979,-0.002888679244,-0.0007993784933,-0.003688057737,-0.001140540758,-0.00070107405,-0.001841614808,-0.001606399087,0.0003701012647,-0.001236297822,-0.001400887707,-0.0001868186383,-0.001587706345,-0.002195198054,0.0004314931626,-0.001763704891,-0.002482470401,-5.384744583e-05,-0.002536317847,-0.0005543919348,0.0002886624338,-0.000265729501,-0.001077074974,0.0003514916023,-0.0007255833719,-0.004434900019,0.0005842767335,-0.003850623285,-0.002685617565,0.0004455009142,-0.00224011665,-0.003981939195,0.0005899383148,-0.00339200088,-0.003146511215,-0.001211449281,-0.004357960496,-0.0002599454335,-0.0002292895465,-0.00048923498,-0.004650209236,-0.001345450097,-0.005995659333,-0.001187051989,-2.529831608e-05,-0.001212350305,-0.001393121805,0.0003289987727,-0.001064123033,-0.002375772932,0.0005774659659,-0.001798306966,-0.0008748475703,-0.0001199975909,-0.0009948451612,-0.00197197204,4.76615559e-05,-0.001924310484,-0.002794911766,0.0003543944411,-0.002440517325,-0.001624138397,-8.306980581e-05,-0.001707208203,-0.003203617649,0.0001272668348,-0.003076350815,-0.002573841802,0.0001278870849,-0.002445954717
43.2,-0.0007160313676,0.00120640753,0.0004903761622,-0.002017730554,0.0001294112104,-0.001888319344,-0.002431155188,0.0004461337155,-0.001985021473,-0.0007976637886,2.491537071e-05,-0.0007727484179,0.0005946591258,-0.0004643007858,0.00013035834,-0.0003028211022,-0.0002281686753,-0.0005309897775,0.001827351412,-0.0002902442244,0.001537107187,0.0001943347282,-5.635880995e-05,0.0001379759182,0.003016668093,-0.0004154995163,0.002601168577,0.001710620863,-0.0003070210549,0.001403599809,0.0006688811601,0.0003948269928,0.001063708153,-0.002190795681,-0.00100450244,-0.003195298122,-0.0003580135248,-0.0008292145114,-0.001187228036,-0.002848562152,-0.0008037155613,-0.003652277713,-0.001116231057,-0.0006976881985,-0.001813919255,-0.001588441481,0.0003675369032,-0.001220904577,-0.001381012216,-0.0001808007358,-0.001561812952,-0.002166372521,0.0004175510982,-0.001748821423,-0.002457271853,-5.645594222e-05,-0.002513727795,-0.0006039987313,0.0002760120464,-0.0003279866848,-0.001097171937,0.0003392356403,-0.0007579362965,-0.004459244731,0.0005742975002,-0.003884947231,-0.002706260183,0.0004392641605,-0.002266996022,-0.004021126252,0.0005845760429,-0.003436550209,-0.003103445022,-0.001230591783,-0.004334036806,-0.0002407638292,-0.0002420024567,-0.0004827662859,-0.004593517879,-0.001352297713,-0.005945815592,-0.001137244048,-4.123177456e-05,-0.001178475823,-0.001371520657,0.0003226465841,-0.001048874073,-0.002373996445,0.0005771832163,-0.001796813228,-0.0008357844537,-0.0001251180583,-0.000960902512,-0.001955373826,4.34468499e-05,-0.001911926976,-0.002788631998,0.0003569380256,-0.002431693973,-0.001631234552,-8.824414112e-05,-0.001719478693,-0.003189895403,0.0001210434286,-0.003068851975,-0.002576496023,0.0001197166728,-0.00245677935
43.3,-0.0007514357495,0.001200161519,0.00044872577,-0.00202733783,0.0001215619967,-0.001905775834,-0.0024465007,0.0004395786215,-0.002006922079,-0.0007926453904,1.878379398e-05,-0.0007738615964,0.0006054880129,-0.0004745418859,0.0001309461271,-0.0003024401337,-0.0002325872364,-0.0005350273702,0.00183797425,-0.000296036332,0.001541937918,0.0001666021714,-6.247419416e-05,0.0001041279772,0.002988281599,-0.000426815538,0.002561466061,0.001682136944,-0.0003082570658,0.001373879879,0.0006639436032,0.0003899892211,0.001053932824,-0.002179724061,-0.001004305476,-0.003184029538,-0.0003316648468,-0.0008365195951,-0.001168184442,-0.002812231552,-0.0008084076246,-0.003620639177,-0.001094778031,-0.0006951729476,-0.001789950978,-0.00157420065,0.0003646071235,-0.001209593526,-0.001364752906,-0.0001759605351,-0.001540713441,-0.002141923502,0.0004034010688,-0.001738522433,-0.002437359767,-5.870920107e-05,-0.002496068968,-0.0006576924587,0.0002632608039,-0.0003944316548,-0.001120682821,0.0003265184328,-0.0007941643883,-0.004485410463,0.0005638140827,-0.00392159638,-0.002727923286,0.000432782802,-0.002295140484,-0.004059239618,0.0005793553976,-0.00347988422,-0.003065118754,-0.001249709986,-0.00431482874,-0.000223126077,-0.0002542860451,-0.0004774121221,-0.004542423903,-0.001358717732,-0.005901141635,-0.001088361754,-5.771971359e-05,-0.001146081467,-0.001351504208,0.000315768912,-0.001035735296,-0.002374692722,0.0005767021545,-0.001797990567,-0.0007990551018,-0.0001300423369,-0.0009290974387,-0.001941829267,3.907870558e-05,-0.001902750561,-0.00278446949,0.0003585517054,-0.002425917784,-0.001642018749,-9.355726016e-05,-0.00173557601,-0.003180117425,0.0001144463781,-0.003065671047,-0.002584741668,0.0001126551849,-0.002472086483
43.4,-0.0007900170677,0.001193791052,0.0004037739839,-0.002040086236,0.0001130923814,-0.001926993855,-0.002464721061,0.0004326793427,-0.002032041719,-0.0007902382053,1.234598244e-05,-0.0007778922228,0.0006131155032,-0.0004849403786,0.0001281751246,-0.0003059159553,-0.0002369447818,-0.0005428607372,0.00184484233,-0.0003018532951,0.001542989035,0.0001349767196,-6.803911421e-05,6.693760536e-05,0.002956306608,-0.0004384651936,0.002517841414,0.00165006763,-0.0003091948464,0.001340872783,0.0006566751968,0.0003853140052,0.001041989202,-0.002173301985,-0.001005742415,-0.0031790444,-0.0003125013403,-0.0008419660166,-0.001154467357,-0.002780022775,-0.0008134260029,-0.003593448778,-0.001076482995,-0.0006935774129,-0.001770060408,-0.001563785817,0.0003612572541,-0.001202528563,-0.001352278117,-0.0001723759062,-0.001524654024,-0.002122010438,0.000389057992,-0.001732952446,-0.002422906135,-6.058730501e-05,-0.00248349344,-0.0007152741666,0.0002504546358,-0.0004648195308,-0.001147539428,0.0003133967899,-0.000834142638,-0.004513255589,0.00055285195,-0.003960403639,-0.002750516086,0.000426061633,-0.002324454453,-0.004096056171,0.0005743043491,-0.003521751822,-0.003031936996,-0.001268690112,-0.004300627108,-0.0002070582969,-0.0002660688549,-0.0004731271518,-0.004497200741,-0.001364836499,-0.00586203724,-0.001040479656,-7.469878698e-05,-0.001115178443,-0.001333145104,0.0003084261935,-0.001024718911,-0.002377909716,0.0005760552299,-0.001801854486,-0.0007648391636,-0.0001347250197,-0.0008995641834,-0.001931436898,3.455977691e-05,-0.001896877121,-0.002782573656,0.0003592641488,-0.002423309507,-0.001656461398,-9.901796457e-05,-0.001755479363,-0.003174360115,0.0001075242356,-0.003066835879,-0.002598565471,0.0001067196181,-0.002491845852
43.5,-0.0008316356535,0.001187321463,0.0003556858099,-0.002056017945,0.000104070877,-0.001951947068,-0.002485766968,0.0004254409065,-0.002060326061,-0.0007905178065,5.618234371e-06,-0.0007848995721,0.0006175466257,-0.0004954722148,0.0001220744108,-0.0003132807268,-0.0002412450134,-0.0005545257402,0.001847942447,-0.0003076942393,0.001540248208,9.951908655e-05,-7.303844527e-05,2.648064127e-05,0.002920981349,-0.0004504220006,0.002470559349,0.00161457747,-0.0003098367164,0.001304740754,0.0006471498571,0.0003808105731,0.00102796043,-0.002171578293,-0.0010088236,-0.003180401892,-0.0003008378699,-0.0008454241056,-0.001146261976,-0.002752225754,-0.0008187472281,-0.003570972982,-0.001061610718,-0.0006929532327,-0.001754563951,-0.001557278997,0.0003574329214,-0.001199846076,-0.00134374044,-0.000170104176,-0.001513844616,-0.002106745861,0.00037453293,-0.001732212931,-0.002414043589,-6.207737648e-05,-0.002476120965,-0.0007765043179,0.0002376413371,-0.0005388629809,-0.001177627965,0.0002999305716,-0.0008776973935,-0.004542601824,0.000541436931,-0.004001164893,-0.002773932181,0.000419104762,-0.002354827419,-0.004131357482,0.0005694478909,-0.003561909591,-0.003004262831,-0.001287412214,-0.004291675044,-0.0001925703884,-0.0002772845846,-0.000469854973,-0.004458085483,-0.001370774355,-0.005828859837,-0.0009936513953,-9.210576196e-05,-0.001085757157,-0.001316496882,0.0003006855114,-0.00101581137,-0.002383667304,0.0005752752214,-0.001808392083,-0.0007333000486,-0.0001391231778,-0.0008724232264,-0.001924273066,2.989793793e-05,-0.001894375128,-0.00278307168,0.0003591049412,-0.002423966739,-0.001674509477,-0.0001046266362,-0.001779136114,-0.003172670744,0.0001003392616,-0.003072331482,-0.002617893901,0.0001019041234,-0.002515989778
43.6,-0.0008761154956,0.001180779081,0.000304663585,-0.002075129255,9.456605044e-05,-0.001980563205,-0.002509553822,0.0004178695687,-0.002091684254,-0.000793528227,-1.382841023e-06,-0.000794911068,0.0006188255661,-0.0005061135459,0.0001127120202,-0.0003245314284,-0.0002454923166,-0.000570023745,0.001847301713,-0.0003135575992,0.001533744114,6.031626676e-05,-7.74614404e-05,-1.714517364e-05,0.00288258425,-0.0004626562543,0.002419927995,0.001575867001,-0.0003101868063,0.001265680195,0.0006354714204,0.0003764873887,0.001011958809,-0.002174574262,-0.00101353306,-0.003188107322,-0.0002968965664,-0.0008468066429,-0.001143703209,-0.002729078581,-0.0008243521203,-0.003553430702,-0.001050382366,-0.0006933516498,-0.001743734016,-0.001554731436,0.0003530820858,-0.00120164935,-0.001339268225,-0.0001691835061,-0.001508451731,-0.002096190415,0.0003598342824,-0.001736356133,-0.002410859117,-6.317360289e-05,-0.00247403272,-0.0008411008579,0.0002248698549,-0.000616231003,-0.001210785745,0.0002861819146,-0.00092460383,-0.004573231044,0.0005295947823,-0.004043636262,-0.002798046305,0.0004119151904,-0.002386131115,-0.004164929293,0.000564807392,-0.003600121901,-0.002982410134,-0.001305749948,-0.004288160082,-0.0001796515026,-0.0002878726145,-0.0004675241172,-0.004425276347,-0.001376639995,-0.005801916342,-0.0009479050281,-0.0001098784809,-0.001057783509,-0.001301587762,0.0002926187906,-0.001008968971,-0.002391949798,0.0005743933771,-0.00181755642,-0.0007045793556,-0.0001431974151,-0.0008477767706,-0.001920387262,2.510669737e-05,-0.001895280564,-0.002786059301,0.0003581033099,-0.002427955991,-0.001696082943,-0.0001103748493,-0.001806457792,-0.003175060485,9.296425415e-05,-0.00308209623,-0.002642590071,9.817977329e-05,-0.002544410298
43.7,-0.000923242333,0.00117419054,0.0002509482073,-0.002097366162,8.464496639e-05,-0.002012721196,-0.002535959517,0.0004099727292,-0.002125986788,-0.0007992782481,-8.640602285e-06,-0.0008079188504,0.0006170385091,-0.0005168407206,0.0001001977884,-0.0003396270656,-0.0002496918923,-0.0005893189578,0.001842990395,-0.0003194410447,0.001523549351,1.748345341e-05,-8.130225035e-05,-6.381879694e-05,0.002841433522,-0.0004751354058,0.002366298116,0.001534173987,-0.0003102512693,0.001223922718,0.0006217760994,0.0003723515773,0.0009941276766,-0.002182280118,-0.001019831206,-0.003202111324,-0.0003007975544,-0.0008460724611,-0.001146870015,-0.002710762772,-0.0008302248751,-0.003540987647,-0.001042971307,-0.0006948188024,-0.001737790109,-0.001556160249,0.0003481567449,-0.001208003504,-0.001338960188,-0.0001696327733,-0.001508592961,-0.002090349363,0.0003449690418,-0.001745380321,-0.002413388454,-6.387681102e-05,-0.002477265265,-0.0009087382906,0.0002121894736,-0.000696548817,-0.001246799366,0.0002722143525,-0.0009745850135,-0.004604883685,0.0005173506142,-0.00408753307,-0.002822712718,0.0004044943822,-0.002418218335,-0.004196561966,0.0005604001236,-0.003636161842,-0.002966635582,-0.001323571332,-0.004290206914,-0.0001682663045,-0.0002977786848,-0.0004660449893,-0.004398930155,-0.001382524862,-0.005781455017,-0.0009032406419,-0.0001279565393,-0.001031197181,-0.001288417155,0.0002843008567,-0.001004116299,-0.002402701197,0.0005734372828,-0.001829263914,-0.0006787926699,-0.0001469128903,-0.0008257055602,-0.0019197987,2.020541791e-05,-0.001899593282,-0.002791591409,0.0003562860741,-0.002435305335,-0.001721071667,-0.0001162455225,-0.00183731719,-0.00318149908,8.547917599e-05,-0.003096019904,-0.002672452726,9.549557111e-05,-0.002576957155
43.8,-0.0009727631851,0.001167582177,0.0001948189916,-0.002122621689,7.437173024e-05,-0.002048249959,-0.002564823774,0.0004017588628,-0.002163064911,-0.0008077388983,-1.613861486e-05,-0.0008238775131,0.0006123134079,-0.0005276302942,8.468311372e-05,-0.0003584872011,-0.0002538499341,-0.0006123371352,0.001835121262,-0.0003253414582,0.001509779804,-2.883486231e-05,-8.45602532e-05,-0.0001133951155,0.002797882639,-0.0004878244942,0.002310058144,0.001489770756,-0.0003100385095,0.001179732246,0.0006062312934,0.0003684083476,0.000974639641,-0.002194652918,-0.001027658754,-0.003222311672,-0.0003125545289,-0.0008432286502,-0.001155783179,-0.002697401224,-0.000836352094,-0.003533753318,-0.001039501409,-0.0006973914007,-0.00173689281,-0.001561546896,0.0003426145977,-0.001218932298,-0.001342885056,-0.0001714498341,-0.00151433489,-0.002089172475,0.0003299440754,-0.0017592284,-0.002421613138,-6.419399004e-05,-0.002485807128,-0.0009790484798,0.0001996491577,-0.000779399322,-0.001285405248,0.0002580919683,-0.001027313279,-0.004637259742,0.0005047284092,-0.004132531333,-0.002847765735,0.0003968419166,-0.002450923818,-0.004226052265,0.0005562389702,-0.003669813294,-0.002957131455,-0.001340741023,-0.004297872478,-0.0001583536828,-0.0003069556772,-0.0004653093599,-0.004379160869,-0.001388498157,-0.005767659026,-0.0008596320725,-0.0001462815259,-0.001005913598,-0.001276956155,0.000275807437,-0.001001148718,-0.002415824767,0.0005724288382,-0.001843395929,-0.0006560281078,-0.0001502400769,-0.0008062681847,-0.001922495294,1.521922226e-05,-0.001907276072,-0.002799675442,0.0003536754717,-0.00244599997,-0.001749334434,-0.0001222135509,-0.001871547985,-0.00319191251,7.796795877e-05,-0.003113944552,-0.002707218848,9.378094895e-05,-0.002613437899
43.9,-0.001024387682,0.001160979438,0.0001365917561,-0.002150735601,6.380625675e-05,-0.002086929344,-0.002595949318,0.0003932374809,-0.002202711838,-0.0008188425385,-2.386083634e-05,-0.0008427033748,0.0006048162759,-0.0005384590374,6.635723849e-05,-0.0003809922549,-0.0002579737427,-0.0006389659977,0.001823845342,-0.000331254931,0.001492590411,-7.84647504e-05,-8.724010349e-05,-0.0001657048539,0.002752312005,-0.000500686466,0.002251625539,0.001442957834,-0.0003095592934,0.00113339854,0.0005890308459,0.0003646605275,0.0009536913734,-0.002211617141,-0.00103694103,-0.003248558171,-0.0003320765116,-0.0008383309233,-0.001170407435,-0.002689059442,-0.0008427214282,-0.00353178087,-0.001040047767,-0.0007010937542,-0.001741141521,-0.001570838562,0.0003364208951,-0.001234417667,-0.001351085846,-0.0001746093747,-0.00152569522,-0.002092557888,0.0003147673181,-0.00177779057,-0.002435461301,-6.413787417e-05,-0.002499599175,-0.001051623344,0.0001872970962,-0.000864326248,-0.001326292725,0.000243878572,-0.001082414153,-0.00467002254,0.0004917507297,-0.00417827181,-0.002873022199,0.000388955294,-0.002484066905,-0.004253206338,0.0005523322638,-0.003700874074,-0.002954020294,-0.001357123977,-0.004311144271,-0.0001498284512,-0.0003153644488,-0.0004651929,-0.004366039861,-0.001394603384,-0.005760643244,-0.0008170327032,-0.0001647969363,-0.0009818296395,-0.00126715179,0.00026721307,-0.0009999387198,-0.002431187091,0.0005713828154,-0.001859804275,-0.0006363480022,-0.0001531551654,-0.0007895031676,-0.001928435189,1.017850679e-05,-0.001918256683,-0.002810269925,0.0003502878785,-0.002459982046,-0.001780700781,-0.0001282466589,-0.00190894744,-0.003206183954,7.051549217e-05,-0.003135668462,-0.002746569679,9.294915267e-05,-0.002653620527
44.0,-0.001077791093,0.001154406331,7.661523781e-05,-0.002181496603,5.300334864e-05,-0.002128493255,-0.0026291048,0.0003844191774,-0.002244685622,-0.0008324835682,-3.179169806e-05,-0.0008642752663,0.0005947445367,-0.0005493038958,4.544064092e-05,-0.0004069855792,-0.0002620716933,-0.0006690572725,0.001809344838,-0.0003371767404,0.001472168098,-0.0001312035734,-8.935148315e-05,-0.0002205550565,0.002705118067,-0.0005136823203,0.002191435747,0.001394055014,-0.0003088267029,0.001085228311,0.0005703877449,0.0003611082491,0.0009314959941,-0.002233068312,-0.001047591612,-0.003280659923,-0.0003591758125,-0.0008314816827,-0.001190657495,-0.002685750068,-0.0008493197795,-0.003535069848,-0.001044639712,-0.0007059361164,-0.001750575828,-0.00158395245,0.0003295503762,-0.001254402073,-0.001363586536,-0.0001790616804,-0.001542648216,-0.002100359448,0.0002994488046,-0.001800910644,-0.00245481193,-6.372661577e-05,-0.002518538545,-0.001126019207,0.0001751802975,-0.0009508389094,-0.001369109466,0.0002296367897,-0.001139472676,-0.004702804869,0.0004784385834,-0.004224366286,-0.002898285254,0.0003808299655,-0.002517455288,-0.004277843492,0.000548683689,-0.003729159803,-0.002957352171,-0.001372589742,-0.004329941913,-0.0001425857356,-0.0003229745827,-0.0004655603183,-0.004359597679,-0.001400857537,-0.005760455217,-0.000775384284,-0.0001834479256,-0.0009588322096,-0.001258933898,0.0002585889455,-0.001000344952,-0.00244862555,0.0005703062958,-0.001878319254,-0.0006197932968,-0.0001556401687,-0.0007754334655,-0.001937550524,5.11813504e-06,-0.001932432388,-0.002823288531,0.0003461338346,-0.002477154697,-0.00181497556,-0.0001343061811,-0.001949281742,-0.003224157375,6.320450175e-05,-0.003160952874,-0.00279013903,9.290056955e-05,-0.002697238461
44.1,-0.001132618697,0.001147884936,1.526623813e-05,-0.00221464675,4.20121349e-05,-0.002172634615,-0.002664029084,0.0003753157953,-0.002288713288,-0.000848520523,-3.991605622e-05,-0.0008884365792,0.0005823185286,-0.0005601418645,2.217666409e-05,-0.0004362769819,-0.0002661530722,-0.0007024300541,0.001791824397,-0.0003431012999,0.001448723097,-0.0001868214339,-9.090860081e-05,-0.0002777300347,0.002656701505,-0.0005267711336,0.002129930371,0.001343391384,-0.0003078559785,0.001035535405,0.0005505257304,0.0003577487396,0.00090827447,-0.002258878663,-0.001059514753,-0.003318393416,-0.0003935808937,-0.0008228254564,-0.00121640635,-0.002687439894,-0.0008561315034,-0.003543571398,-0.00105326558,-0.0007119140316,-0.001765179612,-0.001600782163,0.0003219889961,-0.001278793167,-0.001380398778,-0.0001847328454,-0.001565131623,-0.002112396558,0.0002840015928,-0.001828394965,-0.002479501443,-6.298368673e-05,-0.00254248513,-0.001201762436,0.0001633441375,-0.001038418299,-0.001413468743,0.0002154270377,-0.001198041705,-0.00473521685,0.0004648114473,-0.004270405402,-0.002923348592,0.0003724596467,-0.002550888945,-0.004299800291,0.0005452922589,-0.003754508032,-0.002967104736,-0.001387016828,-0.004354121564,-0.0001365073244,-0.0003297648233,-0.0004662721477,-0.004359826148,-0.001407253831,-0.005767079978,-0.0007346277542,-0.0002021807986,-0.0009368085528,-0.001252223162,0.0002500008636,-0.001002222298,-0.002467957269,0.0005691988552,-0.001898758413,-0.0006063896074,-0.0001576828858,-0.0007640724932,-0.001949752822,7.646906391e-08,-0.001949676353,-0.002838607995,0.0003412187553,-0.002497389239,-0.001851945124,-0.0001403478662,-0.001992292991,-0.003245642665,5.611206839e-05,-0.003189530597,-0.002837522542,9.352556246e-05,-0.002743996979
44.2,-0.00118849105,0.001141435107,-4.705594302e-05,-0.002249887484,3.087585139e-05,-0.002219011632,-0.002700436305,0.0003659406577,-0.002334495647,-0.0008667791313,-4.821906471e-05,-0.000914998196,0.0005677725582,-0.0005709498002,-3.177242046e-06,-0.0004686471373,-0.0002702278621,-0.0007388749994,0.001771502208,-0.0003490221099,0.001422480098,-0.0002450631063,-9.192954962e-05,-0.0003369926559,0.00260745636,-0.0005399100285,0.002067546331,0.001291296058,-0.0003066642908,0.0009846317672,0.0005296714918,0.0003545761886,0.0008842476804,-0.002288903099,-0.001072606714,-0.003361509813,-0.0004349521204,-0.0008125417484,-0.001247493869,-0.002694057734,-0.000863137209,-0.003557194943,-0.001065878699,-0.0007190082168,-0.001784886916,-0.001621204943,0.0003137351709,-0.001307469772,-0.001401527198,-0.000191526368,-0.001593053566,-0.002128465184,0.0002684427138,-0.00186002247,-0.002509331085,-6.193806505e-05,-0.00257126915,-0.001278355986,0.0001518319147,-0.001126524071,-0.001458957914,0.0002013065175,-0.001257651396,-0.004766854745,0.0004508875239,-0.004315967221,-0.002948000221,0.0003638369404,-0.002584163281,-0.004318934389,0.0005421523548,-0.003776782034,-0.00298318561,-0.001400297128,-0.004383482738,-0.000131468859,-0.0003357230669,-0.0004671919259,-0.004366679743,-0.001413767521,-0.005780447264,-0.0006947149907,-0.000220942149,-0.0009156571398,-0.001246938599,0.0002415075361,-0.001005431063,-0.002488987202,0.0005680530951,-0.001920934106,-0.0005961534883,-0.0001592769079,-0.0007554303962,-0.001964939041,-4.905639824e-06,-0.001969844681,-0.00285607714,0.0003355431222,-0.002520534018,-0.001891383543,-0.0001463230894,-0.002037706633,-0.003270421255,4.930593683e-05,-0.003221115318,-0.002888286638,9.47069106e-05,-0.002793579728
44.3,-0.001245009584,0.00113507443,-0.0001099351548,-0.002286886463,1.963187195e-05,-0.002267254591,-0.002738020913,0.0003563087642,-0.002381712149,-0.0008870557584,-5.668606e-05,-0.0009437418184,0.0005513470765,-0.000581704227,-3.035715051e-05,-0.0005038521827,-0.0002743065139,-0.0007781586966,0.001748602645,-0.0003549317338,0.001393670911,-0.000305650118,-9.243565204e-05,-0.0003980857701,0.00255776198,-0.0005530541106,0.00200470787,0.001238091362,-0.0003052704182,0.0009328209434,0.0005080491665,0.0003515817206,0.0008596308871,-0.002322984138,-0.001086756285,-0.003409740423,-0.0004828979871,-0.0008008362464,-0.001283734233,-0.002705501293,-0.0008703134114,-0.003575814705,-0.001082404032,-0.0007271844503,-0.001809588483,-0.001645088297,0.0003048003732,-0.001340287923,-0.001426972825,-0.0001993259971,-0.001626298822,-0.002148348144,0.0002527941533,-0.001895553991,-0.002544073625,-6.062458546e-05,-0.00260469821,-0.001355286259,0.0001406844693,-0.00121460179,-0.001505147167,0.000187328377,-0.00131781879,-0.004797309627,0.0004366842159,-0.004360625411,-0.002972024951,0.0003549541932,-0.002617070758,-0.004335127372,0.0005392537801,-0.003795873592,-0.003005436348,-0.001412340324,-0.004417776672,-0.000127346175,-0.0003408461109,-0.0004681922859,-0.004380076152,-0.001420362942,-0.005800439094,-0.0006556195458,-0.0002396779201,-0.000895297466,-0.001243002727,0.0002331593559,-0.001009843371,-0.002511513449,0.0005668552535,-0.001944658196,-0.0005890973004,-0.0001604217922,-0.0007495190926,-0.001982996808,-9.785850087e-06,-0.001992782658,-0.002875524318,0.000329101391,-0.002546422927,-0.001933057567,-0.00015218059,-0.002085238157,-0.003298251218,4.284109099e-05,-0.003255410127,-0.002941976185,9.632229876e-05,-0.002845653887
44.4,-0.001301761901,0.001128818409,-0.0001729434927,-0.002325284241,8.311895781e-06,-0.002316972345,-0.002776461996,0.0003464369024,-0.002430025093,-0.0009091206751,-6.530249781e-05,-0.0009744231729,0.0005332833926,-0.0005923811725,-5.909777992e-05,-0.0005416278198,-0.0002783996714,-0.0008200274912,0.001723351895,-0.0003608217947,0.0013625301,-0.000368282693,-9.245087205e-05,-0.0004607335651,0.002507979084,-0.0005661564301,0.001941822654,0.001184089775,-0.000303694312,0.0008803954632,0.0004858783717,0.0003487534835,0.0008346318552,-0.002360955105,-0.001101844749,-0.003462799853,-0.0005369892703,-0.0007879322894,-0.00132492156,-0.002721641826,-0.0008776327333,-0.00359927456,-0.001102744556,-0.0007363931497,-0.001839137706,-0.001672294765,0.0002952090883,-0.001377085677,-0.001456734276,-0.000207999693,-0.001664733969,-0.002171822571,0.0002370836669,-0.001934738904,-0.00258347798,-5.908431619e-05,-0.002642562296,-0.001432029611,0.0001299398052,-0.001302089806,-0.001551597442,0.0001735410539,-0.001378056388,-0.004826174768,0.0004222186433,-0.004403956125,-0.002995205375,0.0003458044018,-0.002649400973,-0.004348286022,0.0005365818415,-0.00381170418,-0.003033637165,-0.00142307788,-0.004456715045,-0.0001240190078,-0.0003451395372,-0.000469158545,-0.004399896286,-0.001426999694,-0.00582689598,-0.0006173437879,-0.0002583328049,-0.0008756765928,-0.001240343408,0.0002249976347,-0.001015345773,-0.002535329081,0.0005655858632,-0.001969743217,-0.0005852314787,-0.0001611234103,-0.000746354889,-0.002003807447,-1.452134149e-05,-0.002018328788,-0.002896761991,0.0003218803496,-0.002574881641,-0.001976729779,-0.0001578683995,-0.002134598179,-0.00332887094,3.675704425e-05,-0.003292113896,-0.002998120348,9.824745595e-05,-0.002899872892
44.5,-0.001358326299,0.001122680851,-0.0002356454476,-0.002364700216,-3.057730633e-06,-0.002367757947,-0.002815426601,0.0003363437094,-0.002479082892,-0.0009327208817,-7.405391076e-05,-0.001006774792,0.0005138213998,-0.000602956042,-8.913464215e-05,-0.0005816925594,-0.0002825178215,-0.0008642103809,0.001695976873,-0.0003666829968,0.001329293876,-0.000432641516,-9.200132499e-05,-0.0005246428409,0.002458449664,-0.0005791681182,0.001879281546,0.001129594518,-0.0003019566346,0.0008276378838,0.0004633755944,0.0003460767786,0.000809452373,-0.00240264164,-0.001117745451,-0.003520387091,-0.0005967695973,-0.000774064365,-0.001370833962,-0.002742326649,-0.0008850640953,-0.003627390745,-0.00112678605,-0.0007465688868,-0.001873354936,-0.001702684228,0.0002849983098,-0.001417685918,-0.001490806329,-0.0002174044996,-0.001708210828,-0.002198663465,0.0002213452899,-0.001977318175,-0.002627271046,-5.736482363e-05,-0.002684635869,-0.001508058074,0.0001196325998,-0.001388425474,-0.001597866963,0.0001599877261,-0.001437879237,-0.00485305133,0.0004075079999,-0.00444554333,-0.003017322035,0.0003363819815,-0.002680940054,-0.004358342075,0.0005341175904,-0.003824224484,-0.003067511809,-0.001432466121,-0.00449997793,-0.0001213713542,-0.0003486178941,-0.0004699892483,-0.004425983588,-0.001433637201,-0.005859620789,-0.0005799210473,-0.000276850099,-0.0008567711463,-0.001238892992,0.0002170541564,-0.001021838835,-0.002560221521,0.0005642205446,-0.001996000976,-0.0005845640449,-0.0001613944348,-0.0007459584797,-0.002027246344,-1.906995564e-05,-0.002046316299,-0.002919589461,0.0003138587231,-0.002605730738,-0.002022159942,-0.0001633357888,-0.002185495731,-0.003362001262,3.107613173e-05,-0.003330925131,-0.003056236577,0.0001003597965,-0.00295587678
44.6,-0.001414275614,0.001116674387,-0.0002976012265,-0.002404737948,-1.44555218e-05,-0.00241919347,-0.002854572426,0.0003260497347,-0.002528522691,-0.0009575827161,-8.292585003e-05,-0.001040508566,0.0004931992431,-0.0006134035384,-0.0001202042953,-0.0006237503283,-0.0002866709149,-0.0009104212432,0.001666705937,-0.000372505206,0.001294200731,-0.0004983896,-9.111490535e-05,-0.0005895045053,0.002409498491,-0.0005920388419,0.001817459649,0.001074901775,-0.0003000784073,0.0007748233673,0.0004407569945,0.0003435341316,0.0007842911261,-0.002447862611,-0.001134322974,-0.003582185585,-0.0006617629263,-0.0007594741219,-0.001421237048,-0.002767380544,-0.0008925727293,-0.003659953273,-0.001154399587,-0.0007576306292,-0.001912030216,-0.001736114133,0.0002742167167,-0.001461897416,-0.001529176348,-0.0002273920464,-0.001756568394,-0.002228644358,0.0002056196017,-0.002023024757,-0.002675157545,-5.552009814e-05,-0.002730677643,-0.001582844534,0.0001097936298,-0.001473050904,-0.001643516706,0.0001467058738,-0.001496810832,-0.004877553023,0.0003925697079,-0.004484983315,-0.003038154044,0.0003266833135,-0.002711470731,-0.004365251276,0.000531838354,-0.003833412922,-0.003106732755,-0.00144048784,-0.004547220595,-0.0001192896183,-0.000351305048,-0.0004705946663,-0.004458142543,-0.001440237919,-0.005898380462,-0.000543413931,-0.0002951719096,-0.0008385858406,-0.00123858673,0.0002093507825,-0.001029235948,-0.002585971842,0.0005627310258,-0.002023240816,-0.0005870985007,-0.0001612548873,-0.000748353388,-0.002053181707,-2.339157826e-05,-0.002076573285,-0.002943795281,0.0003050087539,-0.002638786527,-0.002069104869,-0.0001685356302,-0.002237640499,-0.003397347176,2.580297202e-05,-0.003371544204,-0.003115833666,0.0001025416475,-0.003013292019
44.7,-0.001469180912,0.001110811054,-0.0003583698579,-0.00244499048,-2.586418082e-05,-0.002470854661,-0.002893550664,0.0003155774971,-0.002577973167,-0.0009834148141,-9.190382298e-05,-0.001075318637,0.0004716529164,-0.0006236976593,-0.0001520447429,-0.0006674931005,-0.0002908680273,-0.0009583611278,0.001635769086,-0.00037827762,0.001257491466,-0.0005651746966,-8.982104159e-05,-0.0006549957382,0.002361433341,-0.0006047175581,0.001756715783,0.001020301826,-0.0002980808039,0.0007222210226,0.0004182400099,0.0003411053056,0.0007593453154,-0.002496431249,-0.001151432411,-0.00364786366,-0.0007314794898,-0.0007444083269,-0.001475887817,-0.002796607202,-0.0009001203041,-0.003696727506,-0.001185442533,-0.0007694832278,-0.001954925761,-0.001772438743,0.0002629234645,-0.001509515279,-0.001571820046,-0.0002378142591,-0.001809634305,-0.002261537427,0.000189953797,-0.00207158363,-0.002726819881,-5.360995787e-05,-0.002780429839,-0.00165586796,0.0001004493101,-0.00155541865,-0.001688115644,0.000133727082,-0.001554388562,-0.004899310909,0.0003774215128,-0.004521889396,-0.003057481256,0.0003167070982,-0.002740774157,-0.004368992766,0.0005297185378,-0.003839274229,-0.003150927537,-0.001447152106,-0.004598079643,-0.000117660767,-0.0003532344656,-0.0004708952326,-0.00449613723,-0.001446769639,-0.005942906869,-0.0005079114984,-0.0003132397274,-0.0008211512258,-0.001239362517,0.0002018990027,-0.001037463514,-0.00261235609,0.0005610863357,-0.002051269754,-0.0005928319532,-0.000160732527,-0.0007535644802,-0.002081473619,-2.744968525e-05,-0.002108923305,-0.002969159574,0.0002952985257,-0.002673861048,-0.002117317721,-0.0001734274299,-0.002290745151,-0.003434600663,2.092503718e-05,-0.003413675625,-0.0031764163,0.0001046828143,-0.003071733485
44.8,-0.00152261557,0.001105102784,-0.000417512786,-0.002485046332,-3.726980056e-05,-0.002522316132,-0.002932009674,0.0003049514926,-0.002627058182,-0.001009911931,-0.0001009732553,-0.001110885187,0.0004494141764,-0.0006338117849,-0.0001843976085,-0.0007126041984,-0.0002951170711,-0.001007721269,0.001603396073,-0.0003839889974,0.001219407076,-0.0006326325761,-8.815052745e-05,-0.0007207831036,0.002314542292,-0.0006171533829,0.001697388909,0.0009660773935,-0.0002959849824,0.0006700924111,0.0003960420864,0.0003387673649,0.0007348094514,-0.002548156184,-0.001168919816,-0.003717076001,-0.000805421225,-0.0007291179311,-0.001534539156,-0.002829791494,-0.0009076653082,-0.003737456802,-0.001219759848,-0.0007820198106,-0.002001779659,-0.001811508495,0.0002511864051,-0.001560322089,-0.001618698562,-0.0002485286177,-0.00186722718,-0.002297115038,0.0001744014666,-0.002122713572,-0.00278192002,-5.169890959e-05,-0.00283361893,-0.00172661916,9.162150327e-05,-0.001634997657,-0.001731246396,0.0001210771725,-0.001610169224,-0.004917979106,0.0003620816552,-0.004555897451,-0.003075088445,0.0003064545655,-0.002768633879,-0.004369569395,0.0005277305568,-0.003841838838,-0.003199686762,-0.001452492462,-0.004652179224,-0.0001163723623,-0.0003544492091,-0.0004708215713,-0.004539691603,-0.001453206901,-0.005992898504,-0.0004735275313,-0.000330995276,-0.0008045228073,-0.001241163011,0.0001946995962,-0.001046463414,-0.002639149461,0.0005592539029,-0.002079895558,-0.0006017549687,-0.0001598628169,-0.0007616177856,-0.002111974828,-3.121275798e-05,-0.002143187586,-0.002995456062,0.0002846938626,-0.002710762199,-0.002166548245,-0.0001779804407,-0.002344528686,-0.00347344556,1.641398493e-05,-0.003457031575,-0.003237493023,0.0001066829956,-0.003130810028
44.9,-0.001574160076,0.001099561696,-0.0004745983808,-0.002524496443,-4.866101189e-05,-0.002573157455,-0.002969599732,0.0002941981604,-0.002675401571,-0.001036759854,-0.0001101194558,-0.00114687931,0.0004267062615,-0.0006437188247,-0.0002170125632,-0.0007587625775,-0.0002994245157,-0.001058187093,0.001569812172,-0.0003896278724,0.001180184299,-0.0007003912601,-8.613530274e-05,-0.0007865265629,0.002269088124,-0.0006292964019,0.001639791722,0.0009124990857,-0.000293811831,0.0006186872547,0.0003743763584,0.0003364948827,0.0007108712411,-0.002602841834,-0.001186624722,-0.003789466557,-0.0008830871112,-0.0007138573595,-0.001596944471,-0.002866702952,-0.0009151635284,-0.00378186648,-0.001257186924,-0.0007951246499,-0.002052311574,-0.001853170212,0.000239079731,-0.001614090481,-0.001669758157,-0.0002594023086,-0.001929160466,-0.002335153435,0.0001590220227,-0.002176131412,-0.002840104564,-4.985454757e-05,-0.002889959112,-0.001794607055,8.332755801e-05,-0.001711279497,-0.00177251132,0.0001087765887,-0.001663734732,-0.004933241336,0.0003465691003,-0.004586672235,-0.003090771283,0.0002959295985,-0.002794841685,-0.004367009024,0.0005258457633,-0.003841163261,-0.003252573476,-0.00145656416,-0.004709137636,-0.0001153152529,-0.0003550014475,-0.0004703167004,-0.004588493186,-0.001459531287,-0.006048024474,-0.0004404007974,-0.0003483811923,-0.0007887819897,-0.001243940033,0.0001877427076,-0.001056197325,-0.002666132954,0.0005572003898,-0.002108932565,-0.0006138536036,-0.0001586884052,-0.0007725420088,-0.002144533721,-3.465525096e-05,-0.002179188972,-0.003022455059,0.0002731603299,-0.002749294729,-0.00221654509,-0.0001821759676,-0.002398721057,-0.003513564363,1.222736363e-05,-0.003501336999,-0.003298587272,0.0001084540689,-0.003190133203
45.0,-0.001623407642,0.001094200247,-0.0005292073948,-0.002562941948,-6.002810614e-05,-0.002622970054,-0.003005978738,0.0002833458696,-0.002722632868,-0.001063641331,-0.0001193275203,-0.001182968851,0.0004037378502,-0.000653391362,-0.0002496535118,-0.0008056480205,-0.0003037950848,-0.001109443105,0.001535232265,-0.0003951827147,0.001140049551,-0.0007680760936,-8.380805994e-05,-0.0008518841535,0.002225300938,-0.0006410983914,0.001584202547,0.0008598190306,-0.0002915816153,0.0005682374153,0.0003534451747,0.0003342602782,0.0006877054529,-0.002660288368,-0.001204384677,-0.003864673045,-0.0009639790684,-0.0006988831142,-0.001662862183,-0.002907100417,-0.0009225685687,-0.003829668985,-0.00129755382,-0.0008086766491,-0.002106230469,-0.001897268642,0.0002266813996,-0.001670587242,-0.001724932263,-0.0002703149066,-0.00199524717,-0.002375438303,0.0001438798682,-0.002231558434,-0.002901012807,-4.814574796e-05,-0.002949158554,-0.00185936522,7.558045141e-05,-0.001783784768,-0.001811538798,9.684088912e-05,-0.001714697909,-0.004944817842,0.0003309037556,-0.004613914086,-0.00310434345,0.0002851388418,-0.002819204608,-0.004361366565,0.0005240353233,-0.003837331242,-0.003309133201,-0.001459440984,-0.004768574185,-0.0001143887646,-0.0003549512969,-0.0004693400615,-0.004642200827,-0.001465730481,-0.006107931308,-0.0004086969967,-0.0003653410469,-0.0007740380436,-0.001247660343,0.0001810085646,-0.001066651778,-0.00269310156,0.0005548924813,-0.002138209079,-0.0006291131481,-0.0001572582403,-0.0007863713883,-0.002178999079,-3.775799501e-05,-0.002216757074,-0.003049929087,0.0002606662408,-0.002789262846,-0.002267060328,-0.0001860084757,-0.002453068804,-0.003554646344,8.310584201e-06,-0.00354633576,-0.003359249776,0.0001099218696,-0.003249327906
45.1,-0.001669970396,0.001089031325,-0.0005809390716,-0.002600002302,-7.136211267e-05,-0.002671364414,-0.003040818482,0.0002724249618,-0.00276839352,-0.001090242701,-0.0001285821601,-0.001218824861,0.0003806962839,-0.0006628017626,-0.0002821054787,-0.000852946861,-0.0003082314539,-0.001161178315,0.001499854449,-0.0004006420487,0.0010992124,-0.0008353154005,-8.120167352e-05,-0.000916517074,0.00218337063,-0.0006525134908,0.00153085714,0.0008082642326,-0.0002893135828,0.0005189506498,0.0003334329295,0.0003320342207,0.0006654671501,-0.002720291733,-0.001222040946,-0.003942332679,-0.001047609192,-0.0006844511572,-0.001732060349,-0.002950737184,-0.0009298325842,-0.003880569768,-0.001340690151,-0.0008225534736,-0.002163243624,-0.001943649348,0.0002140708254,-0.001729578522,-0.001784144348,-0.0002811596702,-0.002065304018,-0.002417771272,0.0001290434333,-0.002288727839,-0.002964286361,-4.664115663e-05,-0.003010927518,-0.001920458379,6.838903836e-05,-0.00185206934,-0.0018479893,8.528132352e-05,-0.001762707977,-0.004952472031,0.0003151067406,-0.00463736529,-0.00311564393,0.0002740918546,-0.002841552075,-0.004352726242,0.0005222710343,-0.003830455207,-0.003368904147,-0.001461211802,-0.004830115948,-0.0001135075274,-0.0003543648874,-0.0004678724148,-0.004700455561,-0.001471796211,-0.006172251773,-0.0003786112908,-0.0003818186198,-0.0007604299106,-0.001252311394,0.0001744688568,-0.001077842537,-0.002719872681,0.0005522980636,-0.002167574617,-0.000647522686,-0.0001556263923,-0.0008031490784,-0.002215225624,-4.050814776e-05,-0.002255733772,-0.003077660756,0.0002471861666,-0.00283047459,-0.002317855484,-0.0001894855552,-0.002507341039,-0.003596396115,4.599311984e-06,-0.003591796803,-0.003419071084,0.0001110275068,-0.003308043577
45.2,-0.001713485658,0.001084068254,-0.0006294174037,-0.002635323079,-8.26538244e-05,-0.002717976904,-0.003073810841,0.0002614677887,-0.002812343053,-0.001116260659,-0.0001378675304,-0.001254128189,0.0003577414376,-0.0006719222882,-0.0003141808506,-0.0009003576709,-0.0003127339753,-0.001213091646,0.001463854578,-0.000405994562,0.001057860016,-0.0009017462977,-7.834859314e-05,-0.0009800948908,0.002143440995,-0.000663498833,0.001479942162,0.0007580313622,-0.0002870255419,0.0004710058203,0.0003144998796,0.0003297860838,0.0006442859633,-0.002782644047,-0.001239443943,-0.004022087991,-0.001133508021,-0.000670813235,-0.001804321256,-0.002997365509,-0.0009369074185,-0.003934272928,-0.001386429793,-0.0008366357736,-0.002223065567,-0.001992162411,0.0002013270849,-0.001790835326,-0.001847309607,-0.0002918442354,-0.002139153842,-0.00246197595,0.0001145840856,-0.002347391865,-0.003029578347,-4.540840946e-05,-0.003074986757,-0.001977488527,6.175849946e-05,-0.001915730027,-0.001881560765,7.410555399e-05,-0.001807455211,-0.004956016175,0.0002992008711,-0.004656815304,-0.003124543378,0.0002628013133,-0.002861742065,-0.004341203447,0.0005205260282,-0.003820677419,-0.00343142712,-0.001461976853,-0.004893403972,-0.0001126085325,-0.0003533117183,-0.0004659202509,-0.004762892709,-0.001477721294,-0.006240614002,-0.0003503698558,-0.0003977568472,-0.000748126703,-0.001257905306,0.0001680885878,-0.001089816718,-0.002746293134,0.0005493879654,-0.002196905168,-0.0006690793303,-0.0001538505704,-0.0008229299008,-0.002253079087,-4.289888413e-05,-0.002295977971,-0.003105450771,0.0002327037289,-0.002872747042,-0.002368707999,-0.0001926269564,-0.002561334955,-0.003638541454,1.022265227e-06,-0.003637519189,-0.00347769308,0.000111728417,-0.003365964663
45.3,-0.001753621611,0.001079324648,-0.0006742969627,-0.002668582617,-9.389281852e-05,-0.002762475436,-0.003104673238,0.0002505086467,-0.002854164591,-0.001141408502,-0.0001471671491,-0.001288575651,0.0003350016681,-0.0006807252701,-0.000345723602,-0.000947596291,-0.0003173004215,-0.001264896712,0.001427383106,-0.0004112292057,0.001016153901,-0.0009670201291,-7.528037923e-05,-0.001042300508,0.002105606961,-0.0006740151098,0.001431591851,0.0007092843492,-0.0002847333886,0.0004245509606,0.0002967783832,0.0003274844727,0.0006242628559,-0.002847134364,-0.001256457092,-0.004103591456,-0.001221232128,-0.0006582126216,-0.00187944475,-0.003046739383,-0.000943746133,-0.003990485516,-0.001434614708,-0.0008508108603,-0.002285425568,-0.002042665904,0.0001885276025,-0.001854138302,-0.001914334207,-0.0003022916161,-0.002216625823,-0.002507901924,0.0001005749635,-0.00240732696,-0.003096560318,-4.451407317e-05,-0.003141074391,-0.002030100236,5.569095818e-05,-0.001974409278,-0.001911992758,6.331849181e-05,-0.001848674266,-0.004955315467,0.0002832113737,-0.004672104093,-0.003130948635,0.0002512831897,-0.002879665445,-0.004326945532,0.0005187752719,-0.003808170261,-0.003496254326,-0.001461844051,-0.004958098377,-0.0001116568013,-0.0003518614877,-0.0004635182889,-0.004829153289,-0.001483495966,-0.006312649255,-0.0003242286064,-0.0004130971502,-0.0007373257567,-0.001264479577,0.0001618281146,-0.001102651463,-0.002772243115,0.0005461379664,-0.002226105149,-0.0006937908411,-0.0001519904654,-0.0008457813065,-0.002292439491,-4.492905888e-05,-0.00233736855,-0.003133124512,0.0002172135507,-0.002915910962,-0.002419416779,-0.00019546311,-0.002614879889,-0.003680839042,-2.495919511e-06,-0.003683334962,-0.003534818021,0.0001119989774,-0.003422819043
45.4,-0.001790081898,0.001074814069,-0.0007152678293,-0.002699496867,-0.0001050665441,-0.002804563411,-0.003133152917,0.0002395835559,-0.002893569361,-0.00116542137,-0.0001564639101,-0.00132188528,0.0003125726886,-0.0006891833568,-0.0003766106683,-0.0009943997477,-0.0003219257435,-0.001316325491,0.001390564794,-0.0004163352763,0.0009742295175,-0.001030807154,-7.202746527e-05,-0.00110283462,0.002069915205,-0.0006840271306,0.001385888074,0.0006621550552,-0.0002824506132,0.000379704442,0.0002803719185,0.0003250978048,0.0006054697234,-0.002913549642,-0.001272958775,-0.004186508417,-0.001310369538,-0.0006468793531,-0.001957248891,-0.003098615508,-0.0009503046233,-0.004048920132,-0.00148509755,-0.0008649755267,-0.002350073077,-0.00209502824,0.0001757472702,-0.00191928097,-0.001985112444,-0.0003124412371,-0.002297553681,-0.002555425694,8.708989206e-05,-0.002468335802,-0.003164926006,-4.402377118e-05,-0.003208949777,-0.002077984797,5.018606938e-05,-0.002027798728,-0.001939069122,5.292307267e-05,-0.00188614605,-0.004950290068,0.000267166608,-0.004683123461,-0.003134805196,0.0002395568124,-0.002895248384,-0.00431013128,0.0005169958701,-0.00379313541,-0.003562956183,-0.001460925688,-0.005023881871,-0.000110648455,-0.0003500807094,-0.0004607291643,-0.004898893227,-0.001489103992,-0.006387997219,-0.0003004678519,-0.0004277796677,-0.0007282475197,-0.001272094334,0.0001556450536,-0.001116449281,-0.002797636686,0.0005425305901,-0.002255106096,-0.0007216758851,-0.0001501061857,-0.0008717820709,-0.002333201935,-4.660311757e-05,-0.002379805052,-0.003160536922,0.0002007232779,-0.002959813644,-0.002469805513,-0.0001980336562,-0.002667839169,-0.003723077606,-6.031998441e-06,-0.003729109605,-0.003590214026,0.0001118305714,-0.003478383454
45.5,-0.001822609154,0.001070549657,-0.000752059497,-0.002727822423,-0.0001161595126,-0.002843981935,-0.003159030127,0.0002287299042,-0.002930300222,-0.001188060422,-0.0001657401298,-0.001353800552,0.0002905189518,-0.0006972698099,-0.0004067508582,-0.00104052902,-0.0003266018829,-0.001367130903,0.001353500489,-0.0004213024993,0.0009321979895,-0.001092800506,-6.861911316e-05,-0.001161419619,0.002036366846,-0.0006935044784,0.001342862368,0.0006167457653,-0.0002801879124,0.0003365578529,0.000265355763,0.0003225948624,0.0005879506254,-0.002981675944,-0.001288842797,-0.004270518741,-0.001400543097,-0.0006370247818,-0.002037567878,-0.003152753582,-0.0009565429229,-0.004109296505,-0.001537743315,-0.0008790381291,-0.002416781444,-0.002149129267,0.0001630580117,-0.001986071255,-0.002059523653,-0.0003222486858,-0.002381772339,-0.002604448791,7.420245405e-05,-0.002530246337,-0.003234392392,-4.400178733e-05,-0.003278394179,-0.002120883279,4.524143115e-05,-0.002075641848,-0.001962619418,4.292083592e-05,-0.001919698582,-0.004940915497,0.0002510985272,-0.00468981697,-0.003136098376,0.0002276447792,-0.002908453596,-0.004290969417,0.0005151672923,-0.003775802125,-0.003631125874,-0.001459335694,-0.005090461568,-0.0001096110558,-0.0003480295785,-0.0004576406343,-0.004971789569,-0.001494519308,-0.006466308878,-0.0002793836568,-0.0004417442965,-0.0007211279532,-0.001280827641,0.0001494958079,-0.001131331833,-0.002822420067,0.0005385563706,-0.002283863697,-0.0007527624203,-0.0001482569254,-0.0009010193457,-0.002375275292,-4.793139515e-05,-0.002423206688,-0.003187575665,0.0001832558353,-0.003004319829,-0.002519723396,-0.0002003862347,-0.002720109631,-0.003765079344,-9.661550001e-06,-0.003774740894,-0.00364371716,0.0001112315117,-0.003532485648
45.6,-0.001850987899,0.001066543873,-0.0007844440251,-0.002753358329,-0.0001271526077,-0.002880510937,-0.003182120745,0.0002179859791,-0.002964134765,-0.00120911629,-0.000174977595,-0.001384093885,0.0002688760068,-0.0007049588401,-0.0004360828333,-0.001085771051,-0.0003313176998,-0.001417088751,0.001316269258,-0.0004261211464,0.0008901481116,-0.001152719693,-6.508346526e-05,-0.001217803158,0.002004920252,-0.0007024222587,0.001302497994,0.0005731314893,-0.0002779530021,0.0002951784872,0.0002517775513,0.0003199452647,0.000571722816,-0.003051300271,-0.00130401774,-0.004355318011,-0.001491412885,-0.0006288357445,-0.002120248629,-0.003208917244,-0.0009624260293,-0.004171343273,-0.001592430645,-0.0008929203292,-0.002485350974,-0.002204860781,0.0001505287187,-0.002054332063,-0.00213743062,-0.0003316832961,-0.002469113916,-0.002654894613,6.198505836e-05,-0.002592909554,-0.003304699601,-4.450982012e-05,-0.003349209421,-0.002158588962,4.085289211e-05,-0.002117736069,-0.001982519903,3.331236561e-05,-0.001949207537,-0.004927222212,0.0002350427933,-0.004692179419,-0.003134854117,0.0002155727643,-0.002919281353,-0.00426969681,0.0005132716485,-0.003756425161,-0.003700382483,-0.001457187214,-0.005157569697,-0.0001086022465,-0.0003457595225,-0.0004543617691,-0.00504754419,-0.001499703848,-0.006547248038,-0.0002612784586,-0.0004549319715,-0.0007162104301,-0.001290771105,0.000143336763,-0.001147434342,-0.00284656966,0.0005342145396,-0.00231235512,-0.0007870854886,-0.0001464997838,-0.0009335852724,-0.002418580153,-4.893068474e-05,-0.002467510838,-0.003214162542,0.0001648508629,-0.003049311679,-0.002569044151,-0.0002025754141,-0.002771619565,-0.003806700962,-1.34565344e-05,-0.003820157496,-0.003695231011,0.0001102270168,-0.003585003994
45.7,-0.001875047224,0.001062808368,-0.0008122388554,-0.002775947417,-0.0001380225659,-0.002913969983,-0.003202278892,0.0002073903967,-0.002994888495,-0.001228412249,-0.0001841576449,-0.001412569894,0.0002476522992,-0.000712225992,-0.0004645736928,-0.001129940495,-0.0003360590351,-0.00146599953,0.001278929424,-0.0004307821962,0.0008481472282,-0.001210313901,-6.144756885e-05,-0.00127176147,0.001975492716,-0.0007107617753,0.001264730941,0.0005313606869,-0.0002757505829,0.000255610104,0.0002396565336,0.0003171199089,0.0005567764425,-0.003122213201,-0.001318405431,-0.004440618633,-0.001582678497,-0.000622469081,-0.002205147578,-0.003266876374,-0.0009679243175,-0.004234800691,-0.00164905356,-0.000906558536,-0.002555612096,-0.002262127301,0.000138225408,-0.002123901893,-0.002218680393,-0.0003407236133,-0.002559404006,-0.002706705776,5.050786661e-05,-0.002656197909,-0.003375610924,-4.560517736e-05,-0.003421216101,-0.002190949547,3.701492647e-05,-0.002153934621,-0.001998694659,2.409774104e-05,-0.001974596918,-0.004909295157,0.0002190386302,-0.004690256526,-0.003131139945,0.0002033692705,-0.002927770675,-0.004246576757,0.0005112940101,-0.003735282747,-0.00377037395,-0.001454590073,-0.005224964024,-0.0001077080735,-0.0003433115929,-0.0004510196664,-0.005125886042,-0.001504606948,-0.00663049299,-0.0002464532182,-0.0004672857634,-0.0007137389815,-0.001302027236,0.0001371254393,-0.001164901797,-0.002870090956,0.0005295132063,-0.00234057775,-0.0008246854301,-0.000144888695,-0.0009695741251,-0.00246304719,-4.962481406e-05,-0.002512672004,-0.003240253911,0.0001455647147,-0.003094689197,-0.002617664597,-0.0002046616218,-0.002822326219,-0.003847834931,-1.748325571e-05,-0.003865318186,-0.003744724282,0.0001088585685,-0.003635865714
45.8,-0.001894663391,0.001059353896,-0.0008353094943,-0.002795477609,-0.000148741704,-0.002944219313,-0.003219399684,0.0001969814515,-0.003022418233,-0.001245807266,-0.0001932613033,-0.001439068569,0.0002268298214,-0.000719048554,-0.0004922187326,-0.001172881486,-0.0003408088514,-0.001513690337,0.001241518176,-0.000435277492,0.000806240684,-0.001265365132,-5.773725105e-05,-0.001323102383,0.001947961052,-0.0007185109253,0.001229450127,0.0004914543043,-0.0002735823292,0.0002178719751,0.0002289814984,0.0003140914794,0.0005430729778,-0.003194212099,-0.001331938854,-0.004526150953,-0.001674081349,-0.0006180470901,-0.002292128439,-0.003326410639,-0.0009730136066,-0.004299424245,-0.001707524237,-0.0009199043798,-0.002627428617,-0.00232084755,0.0001262114809,-0.002194636069,-0.002303107612,-0.000349351417,-0.002652459029,-0.002759842912,3.983772229e-05,-0.00272000519,-0.00344691336,-4.73390038e-05,-0.003494252364,-0.002217869197,3.372112164e-05,-0.002184148075,-0.002011116962,1.527702559e-05,-0.001995839936,-0.00488727342,0.0002031285097,-0.004684144911,-0.003125065883,0.0001910653476,-0.002934000535,-0.004221897349,0.0005092226688,-0.003712674681,-0.003840780642,-0.001451647867,-0.005292428509,-0.0001070417756,-0.0003407155878,-0.0004477573634,-0.005206572548,-0.001509166657,-0.006715739205,-0.0002352015733,-0.0004787519362,-0.0007139535095,-0.001314708632,0.0001308218318,-0.0011838868,-0.002893018321,0.000524469115,-0.002368549206,-0.0008656067576,-0.0001434735629,-0.00100908032,-0.002508616565,-5.00449151e-05,-0.00255866148,-0.003265841566,0.0001254698779,-0.003140371688,-0.002665503501,-0.0002067101148,-0.002872213616,-0.00388841061,-2.180107198e-05,-0.003910211682,-0.003792226614,0.0001071819086,-0.003685044706
45.9,-0.001909762117,0.00105619023,-0.0008535718868,-0.002811883216,-0.000159277923,-0.002971161139,-0.003233421907,0.0001867964594,-0.003046625448,-0.001261198833,-0.000202269412,-0.001463468245,0.0002063640175,-0.0007254059249,-0.0005190419074,-0.001214469347,-0.0003455473752,-0.001560016722,0.001204050406,-0.0004395998355,0.0007644505703,-0.001317691034,-5.397679088e-05,-0.001371667825,0.001922162109,-0.0007256642346,0.001196497874,0.0004534040648,-0.0002714468345,0.0001819572303,0.0002197082537,0.0003108350672,0.0005305433209,-0.003267104678,-0.001344559778,-0.004611664456,-0.001765406709,-0.0006156541369,-0.002381060846,-0.003387313491,-0.0009776750498,-0.00436498854,-0.001767776694,-0.0009329236144,-0.002700700309,-0.002380956456,0.0001145479836,-0.002266408473,-0.002390539107,-0.0003575456494,-0.002748084757,-0.002814284763,3.003738536e-05,-0.002784247378,-0.003518418616,-4.975489844e-05,-0.003568173515,-0.00223931012,3.096465741e-05,-0.002208345463,-0.002019810521,6.850676708e-06,-0.002012959845,-0.00486134972,0.0001873577194,-0.004673992001,-0.003116784779,0.0001786943147,-0.002938090464,-0.004195969554,0.0005070492379,-0.003688920317,-0.003911319409,-0.001448454836,-0.005359774245,-0.0001067429126,-0.0003379897446,-0.0004447326573,-0.005289390013,-0.001513313157,-0.00680270317,-0.0002278049549,-0.0004892813892,-0.0007170863441,-0.001328937952,0.000124389944,-0.001204548008,-0.002915414821,0.0005191071019,-0.002396307719,-0.0009098973153,-0.0001422996928,-0.001052197008,-0.002555238361,-5.022913495e-05,-0.002605467496,-0.003290954938,0.0001046549873,-0.003186299951,-0.002712500799,-0.0002087900487,-0.002921290848,-0.003928394473,-2.646207088e-05,-0.003954856543,-0.003837823402,0.0001052639528,-0.00373255945
46.0,-0.001920320107,0.001053326081,-0.0008669940251,-0.002825145881,-0.0001695949697,-0.002994740851,-0.003244330127,0.0001768711681,-0.003067458959,-0.001274525259,-0.0002111627069,-0.001485687965,0.0001861839646,-0.00073127988,-0.0005450959153,-0.001254611915,-0.0003502522133,-0.001604864129,0.001166517988,-0.0004437429948,0.0007227749933,-0.001367147179,-5.01884621e-05,-0.001417335641,0.001897894694,-0.0007322225968,0.001165672097,0.0004171715198,-0.0002693395588,0.0001478319609,0.0002117581011,0.0003073288427,0.0005190869438,-0.003340712598,-0.001356216272,-0.00469692887,-0.001856484626,-0.0006153344842,-0.00247181911,-0.003449395378,-0.0009818952478,-0.004431290626,-0.001829769953,-0.0009455937782,-0.002775363731,-0.00244240695,0.0001032938045,-0.002339113145,-0.002480797286,-0.0003652779864,-0.002846075272,-0.002870028562,2.116520838e-05,-0.002848863354,-0.003589964374,-5.288785587e-05,-0.00364285223,-0.002255293332,2.873866781e-05,-0.002226554664,-0.002024850031,-1.180205375e-06,-0.002026030236,-0.004831769067,0.0001717738712,-0.004659995196,-0.003106491315,0.0001662915688,-0.002940199746,-0.004169124571,0.0005047685851,-0.003664355986,-0.003981747532,-0.00144509273,-0.005426840263,-0.000106976047,-0.0003351408312,-0.0004421168782,-0.005374152929,-0.001516973817,-0.006891126746,-0.0002245273373,-0.0004988315134,-0.0007233588508,-0.00134484703,0.0001177993026,-0.001227047727,-0.002937370973,0.0005134594768,-0.002423911496,-0.0009576070216,-0.0001414074589,-0.00109901448,-0.002602873424,-5.022177543e-05,-0.002653095199,-0.003315664042,8.322555191e-05,-0.00323243849,-0.002758616836,-0.0002109735965,-0.002969590432,-0.003967788746,-3.151153349e-05,-0.003999300279,-0.003881650377,0.0001031794477,-0.003778470929
46.1,-0.001926365296,0.001050769035,-0.0008755962618,-0.002835294565,-0.0001796529328,-0.003014947498,-0.003252155588,0.0001672392464,-0.003084916342,-0.001285766923,-0.0002199218575,-0.00150568878,0.0001661940622,-0.0007366547464,-0.0005704606842,-0.001293249919,-0.0003548984989,-0.001648148417,0.001128890797,-0.0004477016524,0.000681189145,-0.001413628427,-4.639210578e-05,-0.001460020533,0.001874924304,-0.0007381928319,0.001136731472,0.000382689369,-0.0002672528432,0.0001154365258,0.0002050187715,0.0003035547043,0.0005085734758,-0.003414874143,-0.001366860277,-0.00478173442,-0.001947188891,-0.0006170914753,-0.002564280366,-0.003512485051,-0.0009856668563,-0.004498151907,-0.001893488893,-0.0009579014983,-0.002851390392,-0.002505170601,9.250580325e-05,-0.002412664798,-0.002573700284,-0.0003725111996,-0.002946211483,-0.002927089227,1.327510783e-05,-0.002913814119,-0.003661414942,-5.676342794e-05,-0.00371817837,-0.00226589824,2.703651392e-05,-0.002238861726,-0.002026360446,-8.813714292e-06,-0.00203517416,-0.004798825945,0.0001564264479,-0.004642399497,-0.003094419059,0.0001538945096,-0.002940524549,-0.004141710011,0.0005023786708,-0.00363933134,-0.004051865645,-0.001441627809,-0.005493493453,-0.0001079279244,-0.0003321644704,-0.0004400923947,-0.005460702122,-0.001520078742,-0.006980780864,-0.0002256089207,-0.0005073679055,-0.0007329768261,-0.001362573504,0.0001110261206,-0.001251547384,-0.002959001438,0.0005075655968,-0.002451435841,-0.001008785456,-0.00014083201,-0.001149617466,-0.002651493491,-5.007202829e-05,-0.00270156552,-0.003340081302,6.130453326e-05,-0.003278776769,-0.002803831077,-0.0002133350103,-0.003017166088,-0.004006628168,-3.6988541e-05,-0.004043616709,-0.00392388757,0.0001010077716,-0.003822879798
46.2,-0.001927975422,0.001048525464,-0.0008794499581,-0.002842404008,-0.0001894089523,-0.00303181296,-0.003256975391,0.0001579317997,-0.003099043591,-0.00129494606,-0.0002285275602,-0.00152347362,0.0001462780392,-0.0007415175626,-0.0005952395234,-0.001330356011,-0.000359459122,-0.001689815132,0.001091120181,-0.0004514713353,0.000639648846,-0.001457069179,-4.260483637e-05,-0.001499674015,0.001852991027,-0.0007435871479,0.001109403879,0.000349865676,-0.0002651760093,8.468966674e-05,0.0001993484517,0.0002994988751,0.0004988473268,-0.003489444939,-0.001376445304,-0.004865890243,-0.002037433603,-0.0006208881632,-0.002658321766,-0.00357642874,-0.0009889893587,-0.004565418098,-0.001958941896,-0.0009698399335,-0.002928781829,-0.002569236268,8.22388026e-05,-0.002486997466,-0.002669058688,-0.000379200215,-0.003048258903,-0.002985496107,6.416542951e-06,-0.002979079564,-0.003732659808,-6.139734929e-05,-0.003794057157,-0.002271260881,2.585202574e-05,-0.002245408855,-0.002024514614,-1.604694702e-05,-0.002040561561,-0.004762859636,0.0001413664381,-0.004621493198,-0.003080835492,0.000141542464,-0.002939293028,-0.00411408478,0.0004998803692,-0.003614204411,-0.004121518576,-0.001438108388,-0.005559626965,-0.0001098023315,-0.0003290457079,-0.0004388480394,-0.005548901477,-0.001522565894,-0.007071467371,-0.00023125884,-0.0005148653789,-0.000746124219,-0.00138225447,0.0001040538294,-0.00127820064,-0.002980439336,0.0005014716026,-0.002478967733,-0.001063477934,-0.0001406027643,-0.001204080699,-0.002701079818,-4.983242481e-05,-0.002750912242,-0.003364360486,3.903175893e-05,-0.003325328727,-0.00284813991,-0.0002159493569,-0.003064089267,-0.004044974905,-4.292604002e-05,-0.004087900945,-0.003964751703,9.883006954e-05,-0.003865921634
46.3,-0.001925274891,0.001046600379,-0.0008786745113,-0.002846591552,-0.0001988181014,-0.003045409653,-0.003258909936,0.0001489768924,-0.003109933043,-0.001302125046,-0.0002369607377,-0.001539085783,0.0001263049208,-0.0007458582815,-0.0006195533607,-0.001365932523,-0.0003639050242,-0.001729837547,0.001053144227,-0.0004550483404,0.0005980958863,-0.00149744261,-3.884084173e-05,-0.001536283452,0.001831819202,-0.0007484225682,0.001083396634,0.0003185899155,-0.0002630955408,5.549437471e-05,0.0001945819069,0.0002951524381,0.000489734345,-0.00356429679,-0.001384924122,-0.004949220912,-0.002127168044,-0.0006266490727,-0.002753817116,-0.003641088265,-0.000991869254,-0.004632957519,-0.002026155819,-0.0009814063476,-0.003007562167,-0.002634606516,7.254530133e-05,-0.002562061215,-0.002766669921,-0.0003852948902,-0.003151964811,-0.003045287201,6.342510874e-07,-0.003044652949,-0.003803609202,-6.679602967e-05,-0.003870405231,-0.00227157089,2.517964455e-05,-0.002246391245,-0.002019529382,-2.287581949e-05,-0.002042405201,-0.004724248037,0.0001266459805,-0.004597602057,-0.003066035775,0.0001292764304,-0.002936759344,-0.004086613095,0.000497277306,-0.003589335789,-0.004190593431,-0.00143456371,-0.005625157141,-0.0001128127262,-0.0003257600854,-0.0004385728117,-0.005638633038,-0.001524385514,-0.007163018552,-0.0002416476816,-0.0005213083187,-0.0007629560004,-0.001404018421,9.687285669e-05,-0.001307145565,-0.003001829003,0.0004952298768,-0.002506599126,-0.001121720509,-0.0001407425717,-0.001262463081,-0.002751620523,-4.955702328e-05,-0.002801177547,-0.003388692316,1.65617752e-05,-0.003372130541,-0.002891553875,-0.0002188905497,-0.003110444425,-0.004082912381,-4.935003762e-05,-0.004132262419,-0.004004486822,9.672690809e-05,-0.003907759914
46.4,-0.001918430545,0.001044997229,-0.0008734333156,-0.002848012906,-0.0002078343762,-0.003055847282,-0.003258119299,0.0001403991164,-0.003117720182,-0.001307403701,-0.0002452027965,-0.001552606497,0.0001061354209,-0.0007496700151,-0.0006435345943,-0.001400008526,-0.0003682055027,-0.001768214029,0.00101489301,-0.0004584296497,0.00055646336,-0.001534759281,-3.511116514e-05,-0.001569870446,0.001811126253,-0.0007527203837,0.00105840587,0.0002887385709,-0.0002609953748,2.77431961e-05,0.0001905365009,0.0002905117729,0.0004810482738,-0.003639315936,-0.001392246323,-0.005031562259,-0.002216371732,-0.0006342623942,-0.002850634126,-0.003706339635,-0.0009943192046,-0.00470065884,-0.002095169786,-0.0009925999561,-0.003087769742,-0.002701292633,6.347494276e-05,-0.00263781769,-0.002866312142,-0.0003907434769,-0.003257055619,-0.003106502195,-4.032407811e-06,-0.003110534603,-0.003874187672,-7.29579448e-05,-0.003947145617,-0.00226706764,2.501434212e-05,-0.002242053298,-0.002011660832,-2.929502453e-05,-0.002040955856,-0.00468340102,0.0001123178907,-0.00457108313,-0.003050336533,0.0001171385617,-0.002933197972,-0.004059658524,0.0004945757048,-0.003565082819,-0.004259015183,-0.001431004682,-0.005690019865,-0.0001171739707,-0.0003222754118,-0.0004394493825,-0.005729791225,-0.001525503704,-0.007255294929,-0.0002569010806,-0.0005266908113,-0.000783591892,-0.001427977999,8.947973378e-05,-0.001338498265,-0.003023318949,0.0004888977483,-0.002534421201,-0.001183534991,-0.0001412667442,-0.001324801735,-0.002803108005,-4.929934488e-05,-0.00285240735,-0.003413297741,-5.939367662e-06,-0.003419237108,-0.002934095315,-0.0002222285581,-0.003156323874,-0.004120539542,-5.627798495e-05,-0.004176817526,-0.004043353931,9.477605379e-05,-0.003948577877
46.5,-0.001907647258,0.001043717759,-0.0008639294985,-0.002846857767,-0.0002164116915,-0.003063269458,-0.003254799431,0.0001322192612,-0.003122580169,-0.001310916354,-0.0002532358578,-0.001564152212,8.562701628e-05,-0.0007529492764,-0.0006673222602,-0.00143263694,-0.0003723285006,-0.001804965441,0.0009762920885,-0.0004616128256,0.0005146792628,-0.001569065536,-3.142341361e-05,-0.001600488949,0.001790628687,-0.0007565056517,0.001034123035,0.0002601783776,-0.000258857331,1.321046552e-06,0.0001870162098,0.0002855788458,0.0004725950556,-0.00371440199,-0.001398356152,-0.005112758142,-0.002305051341,-0.000643582351,-0.002948633692,-0.003772073032,-0.0009963564073,-0.004768429439,-0.002166029316,-0.001003420409,-0.003169449725,-0.002769309644,5.50739607e-05,-0.002714235683,-0.002967739865,-0.0003954962575,-0.003363236123,-0.003169176374,-7.550484274e-06,-0.003176726858,-0.003944328001,-7.987536633e-05,-0.004024203368,-0.002258036171,2.535135093e-05,-0.00223268482,-0.002001199539,-3.529815774e-05,-0.002036497697,-0.004640754406,9.843504504e-05,-0.004542319361,-0.003034070685,0.0001051714664,-0.002928899218,-0.004033578909,0.0004917842642,-0.003541794645,-0.004326741215,-0.001427426208,-0.005754167423,-0.0001230950777,-0.0003185540262,-0.0004416491039,-0.005822277506,-0.001525905131,-0.007348182637,-0.0002770957743,-0.000531016702,-0.0008081124763,-0.001454225658,8.187588848e-05,-0.001372349769,-0.003045056613,0.0004825353728,-0.00256252124,-0.001248925214,-0.0001421822853,-0.001391107499,-0.002855537708,-4.911012636e-05,-0.002904647835,-0.003438420139,-2.829770211e-05,-0.003466717841,-0.002975797266,-0.0002260261691,-0.003201823435,-0.004157966963,-6.371673182e-05,-0.004221683695,-0.004081620957,9.30497979e-05,-0.00398857116
46.6,-0.001893164086,0.001042761955,-0.0008504021309,-0.00284334607,-0.0002245047831,-0.003067850853,-0.003249178784,0.0001244540841,-0.0031247247,-0.001312829171,-0.000261042931,-0.001573872102,6.463674657e-05,-0.0007556961928,-0.0006910594463,-0.001463892172,-0.0003762409059,-0.001840133078,0.0009372635392,-0.0004645958869,0.0004726676523,-0.001600441868,-2.778142761e-05,-0.001628223296,0.001770044794,-0.0007598066878,0.001010238106,0.0002327666805,-0.000256661624,-2.389494353e-05,0.0001838129952,0.0002803613704,0.0004641743656,-0.003789467662,-0.001403191749,-0.005192659412,-0.002393239857,-0.0006544323303,-0.003047672187,-0.00383819401,-0.0009980008617,-0.004836194872,-0.002238782023,-0.001013866842,-0.003252648864,-0.002838672428,4.738470721e-05,-0.002791287721,-0.003070682478,-0.0003995095295,-0.003470192007,-0.003233336959,-9.894651033e-06,-0.00324323161,-0.004013967432,-8.753565973e-05,-0.004101503092,-0.002244803387,2.618592372e-05,-0.002218617463,-0.001988466423,-4.087786494e-05,-0.002029344288,-0.004596765081,8.504974218e-05,-0.004511715339,-0.003017583615,9.341747879e-05,-0.002924166136,-0.004008722542,0.0004889140956,-0.003519808446,-0.004393756624,-0.001423810073,-0.005817566698,-0.0001307743628,-0.0003145550883,-0.0004453294511,-0.005915996268,-0.001525595047,-0.007441591316,-0.000302258888,-0.0005342995409,-0.0008365584289,-0.001482833005,7.406662071e-05,-0.001408766384,-0.003067185524,0.0004762031484,-0.002590982376,-0.001317875324,-0.0001434874102,-0.001461362734,-0.0029089087,-4.903504361e-05,-0.002957943744,-0.003464317234,-5.033514949e-05,-0.003514652384,-0.003016703823,-0.000230335876,-0.0032470397,-0.00419531523,-7.16605332e-05,-0.004266975764,-0.004119554322,9.161189499e-05,-0.004027942427
46.7,-0.001875251198,0.001042128022,-0.0008331231759,-0.00283772512,-0.0002320699765,-0.003069795097,-0.003241515509,0.0001171161487,-0.00312439936,-0.001313337878,-0.0002686080545,-0.001581945932,4.302181601e-05,-0.0007579146898,-0.0007148928738,-0.001493868397,-0.0003799088576,-0.001873777255,0.0008977249053,-0.0004673771551,0.0004303477502,-0.001629001229,-2.418497905e-05,-0.001653186208,0.001749094774,-0.0007626544582,0.0009864403162,0.000206349571,-0.0002543873366,-4.803776562e-05,0.0001807060648,0.000274872914,0.0004555789788,-0.003864438742,-0.001406686617,-0.005271125359,-0.002480997366,-0.0006666093743,-0.00314760674,-0.003904625288,-0.0009992739469,-0.004903899235,-0.002313475466,-0.001023937199,-0.003337412665,-0.002909393301,4.044512317e-05,-0.002868948178,-0.003174845454,-0.0004027500597,-0.003577595513,-0.003299002261,-1.104838731e-05,-0.003310050648,-0.004083046807,-9.592173929e-05,-0.004178968547,-0.002227734657,2.751329528e-05,-0.002200221361,-0.001973809292,-4.602588201e-05,-0.002019835174,-0.004551907115,7.221315654e-05,-0.004479693958,-0.003001230351,8.191800283e-05,-0.002919312348,-0.003985425406,0.0004859786834,-0.003499446723,-0.004460071262,-0.0014201275,-0.005880198762,-0.0001403972798,-0.0003102366068,-0.0004506338866,-0.006010851845,-0.001524600665,-0.00753545251,-0.0003323701629,-0.0005365626207,-0.0008689327837,-0.00151385314,6.606057695e-05,-0.001447792563,-0.003089844471,0.0004699591955,-0.002619885275,-0.001390350143,-0.0001451712853,-0.001535521428,-0.002963225608,-4.911257554e-05,-0.003012338184,-0.003491253284,-7.187360064e-05,-0.003563126884,-0.003056871761,-0.0002351973502,-0.003292069111,-0.004232715163,-8.008936746e-05,-0.004312804531,-0.004157412422,9.051431055e-05,-0.004066898112
46.8,-0.001854207305,0.001041812325,-0.0008123949799,-0.002830267445,-0.0002390658092,-0.003069333254,-0.00323209493,0.0001102137262,-0.003121881203,-0.001312665707,-0.0002759164091,-0.001588582116,2.06388286e-05,-0.0007596126231,-0.0007389737945,-0.001522678271,-0.000383298026,-0.001905976297,0.0008575871364,-0.0004699550525,0.000387632084,-0.001654887138,-2.062953596e-05,-0.001675516674,0.001727499678,-0.0007650818419,0.0009624178363,0.0001807591472,-0.0002520127603,-7.12536131e-05,0.0001774602755,0.0002691330044,0.0004465932799,-0.003939253858,-0.001408772992,-0.00534802685,-0.002568412699,-0.0006798896801,-0.003248302379,-0.003971308585,-0.001000197226,-0.004971505811,-0.002390156769,-0.001033628116,-0.003423784885,-0.002981480814,3.428795519e-05,-0.002947192858,-0.003279914081,-0.0004051990893,-0.00368511317,-0.003366182783,-1.100505292e-05,-0.003377187835,-0.00415151208,-0.0001050117907,-0.004256523871,-0.002207230534,2.932878376e-05,-0.002177901751,-0.001957599729,-5.073301963e-05,-0.002008332749,-0.004506668295,5.997487613e-05,-0.004446693419,-0.002985372991,7.071297566e-05,-0.002914660015,-0.003964008949,0.0004829937548,-0.003481015195,-0.004525718164,-0.001416341229,-0.005942059394,-0.0001521361732,-0.0003055572264,-0.0004576933995,-0.006106746589,-0.001522971346,-0.007629717934,-0.0003673661936,-0.0005378391167,-0.0009052053102,-0.001547324354,5.786969475e-05,-0.001489454659,-0.003113167641,0.000463857311,-0.00264931033,-0.001466296845,-0.0001472141285,-0.001613510974,-0.003018501087,-4.937216086e-05,-0.003067873247,-0.003519492282,-9.273892161e-05,-0.003612231203,-0.003096372753,-0.000240635756,-0.003337008509,-0.004270309114,-8.89677007e-05,-0.004359276814,-0.004195440444,8.979350575e-05,-0.004105646938
46.9,-0.001830357077,0.001041809277,-0.0007885478001,-0.002821268962,-0.0002454534554,-0.003066722418,-0.003221226815,0.0001037507831,-0.003117476032,-0.00131106115,-0.0002829543726,-0.001594015523,-2.657089023e-06,-0.0007608018071,-0.0007634588961,-0.00155045163,-0.0003863738722,-0.001936825502,0.000816752963,-0.0004723278495,0.0003444251135,-0.001678271433,-1.710611112e-05,-0.001695377544,0.001704980921,-0.0007671228221,0.0009378580988,0.0001558116048,-0.0002495156082,-9.370400338e-05,0.0001738253499,0.0002631672015,0.0004369925513,-0.004013863529,-0.001409386276,-0.005423249805,-0.002655604794,-0.000694034131,-0.003349638925,-0.004038205916,-0.001000791245,-0.005038997161,-0.002468872726,-0.001042935738,-0.003511808463,-0.003054939121,2.893967755e-05,-0.003025999443,-0.003385559622,-0.0004068544271,-0.003792414049,-0.003434882871,-9.768738821e-06,-0.00344465161,-0.00421931706,-0.0001147785568,-0.004334095617,-0.002183723071,3.162783208e-05,-0.002152095239,-0.001940229693,-5.498923463e-05,-0.001995218928,-0.004461546204,4.838243681e-05,-0.004413163767,-0.002970377486,5.984048928e-05,-0.002910536997,-0.003944777695,0.0004799769708,-0.003464800724,-0.00459075253,-0.001412407141,-0.006003159671,-0.0001661506228,-0.0003004778269,-0.0004666284497,-0.006203579736,-0.001520777212,-0.007724356948,-0.0004071457413,-0.0005381717021,-0.0009453174434,-0.001583273117,4.950941358e-05,-0.001533763703,-0.003137284256,0.0004579455537,-0.002679338702,-0.00154564668,-0.0001495879242,-0.001695234604,-0.003074757678,-4.983283363e-05,-0.003124590511,-0.00354929257,-0.0001127643173,-0.003662056887,-0.003135295195,-0.0002466609802,-0.003381956175,-0.004308252142,-9.8243964e-05,-0.004406496106,-0.004233865903,8.946620019e-05,-0.004144399703
47.0,-0.001804047994,0.00104211127,-0.0007619367236,-0.002811046809,-0.0002511969128,-0.003062243722,-0.003209241776,9.772704904e-05,-0.003111514727,-0.001308794951,-0.0002897095115,-0.001598504462,-2.70118034e-05,-0.0007614979149,-0.0007885097183,-0.001577333549,-0.0003891019582,-0.001966435508,0.0007751173012,-0.0004744934086,0.0003006238926,-0.001699351411,-1.360124241e-05,-0.001712952653,0.00168126226,-0.0007688117234,0.0009124505361,0.0001313079828,-0.0002468731739,-0.0001155651911,0.0001695377208,0.0002570070392,0.00042654476,-0.004088227635,-0.001408469954,-0.005496697589,-0.002742721846,-0.0007087934011,-0.003451515247,-0.004105299409,-0.001001074317,-0.005106373726,-0.002549668816,-0.001051857187,-0.003601526002,-0.003129767066,2.44192849e-05,-0.003105347781,-0.003491446502,-0.0004077300725,-0.003899176575,-0.003505101322,-7.354701199e-06,-0.003512456024,-0.004286426014,-0.000125188312,-0.004411614326,-0.002157671202,3.440589716e-05,-0.002123265305,-0.001922107173,-5.878381199e-05,-0.001980890985,-0.004417042998,3.748083301e-05,-0.004379562165,-0.002956608885,4.933660787e-05,-0.002907272277,-0.003928016047,0.0004769474588,-0.003451068589,-0.00465525043,-0.001408275262,-0.006063525692,-0.0001825869398,-0.0002949628265,-0.0004775497663,-0.006301246205,-0.001518106645,-0.00781935285,-0.0004515750049,-0.0005376110308,-0.0009891860357,-0.001621714467,4.099900053e-05,-0.001580715466,-0.003162316084,0.0004522653493,-0.002710050735,-0.001628315539,-0.000152257654,-0.001780573193,-0.003132027806,-5.050250557e-05,-0.003182530312,-0.003580902153,-0.0001317929432,-0.003712695097,-0.00317374445,-0.0002532676139,-0.003427012064,-0.00434671156,-0.0001078509832,-0.004454562543,-0.00427289438,8.952539627e-05,-0.004183368983
47.1,-0.001775646083,0.001042708714,-0.0007329373689,-0.002799935978,-0.0002562630162,-0.003056198994,-0.003196486122,9.213809251e-05,-0.00310434803,-0.001306155702,-0.0002961705777,-0.001602326279,-5.256900961e-05,-0.0007617202954,-0.0008142893051,-0.001603481135,-0.0003914483856,-0.00199492952,0.0007325709697,-0.0004764489959,0.0002561219738,-0.001718346089,-1.009719157e-05,-0.001728443281,0.001656075576,-0.0007701825749,0.0008858930008,0.0001070389046,-0.0002440624996,-0.000137023595,0.0001643263296,0.000250689773,0.0004150161027,-0.004162310668,-0.001405980655,-0.005568291324,-0.002829936144,-0.0007239131421,-0.003553849286,-0.004172588494,-0.001001061544,-0.005173650038,-0.002632585887,-0.00106039211,-0.003692977997,-0.003205956129,2.073717953e-05,-0.00318521895,-0.003597238141,-0.0004078541382,-0.00400509228,-0.003576829394,-3.789363393e-06,-0.003580618757,-0.004352814652,-0.0001361995022,-0.004489014154,-0.002129554861,3.76582644e-05,-0.002091896597,-0.001903650349,-6.210554802e-05,-0.001965755897,-0.004373658295,2.731206371e-05,-0.004346346232,-0.002944424601,3.923533379e-05,-0.002905189268,-0.003913983903,0.0004739252883,-0.003440058614,-0.004719306219,-0.001403890322,-0.006123196541,-0.0002015755014,-0.0002889811363,-0.0004905566377,-0.006399634592,-0.001515063348,-0.007914697941,-0.0005004912352,-0.0005362132793,-0.001036704515,-0.001662648863,3.236184293e-05,-0.00163028702,-0.003188371802,0.0004468508723,-0.00274152093,-0.001714202661,-0.0001551825598,-0.001869385221,-0.003190350883,-5.137794613e-05,-0.003241728829,-0.003614552943,-0.000149680422,-0.003764233365,-0.003211840697,-0.0002604353407,-0.003472276038,-0.004385863629,-0.0001177073311,-0.00450357096,-0.004312704982,8.993809649e-05,-0.004222766886
47.2,-0.001745530224,0.001043590158,-0.0007019400655,-0.002788284118,-0.0002606214441,-0.003048905562,-0.003183314935,8.697533459e-05,-0.0030963396,-0.001303443761,-0.0003023275848,-0.001605771346,-7.946405383e-05,-0.000761491793,-0.0008409558468,-0.001629058771,-0.0003933803492,-0.00202243912,0.0006890077346,-0.0004781912138,0.0002108165208,-0.00173549146,-6.572417982e-06,-0.001742063878,0.001629170076,-0.0007712686384,0.0008579014377,8.279306196e-05,-0.0002410605892,-0.0001582675272,0.0001579221428,0.0002442579331,0.0004021800759,-0.004236075001,-0.00140189292,-0.005637967921,-0.002917433864,-0.000739139965,-0.003656573829,-0.004240084049,-0.001000764377,-0.005240848426,-0.002717654236,-0.001068544202,-0.003786198438,-0.003283486761,1.789427109e-05,-0.00326559249,-0.003702600176,-0.0004072662797,-0.004109866456,-0.003650045535,8.89882471e-07,-0.003649155652,-0.004418468539,-0.0001477611358,-0.004566229675,-0.002099867824,4.137985841e-05,-0.002058487966,-0.001885280171,-6.494287928e-05,-0.001950223051,-0.004331880231,1.791470323e-05,-0.004313965528,-0.002934166224,2.956856092e-05,-0.002904597663,-0.003902911263,0.0004709309945,-0.003431980268,-0.004783027379,-0.001399192879,-0.006182220258,-0.0002232253668,-0.0002825069727,-0.0005057323395,-0.006498624661,-0.001511762957,-0.008010387618,-0.0005537034713,-0.000534037556,-0.001087741027,-0.001706056201,2.362544016e-05,-0.001682430761,-0.003215538814,0.0004417285252,-0.002773810289,-0.001803187492,-0.0001583170493,-0.001961504542,-0.003249767504,-5.24453589e-05,-0.003302212863,-0.003650452722,-0.0001662979432,-0.003816750665,-0.003249714365,-0.0002681293616,-0.003517843727,-0.004425887386,-0.0001277193068,-0.004553606693,-0.004353445832,9.064615391e-05,-0.004262799678
47.3,-0.001714085265,0.001044742458,-0.0006693428072,-0.002776444633,-0.0002642448739,-0.003040689507,-0.003170083853,8.222602077e-05,-0.003087857832,-0.001300963868,-0.0003081719576,-0.001609135826,-0.0001078160301,-0.000760838611,-0.0008686546411,-0.001654232304,-0.0003948667153,-0.002049099019,0.0006443329014,-0.0004797160515,0.00016461685,-0.001751035003,-3.002268863e-06,-0.001754037272,0.001600322355,-0.0007721021271,0.0008282202282,5.836712872e-05,-0.000237844718,-0.0001794775893,0.0001500691448,0.0002377587061,0.0003878278509,-0.004309473586,-0.001396203141,-0.005705676728,-0.003005401416,-0.0007542281879,-0.003759629604,-0.004307800717,-0.001000190727,-0.005307991445,-0.002804886358,-0.00107632256,-0.003881208918,-0.003362323456,1.588132308e-05,-0.003346442133,-0.003807202161,-0.0004060152278,-0.004213217389,-0.003724708014,6.634920401e-06,-0.003718073094,-0.004483379269,-0.0001598112213,-0.00464319049,-0.002069109706,4.556498401e-05,-0.002023544722,-0.001867411955,-6.728405361e-05,-0.001934696009,-0.004292175614,9.32334162e-06,-0.004282852272,-0.002926151279,2.036585593e-05,-0.002905785423,-0.003894992717,0.0004679851846,-0.003427007532,-0.004846526359,-0.001394122103,-0.006240648462,-0.0002476172038,-0.0002755207809,-0.0005231379846,-0.006598085303,-0.001508328765,-0.008106414068,-0.0006109910916,-0.0005311437698,-0.001142134861,-0.001751889295,1.482088338e-05,-0.001737068412,-0.003243874893,0.0004369164995,-0.002806958394,-0.001895125685,-0.0001616113031,-0.002056736988,-0.003310312167,-5.368128434e-05,-0.003363993451,-0.003688776132,-0.0001815355195,-0.003870311651,-0.003287500142,-0.0002763006124,-0.003563800755,-0.004466956998,-0.0001377831404,-0.004604740138,-0.004395230706,9.157062847e-05,-0.004303660078
47.4,-0.001681694777,0.001046150941,-0.0006355438362,-0.002764769069,-0.0002671093222,-0.003031878392,-0.003157140746,7.787324408e-05,-0.003079267502,-0.001299017394,-0.0003136966766,-0.00161271407,-0.0001377204754,-0.000759790187,-0.0008975106624,-0.001679163094,-0.0003958785567,-0.002075041651,0.0005984708186,-0.0004810190078,0.0001174518108,-0.001765230073,6.402815801e-07,-0.001764589791,0.001569344151,-0.0007727141093,0.0007966300415,3.357403218e-05,-0.0002343928971,-0.0002008188649,0.0001405337931,0.0002312431512,0.0003717769443,-0.004382444237,-0.001388931989,-0.005771376226,-0.003094011504,-0.0007689465225,-0.003862958027,-0.004375749596,-0.0009993454186,-0.005375095015,-0.002894270609,-0.001083742315,-0.003978012925,-0.003442409662,1.46785606e-05,-0.003427731102,-0.003910719734,-0.0004041562805,-0.004314876014,-0.003800748098,1.338735664e-05,-0.003787360741,-0.004547540128,-0.0001722755295,-0.004719815657,-0.002037777893,5.020691431e-05,-0.001987570979,-0.001850447129,-6.9117444e-05,-0.001919564573,-0.004254980601,1.567759847e-06,-0.004253412841,-0.00292066653,1.165405091e-05,-0.002909012479,-0.003890382931,0.0004651082172,-0.003425274714,-0.004909910519,-0.001388620497,-0.006298531016,-0.0002747968855,-0.0002680102102,-0.0005428070957,-0.006697873753,-0.001504886501,-0.008202760254,-0.000672102747,-0.0005275909092,-0.001199693656,-0.001800069539,5.981913174e-06,-0.001794087625,-0.003273402457,0.0004324245571,-0.0028409779,-0.001989845688,-0.0001650119331,-0.002154857621,-0.003372006711,-5.505347488e-05,-0.003427060186,-0.003729657683,-0.000195304162,-0.003924961845,-0.003325331195,-0.000284885724,-0.003610216918,-0.004509234534,-0.0001477872558,-0.00465702179,-0.00443813764,9.261829094e-05,-0.004345519349
47.5,-0.00164873446,0.00104779961,-0.0006009348497,-0.002753600097,-0.0002691945827,-0.00302279468,-0.003144818411,7.389608055e-05,-0.00307092233,-0.001297895199,-0.0003188963544,-0.001616791553,-0.00016924464,-0.0007583790302,-0.0009276236701,-0.001704002883,-0.0003963896468,-0.00210039253,0.000551369402,-0.0004820952478,6.927415418e-05,-0.001778330774,4.384002431e-06,-0.001773946771,0.001536085964,-0.0007731345282,0.0007629514354,8.247588984e-06,-0.0002306844757,-0.0002224368867,0.0001291109122,0.0002247652681,0.0003538761803,-0.00445490748,-0.001380124562,-0.005835032043,-0.003183411602,-0.0007830839019,-0.003966495504,-0.004443933007,-0.0009982308216,-0.005442163828,-0.002985767629,-0.001090823988,-0.004076591618,-0.003523663846,1.42555862e-05,-0.00350940826,-0.004012838118,-0.0004017484358,-0.004414586554,-0.003878066189,2.107942454e-05,-0.003856986764,-0.004610943459,-0.0001850666862,-0.004796010145,-0.002006360246,5.529741532e-05,-0.00195106283,-0.001834766194,-7.043193869e-05,-0.001905198133,-0.004220693214,-5.328060881e-06,-0.004226021275,-0.00291796371,3.45676226e-06,-0.002914506948,-0.003889193954,0.0004623199432,-0.003426874011,-0.004973272159,-0.001382639971,-0.00635591213,-0.0003047720457,-0.0002599707709,-0.0005647428166,-0.006797836295,-0.001501558663,-0.008299394959,-0.0007367580727,-0.0005234354493,-0.001260193522,-0.00185048637,-2.856157173e-06,-0.001853342527,-0.003304107126,0.0004282542324,-0.002875852893,-0.00208714717,-0.000168462881,-0.002255610052,-0.003434856157,-5.652156345e-05,-0.00349137772,-0.003773188598,-0.0002075363889,-0.003980724987,-0.003363334787,-0.0002938070605,-0.003657141847,-0.004552864186,-0.0001576148368,-0.004710479023,-0.004482209389,9.36880796e-05,-0.004388521309
47.6,-0.001615566886,0.001049671368,-0.0005658955178,-0.002743265978,-0.0002704846596,-0.003013750638,-0.003133428911,7.026981776e-05,-0.003063159093,-0.001297871691,-0.0003237672584,-0.00162163895,-0.0002024261316,-0.0007566405155,-0.0009590666471,-0.001728890001,-0.0003963769368,-0.002125266937,0.00050300117,-0.0004829397716,2.006139842e-05,-0.00179058768,8.258940663e-06,-0.00178232874,0.001500436443,-0.0007733922059,0.0007270442367,-1.775684072e-05,-0.0002267007679,-0.0002444576087,0.0001156255652,0.0002183809942,0.0003340065595,-0.004526769034,-0.001369847964,-0.005896616998,-0.003273716164,-0.0007964541877,-0.004070170352,-0.004512341775,-0.0009968477529,-0.005509189528,-0.00307931013,-0.001097591481,-0.004176901611,-0.003605977789,1.457178132e-05,-0.003591406008,-0.004113256651,-0.0003988509538,-0.004512107605,-0.003956531911,2.96353311e-05,-0.00392689658,-0.004673580753,-0.0001980836618,-0.004871664415,-0.001975329104,6.082642025e-05,-0.001914502684,-0.001820723498,-7.121724576e-05,-0.001891940744,-0.004189668346,-1.134682261e-05,-0.004201015169,-0.002918257729,-4.206047683e-06,-0.002922463777,-0.003891494556,0.0004596394879,-0.003431855069,-0.005036680477,-0.001376147929,-0.006412828406,-0.0003375126048,-0.0002514059044,-0.0005889185091,-0.006897810529,-0.001498459207,-0.008396269736,-0.0008046529305,-0.0005187298452,-0.001323382776,-0.001903000658,-1.165744721e-05,-0.001914658105,-0.003335940466,0.0004243995593,-0.002911540906,-0.00218680183,-0.0001719064662,-0.002358708297,-0.003498847222,-5.80377276e-05,-0.003556884949,-0.003819417239,-0.0002181854315,-0.00403760267,-0.003401629438,-0.0003029734413,-0.00370460288,-0.004597967988,-0.0001671470322,-0.00476511502,-0.004527455384,9.467603606e-05,-0.004432779348
47.7,-0.00158253777,0.001051748205,-0.0005307895648,-0.00273407672,-0.0002709681895,-0.003005044909,-0.003123259666,6.696623714e-05,-0.003056293429,-0.001299200291,-0.0003283073037,-0.001627507595,-0.0002372746498,-0.000754612644,-0.0009918872938,-0.001753947061,-0.0003958209789,-0.00214976804,0.000453361311,-0.0004835475664,-3.018625543e-05,-0.001802244484,1.229610216e-05,-0.001789948382,0.001462318475,-0.0007735147106,0.0006888037644,-4.456490891e-05,-0.0002224255491,-0.000266990458,9.993155601e-05,0.000212147241,0.0003120787971,-0.004597926499,-0.001358186711,-0.00595611321,-0.003365002544,-0.0008088996992,-0.004173902243,-0.004580954516,-0.0009951967506,-0.005576151267,-0.003174805486,-0.001104069204,-0.00427887469,-0.003689217611,1.557737653e-05,-0.003673640235,-0.004211694248,-0.0003955191954,-0.004607213443,-0.004035987618,3.897269422e-05,-0.003997014924,-0.004735444942,-0.0002112121535,-0.004946657096,-0.001945136742,6.678194837e-05,-0.001878354794,-0.001808643835,-7.14640685e-05,-0.001880107903,-0.004162215213,-1.647851302e-05,-0.004178693726,-0.002921726776,-1.131842507e-05,-0.002933045201,-0.003897311314,0.0004570850159,-0.003440226298,-0.005100176979,-0.001369131502,-0.00646930848,-0.0003729547788,-0.0002423266377,-0.0006152814165,-0.006997629074,-0.001495689431,-0.008493318504,-0.0008754675712,-0.0005135213213,-0.001388988892,-0.001957451036,-2.038636462e-05,-0.0019778374,-0.003368825746,0.0004208482723,-0.002947977473,-0.002288556524,-0.0001752844625,-0.002463840986,-0.003563948808,-5.954772392e-05,-0.003623496532,-0.003868352594,-0.0002272234352,-0.004095576029,-0.003440323351,-0.0003122818205,-0.003752605171,-0.004644642801,-0.0001762668724,-0.004820909673,-0.004573854988,9.547861676e-05,-0.004478376371
47.8,-0.001549973607,0.001054011326,-0.0004959622803,-0.002726321648,-0.0002706389162,-0.002996960564,-0.003114571013,6.395397348e-05,-0.00305061704,-0.001302110254,-0.0003325159935,-0.001634626248,-0.0002737758632,-0.0007523357405,-0.001026111604,-0.001779279951,-0.0003947062329,-0.002173986184,0.000402463865,-0.000483913701,-8.144983598e-05,-0.001813535491,1.652725633e-05,-0.001797008235,0.001421683452,-0.0007735280589,0.0006481553929,-7.228768076e-05,-0.0002178453549,-0.0002901330357,8.190784392e-05,0.0002061210369,0.0002880288808,-0.004668278462,-0.00134523699,-0.006013515452,-0.003457309956,-0.000820293299,-0.004277603255,-0.004649738201,-0.0009932795881,-0.005643017789,-0.00327214003,-0.001110279051,-0.004382419081,-0.003773227096,1.721508756e-05,-0.003756012009,-0.004307896111,-0.000391799668,-0.004699695779,-0.004116254078,4.900372167e-05,-0.004067250356,-0.004796533746,-0.0002243262721,-0.005020860018,-0.001916211995,7.315015946e-05,-0.001843061836,-0.001798820517,-7.116427792e-05,-0.001869984795,-0.004138596646,-2.07207698e-05,-0.004159317415,-0.002928513485,-1.786868878e-05,-0.002946382174,-0.003906630885,0.0004546734198,-0.003451957465,-0.005163775017,-0.001361598548,-0.006525373565,-0.0004110072481,-0.0002327511211,-0.0006437583692,-0.00709712418,-0.001493335556,-0.008590459736,-0.0009488764361,-0.0005078511738,-0.00145672761,-0.002013661703,-2.900824527e-05,-0.002042669948,-0.003402665142,0.000417583297,-0.002985081845,-0.002392138078,-0.0001785392217,-0.0025706773,-0.003630113588,-6.099240668e-05,-0.003691105995,-0.003919970651,-0.0002346386328,-0.004154609284,-0.003479514096,-0.0003216195747,-0.003801133671,-0.004692958495,-0.000184863644,-0.004877822139,-0.004621361913,9.59952483e-05,-0.004525366665
47.9,-0.001518180305,0.00105644127,-0.0004617390347,-0.002720267904,-0.0002694962089,-0.002989764113,-0.00310759476,6.119901419e-05,-0.003046395746,-0.001306804578,-0.0003363942581,-0.001643198836,-0.0003118961257,-0.0007498520388,-0.001061748165,-0.001804977688,-0.0003930212388,-0.002197998927,0.0003503374191,-0.0004840333586,-0.0001336959395,-0.001824683781,2.098482589e-05,-0.001803698955,0.001378505504,-0.0007734563231,0.0006050491812,-0.0001010261783,-0.0002129496256,-0.0003139758038,6.145452096e-05,0.0002003587589,0.0002618132799,-0.004737733673,-0.001331100711,-0.006068834384,-0.003550640645,-0.0008305385924,-0.004381179237,-0.004718649388,-0.0009911006059,-0.005709749994,-0.003371183794,-0.001116237929,-0.004487421723,-0.003857832292,1.942200163e-05,-0.00383841029,-0.004401641259,-0.0003877245749,-0.004789365834,-0.004197136833,5.963605799e-05,-0.004137500775,-0.004856853189,-0.0002372913132,-0.005094144502,-0.001888957641,7.991541961e-05,-0.001809042221,-0.001791514381,-7.031119827e-05,-0.00186182558,-0.004119029382,-2.407909622e-05,-0.004143108479,-0.002938726202,-2.384955801e-05,-0.00296257576,-0.003919402805,0.0004524199195,-0.003466982886,-0.005227462631,-0.001353575727,-0.006581038358,-0.0004515581051,-0.000222703991,-0.0006742620961,-0.007196132095,-0.001491467917,-0.008687600012,-0.0010245581,-0.0005017545259,-0.001526312626,-0.002071449901,-3.748969656e-05,-0.002108939598,-0.003437346727,0.0004145842796,-0.003022762448,-0.002497258757,-0.0001816148548,-0.002678873612,-0.003697279924,-6.230953257e-05,-0.003759589456,-0.003974222405,-0.0002404320216,-0.004214654427,-0.003519289472,-0.0003308668931,-0.003850156365,-0.004742957187,-0.0001928372266,-0.004935794414,-0.004669909597,9.613119068e-05,-0.004573778406
48.0,-0.001487442255,0.001059018061,-0.0004284241932,-0.002716159311,-0.0002675455035,-0.002983704814,-0.003102533062,5.866533497e-05,-0.003043867727,-0.001313458489,-0.0003399442183,-0.001653402707,-0.000351586495,-0.0007472051548,-0.00109879165,-0.00183111253,-0.000390758707,-0.002221871237,0.0002970219378,-0.0004839018635,-0.0001868799258,-0.001835899669,2.570176464e-05,-0.001810197905,0.001332777705,-0.0007733212348,0.0005594564706,-0.0001308741812,-0.0002077307691,-0.0003386049503,3.84902021e-05,0.0001949154049,0.000233405607,-0.004806218289,-0.001315879872,-0.006122098161,-0.003644962257,-0.0008395682038,-0.004484530461,-0.004787635258,-0.000988667508,-0.005776302766,-0.003471794163,-0.001121956352,-0.004593750515,-0.003942846226,2.213148965e-05,-0.003920714737,-0.004492749122,-0.000383306815,-0.004876055937,-0.004278431585,7.077344609e-05,-0.004207658139,-0.004916420204,-0.0002499670796,-0.005166387283,-0.001863748089,8.706040916e-05,-0.00177668768,-0.001786953076,-6.889995374e-05,-0.00185585303,-0.004103684461,-2.656687873e-05,-0.004130251339,-0.002952439393,-2.925806806e-05,-0.002981697461,-0.00393554204,0.0004503375907,-0.003485204449,-0.005291206671,-0.001345105333,-0.006636312003,-0.0004944812558,-0.0002122153123,-0.0007066965681,-0.007294495874,-0.001490141396,-0.00878463727,-0.001102203846,-0.0004952601775,-0.001597464023,-0.002130631132,-4.57985886e-05,-0.00217642972,-0.003472749567,0.0004118290036,-0.003060920564,-0.002603621132,-0.0001844584044,-0.002788079536,-0.003765373228,-6.343563518e-05,-0.003828808863,-0.004031041066,-0.0002446146354,-0.004275655702,-0.003559728718,-0.0003398990483,-0.003899627766,-0.004794652863,-0.0002001018098,-0.004994754673,-0.0047194174,9.580141174e-05,-0.004623615989
48.1,-0.001458021093,0.001061721344,-0.0003962997489,-0.002714214874,-0.0002647985795,-0.002979013453,-0.003099556815,5.631557046e-05,-0.003043241244,-0.001322217835,-0.0003431689729,-0.001665386808,-0.0003927844859,-0.000744439506,-0.001137223992,-0.001857739619,-0.0003879155952,-0.002245655214,0.0002425683432,-0.0004835147629,-0.0002409464198,-0.001847379014,3.071129276e-05,-0.001816667721,0.00128451206,-0.0007731418244,0.0005113702359,-0.0001619175349,-0.000202184166,-0.0003641017009,1.295256292e-05,0.0001898438965,0.0002027964595,-0.00487367943,-0.001299671589,-0.006173351018,-0.003740209923,-0.0008473409587,-0.004587550882,-0.004856633288,-0.0009859915005,-0.005842624789,-0.00357381704,-0.001127438115,-0.004701255155,-0.004028072488,2.527497255e-05,-0.004002797515,-0.004581083183,-0.000378536665,-0.004959619848,-0.004359926875,8.231637115e-05,-0.004277610504,-0.004975262869,-0.0002622113486,-0.005237474218,-0.001840926868,9.456635177e-05,-0.001746360516,-0.001785329905,-6.692774248e-05,-0.001852257648,-0.004092686788,-2.820509319e-05,-0.004120891882,-0.002969692426,-3.409528124e-05,-0.003003787708,-0.003954930585,0.0004484368512,-0.003506493733,-0.005354956438,-0.001336242077,-0.006691198516,-0.0005396407869,-0.0002013191562,-0.0007409599431,-0.00739206603,-0.001489396777,-0.008881462807,-0.001181523284,-0.0004883903408,-0.001669913625,-0.00219102054,-5.390376148e-05,-0.002244924302,-0.003508745681,0.0004092947494,-0.003099450932,-0.002710921184,-0.0001870209539,-0.002897942137,-0.003834305796,-6.430783249e-05,-0.003898613628,-0.004090346491,-0.0002472059194,-0.00433755241,-0.003600902856,-0.0003485884555,-0.003949491311,-0.004848030173,-0.0002065886404,-0.005054618813,-0.004769797224,9.493557245e-05,-0.004674861651
48.2,-0.001430153436,0.00106453035,-0.0003656230855,-0.002714626153,-0.0002612737143,-0.002975899867,-0.003098802996,5.411161509e-05,-0.003044691381,-0.001333196814,-0.0003460725047,-0.001679269319,-0.0004354125604,-0.0007415997425,-0.001177012303,-0.001884895574,-0.0003844931917,-0.002269388766,0.00018704169,-0.0004828679867,-0.0002958262966,-0.001859300936,3.604640583e-05,-0.00182325453,0.001233743956,-0.0007729341361,0.0004608098203,-0.0001942292067,-0.0001963081207,-0.0003905373274,-1.519719476e-05,0.0001851944237,0.0001699972289,-0.004940083784,-0.001282564327,-0.006222648111,-0.003836286724,-0.0008538389539,-0.004690125678,-0.004925569023,-0.0009830866807,-0.005908655703,-0.003677084985,-0.001132680482,-0.004809765467,-0.004113306507,2.878327116e-05,-0.004084523236,-0.004666550606,-0.0003733810471,-0.005039931653,-0.004441402977,9.416273382e-05,-0.004347240243,-0.005033417181,-0.0002738831609,-0.005307300342,-0.001820803447,0.0001024132866,-0.00171839016,-0.001786801645,-6.439402305e-05,-0.001851195668,-0.004086113343,-2.902174895e-05,-0.004115135092,-0.002990486611,-3.836594252e-05,-0.003028852553,-0.003977417773,0.000446724964,-0.003530692809,-0.005418646017,-0.001327049905,-0.006745695923,-0.0005868920633,-0.0001900522217,-0.000776944285,-0.007488699452,-0.001489262451,-0.008977961903,-0.001262245899,-0.0004811602971,-0.001743406196,-0.002252430135,-6.177474172e-05,-0.002314204877,-0.003545198712,0.0004069596081,-0.003138239104,-0.002818848996,-0.000189258669,-0.003008107665,-0.003903974683,-6.486540432e-05,-0.003968840087,-0.004152046099,-0.0002482326211,-0.00440027872,-0.003642873271,-0.0003568063241,-0.003999679595,-0.004903041431,-0.0002122478668,-0.005115289298,-0.004820959072,9.348332228e-05,-0.00472747575
48.3,-0.001404047388,0.001067423696,-0.0003366236914,-0.002717553252,-0.0002569958089,-0.002974549061,-0.003100371007,5.20151366e-05,-0.003048355871,-0.001346475008,-0.0003486597078,-0.001695134716,-0.0004793737986,-0.0007387302132,-0.001218104012,-0.00191259601,-0.0003804971791,-0.002293093189,0.0001305270357,-0.0004819580693,-0.0003514310337,-0.001871824942,4.173916077e-05,-0.001830085782,0.001180539477,-0.0007727111221,0.0004078283547,-0.0002278613554,-0.0001901038367,-0.0004179651922,-4.596710835e-05,0.0001810137876,0.0001350466793,-0.005005411527,-0.00126463604,-0.006270047567,-0.00393306248,-0.0008590646598,-0.00479212714,-0.004994352563,-0.0009799686711,-0.005974321234,-0.003781413189,-0.001137674084,-0.004919087273,-0.004198334278,3.258734829e-05,-0.00416574693,-0.004749097828,-0.0003677859523,-0.005116883781,-0.00452262751,0.0001062085386,-0.004416418971,-0.005090920621,-0.0002848456067,-0.005375766228,-0.001803649385,0.0001105801832,-0.001693069202,-0.00179148538,-6.130073461e-05,-0.001852786115,-0.004083990252,-2.905132929e-05,-0.004113041581,-0.003014781391,-4.207825323e-05,-0.003056859644,-0.004002819689,0.0004452056523,-0.003557614037,-0.005482195134,-0.001317598763,-0.006799793897,-0.0006360795691,-0.0001784528953,-0.0008145324645,-0.007584257258,-0.001489755919,-0.009074013177,-0.00134411895,-0.0004735779908,-0.001817696941,-0.002314663335,-6.938186808e-05,-0.002384045203,-0.003581960606,0.000404803457,-0.003177157149,-0.002927087391,-0.0001911337539,-0.003118221145,-0.003974258337,-6.505099815e-05,-0.004039309335,-0.004216032543,-0.0002477274428,-0.004463759986,-0.003685688561,-0.0003644239654,-0.004050112526,-0.00495960233,-0.0002170497082,-0.005176652038,-0.004872813709,9.141827759e-05,-0.004781395431
48.4,-0.001379878437,0.001070379143,-0.0003094992938,-0.002723120041,-0.0002519965077,-0.002975116549,-0.003104318884,4.998804044e-05,-0.003054330844,-0.001362094318,-0.0003509364649,-0.001713030783,-0.0005245467488,-0.0007358744612,-0.00126042121,-0.001940832664,-0.0003759376503,-0.002316770314,7.313549653e-05,-0.0004807824122,-0.0004076469157,-0.001885087882,4.781981073e-05,-0.001837268072,0.001125002225,-0.0007724828265,0.0003525193983,-0.0002628374337,-0.0001835755292,-0.0004464129629,-7.932728575e-05,0.0001773446753,9.801738956e-05,-0.005069647759,-0.001245954359,-0.006315602118,-0.004030372201,-0.0008630376393,-0.00489340984,-0.005062875209,-0.0009766529688,-0.006039528177,-0.003886595105,-0.001142402062,-0.005028997167,-0.004282929532,3.661857674e-05,-0.004246310956,-0.004828703103,-0.0003616822081,-0.005190385311,-0.004603349965,0.000118348681,-0.004485001284,-0.005147804221,-0.0002949679695,-0.005442772191,-0.001789694416,0.0001190448239,-0.001670649592,-0.001799455211,-5.765260905e-05,-0.00185710782,-0.004086289937,-2.833445141e-05,-0.004114624388,-0.003042491315,-4.524380159e-05,-0.003087735116,-0.00403091872,0.0004438789227,-0.003587039797,-0.005545508958,-0.001307961763,-0.00685347072,-0.0006870331187,-0.0001665608737,-0.0008535939924,-0.00767860165,-0.001490885367,-0.009169487017,-0.001426903619,-0.0004656436694,-0.001892547288,-0.002377509663,-7.669701814e-05,-0.002454206682,-0.003618868543,0.0004028082458,-0.003216060298,-0.003035309928,-0.0001926152405,-0.003227925168,-0.004045013511,-6.481150778e-05,-0.004109825019,-0.004282179378,-0.0002457274513,-0.004527906829,-0.003729380251,-0.0003713144107,-0.004100694661,-0.005017588323,-0.0002209848955,-0.005238573218,-0.004925272043,8.873941425e-05,-0.004836532628
48.5,-0.00135778585,0.001073373513,-0.0002844123366,-0.002731409854,-0.0002463142601,-0.002977724115,-0.003110660563,4.799288987e-05,-0.003062667673,-0.001380056683,-0.0003529097197,-0.001732966402,-0.0005707818925,-0.0007330747571,-0.00130385665,-0.001969571139,-0.0003708290669,-0.002340400206,1.500791144e-05,-0.00047933956,-0.0004643316486,-0.001899201368,5.431589042e-05,-0.001844885478,0.001067276687,-0.0007722568157,0.0002950198714,-0.0002991472766,-0.0001767306805,-0.0004758779571,-0.0001152055952,0.0001742248732,5.901927794e-05,-0.005132774289,-0.00122657833,-0.006359352619,-0.004128015993,-0.0008657907954,-0.004993806788,-0.005131007455,-0.000973153733,-0.006104161188,-0.003992399755,-0.001146838596,-0.005139238351,-0.004366851168,4.080892392e-05,-0.004326042244,-0.00490536794,-0.0003549939629,-0.005260361902,-0.004683297853,0.0001304779536,-0.0045528199,-0.005204085178,-0.0003041274736,-0.005508212652,-0.001779123415,0.0001277836091,-0.001651339806,-0.001810740021,-5.345745519e-05,-0.001864197476,-0.00409292977,-2.691769335e-05,-0.004119847463,-0.003073485126,-4.787756874e-05,-0.003121362695,-0.004061464316,0.0004427411383,-0.003618723178,-0.005608477774,-0.00129821322,-0.006906690994,-0.0007395647062,-0.0001544172712,-0.0008939819774,-0.007771592016,-0.001492651824,-0.00926424384,-0.001510371421,-0.0004573499464,-0.001967721368,-0.002440742151,-8.369475871e-05,-0.00252443691,-0.003655744124,0.0004009575709,-0.003254786553,-0.003143179944,-0.0001936795054,-0.003336859449,-0.004116073775,-6.409883244e-05,-0.004180172608,-0.004350336856,-0.0002422727632,-0.004592609619,-0.003773958464,-0.0003773549699,-0.004151313434,-0.005076833773,-0.0002240640088,-0.005300897782,-0.004978242996,8.547001836e-05,-0.004892772977
48.6,-0.001337870479,0.001076382754,-0.0002614877248,-0.002742462792,-0.0002399942689,-0.002982457061,-0.00311936508,4.599324324e-05,-0.003073371837,-0.001400323283,-0.0003545875319,-0.001754910815,-0.0006179013131,-0.0007303716831,-0.001348272996,-0.001998750075,-0.0003651901311,-0.002363940206,-4.368520744e-05,-0.0004776294612,-0.0005213146686,-0.001914250116,6.125136386e-05,-0.001852998752,0.001007546989,-0.0007720386453,0.0002355083437,-0.0003367465769,-0.0001695803033,-0.0005063268803,-0.0001534875806,0.0001716865451,1.81989645e-05,-0.005194763668,-0.001206561029,-0.006401324697,-0.004225761501,-0.0008673666355,-0.005093128136,-0.005198599103,-0.0009694833003,-0.006168082404,-0.004098571819,-0.001150947519,-0.005249519339,-0.004449842581,4.509135551e-05,-0.004404751225,-0.004979109272,-0.0003476486197,-0.005326757892,-0.004762176335,0.0001424922511,-0.004619684084,-0.005259761534,-0.0003122110808,-0.005571972615,-0.001772074933,0.0001367715006,-0.001635303433,-0.001825323093,-4.872626438e-05,-0.001874049357,-0.004103773218,-2.485334649e-05,-0.004128626565,-0.00310758747,-4.999793336e-05,-0.003157585403,-0.004094175463,0.0004417852857,-0.003652390177,-0.005670977623,-0.001288427574,-0.006959405197,-0.0007934676098,-0.0001420651149,-0.0009355327247,-0.007863081482,-0.001495051609,-0.009358133091,-0.001594301954,-0.0004486827486,-0.002042984702,-0.002504118649,-9.035352857e-05,-0.002594472177,-0.003692395642,0.0003992357899,-0.003293159852,-0.003250351713,-0.0001943104945,-0.003444662208,-0.004187250232,-6.287070061e-05,-0.004250120933,-0.004420329835,-0.000237405842,-0.004657735677,-0.003819408941,-0.0003824304577,-0.004201839399,-0.005137134887,-0.0002263153413,-0.005363450228,-0.005031631939,8.165510232e-05,-0.004949976836
48.7,-0.001320194394,0.001079381993,-0.0002408124015,-0.002756275237,-0.000233088296,-0.002989363533,-0.00313035807,4.395390345e-05,-0.003086404167,-0.001422815549,-0.0003559791048,-0.001778794654,-0.0006657019234,-0.0007278037612,-0.001393505685,-0.002028282096,-0.0003590435109,-0.002387325607,-0.0001027474062,-0.0004756536716,-0.0005784010778,-0.001930291404,6.864594082e-05,-0.001861645464,0.0009460314507,-0.0007718321462,0.0001741993045,-0.0003755605713,-0.0001621390582,-0.0005376996295,-0.0001940205008,0.0001697557157,-2.426478511e-05,-0.005255576367,-0.001185952401,-0.006441528768,-0.004323348802,-0.0008678143322,-0.005191163134,-0.005265481707,-0.0009656521787,-0.006231133885,-0.004204834255,-0.001154681962,-0.005359516217,-0.004531633531,4.940040558e-05,-0.004482233125,-0.005049953018,-0.0003395868262,-0.005389539844,-0.004839671908,0.0001542898455,-0.004685382063,-0.005314809661,-0.0003191175809,-0.005633927242,-0.001768641457,0.000145982153,-0.001622659304,-0.001843143781,-4.34731509e-05,-0.001886616932,-0.004118633598,-2.219895123e-05,-0.00414083255,-0.003144582954,-5.162664849e-05,-0.003196209603,-0.004128744819,0.0004410013151,-0.003687743503,-0.005732872557,-0.001278678785,-0.007011551342,-0.0008485183374,-0.0001295500436,-0.000978068381,-0.007952915473,-0.001498078123,-0.009450993595,-0.00167848208,-0.0004396233718,-0.002118105451,-0.002567386755,-9.665653239e-05,-0.002664043287,-0.003728623178,0.0003976269456,-0.003330996232,-0.00335647389,-0.0001944997595,-0.00355097365,-0.004258334418,-6.109162303e-05,-0.004319426041,-0.00449195836,-0.0002311714731,-0.004723129833,-0.003865692561,-0.0003864361552,-0.004252128716,-0.005198256377,-0.0002277812699,-0.005426037646,-0.0050853404,7.735782136e-05,-0.005007982579
48.8,-0.001304782334,0.001082345473,-0.0002224368612,-0.002772801591,-0.0002256542703,-0.002998455861,-0.003143525479,4.184113748e-05,-0.003101684342,-0.001447417932,-0.0003570947378,-0.00180451267,-0.0007139616763,-0.0007254070802,-0.001439368756,-0.002058056463,-0.0003524153997,-0.002410471863,-0.0001619628562,-0.0004734154696,-0.0006353783258,-0.001947355653,7.651462032e-05,-0.001870841033,0.0008829741766,-0.0007716394722,0.0001113347044,-0.00041549082,-0.0001544251784,-0.0005699159984,-0.0002366204839,0.000168452007,-6.816847693e-05,-0.005315161402,-0.001164801561,-0.006479962963,-0.004420496796,-0.0008671882238,-0.00528768502,-0.005331472982,-0.0009616692156,-0.006293142198,-0.004310892549,-0.001157985683,-0.005468878231,-0.004611944153,5.36726639e-05,-0.004558271489,-0.00511792929,-0.0003307708294,-0.00544870012,-0.004915459707,0.000165772603,-0.004749687104,-0.005369184637,-0.0003247598782,-0.005693944515,-0.001768871194,0.00015538814,-0.001613483054,-0.001864100958,-3.771526654e-05,-0.001901816224,-0.004137279916,-1.901665313e-05,-0.004156296569,-0.00318422193,-5.278875587e-05,-0.003237010686,-0.004164844131,0.0004403764585,-0.003724467672,-0.0057940184,-0.00126903985,-0.007063058251,-0.0009044812423,-0.0001169208447,-0.001021402087,-0.008040933093,-0.001501722393,-0.009542655486,-0.001762706269,-0.0004301514728,-0.002192857742,-0.002630291142,-0.00010259225,-0.002732883392,-0.003764225544,0.0003961136577,-0.003368111886,-0.003461194816,-0.0001942464324,-0.003655441248,-0.004329103099,-5.873394239e-05,-0.004387837042,-0.004565000148,-0.0002236173944,-0.004788617542,-0.003912747546,-0.0003892798964,-0.004302027442,-0.005259940887,-0.0002285136772,-0.005488454564,-0.005139266468,7.265511783e-05,-0.005066611351
48.9,-0.001291624693,0.001085246392,-0.0002063783007,-0.002791957867,-0.0002177555967,-0.003009713464,-0.003158719058,3.962291502e-05,-0.003119096143,-0.00147398212,-0.0003579456807,-0.0018319278,-0.0007624476309,-0.0007232148918,-0.001485662523,-0.002087943009,-0.0003453349705,-0.002433277979,-0.0002211044916,-0.000470919881,-0.0006920243727,-0.001965448002,8.486743503e-05,-0.001880580567,0.0008186353185,-0.0007714609974,4.717432104e-05,-0.0004564235053,-0.0001464602532,-0.0006028837586,-0.0002810813029,0.0001677885767,-0.0001132927262,-0.005373459868,-0.001143157853,-0.006516617721,-0.004516910024,-0.0008655479265,-0.00538245795,-0.005396382495,-0.0009575417905,-0.006353924285,-0.004416439698,-0.001160796173,-0.00557723587,-0.00469049038,5.784711179e-05,-0.004632643269,-0.005183070163,-0.000321189478,-0.005504259641,-0.004989213146,0.000176847,-0.004812366146,-0.005422822928,-0.0003290672486,-0.005751890177,-0.001772771031,0.0001649612196,-0.001607809811,-0.001888057773,-3.147275092e-05,-0.001919530524,-0.004159444014,-1.537242161e-05,-0.004174816436,-0.003226227162,-5.351235874e-05,-0.003279739521,-0.004202130434,0.000439895519,-0.003762234915,-0.005854267254,-0.001259582404,-0.007113849658,-0.000961115024,-0.000104229485,-0.001065344509,-0.00812697126,-0.001505972277,-0.009632943537,-0.001846777737,-0.000420248599,-0.002267026336,-0.002692581647,-0.0001081545905,-0.002800736238,-0.003799007838,0.0003946760912,-0.003404331747,-0.003564169011,-0.0001935571184,-0.00375772613,-0.004399324407,-5.577885823e-05,-0.004455103265,-0.004639214215,-0.0002147952501,-0.004854009465,-0.003960493526,-0.0003908833993,-0.004351376925,-0.005321919573,-0.0002285694718,-0.005550489045,-0.005193304992,6.763295583e-05,-0.005125672036
49.0,-0.001280681559,0.00108805676,-0.0001926247993,-0.002813626566,-0.0002094601016,-0.003023086667,-0.003175762844,3.726914435e-05,-0.0031384937,-0.001502332143,-0.0003585439428,-0.001860876085,-0.0008109243948,-0.0007212571996,-0.001532181594,-0.002117796755,-0.0003378338262,-0.002455630581,-0.0002799421791,-0.0004681736457,-0.0007481158248,-0.001984550583,9.370930597e-05,-0.001890841277,0.00075328189,-0.0007712951638,-1.80132738e-05,-0.0004982374348,-0.0001382689148,-0.0006365063496,-0.0003271830209,0.0001677722025,-0.0001594108183,-0.005430409856,-0.001121070644,-0.0065514805,-0.004612284919,-0.0008629598741,-0.005475244793,-0.005460017785,-0.0009532758946,-0.00641329368,-0.004521161309,-0.001163048925,-0.005684210235,-0.0047669901,6.186548891e-05,-0.004705124611,-0.005245410517,-0.0003108593111,-0.005556269828,-0.005060614055,0.0001874248257,-0.004873189229,-0.005475646212,-0.0003319873674,-0.00580763358,-0.001780310256,0.0001746726869,-0.001605637569,-0.001914847103,-2.47686355e-05,-0.001939615738,-0.004184828111,-1.133509195e-05,-0.004196163203,-0.00327030044,-5.382818489e-05,-0.003324128625,-0.00424025239,0.0004395411301,-0.00380071126,-0.005913471908,-0.0012503764,-0.007163848308,-0.001018179824,-9.153053918e-05,-0.001109710363,-0.008210870814,-0.00151081043,-0.009721681244,-0.001930509843,-0.0004099018307,-0.002340411674,-0.002754020432,-0.0001133426871,-0.002867363119,-0.003832788173,0.0003932911422,-0.003439497031,-0.003665063944,-0.0001924455786,-0.003857509522,-0.004468764332,-5.221722223e-05,-0.004520981554,-0.004714345383,-0.0002047611606,-0.004919106544,-0.004008836014,-0.0003911834565,-0.004400019471,-0.005383921901,-0.0002280073086,-0.00561192921,-0.005247346808,6.238138396e-05,-0.005184965424
49.1,-0.001271887168,0.001090747431,-0.0001811397371,-0.002837661943,-0.0002008387069,-0.00303850065,-0.003194459627,3.475184917e-05,-0.003159707778,-0.001532269616,-0.0003589021497,-0.001891171766,-0.000859161237,-0.0007195603972,-0.001578721634,-0.002147462459,-0.0003299454981,-0.002477407957,-0.0003382491702,-0.0004651851522,-0.0008034343224,-0.002004624968,0.0001030399071,-0.001901585061,0.0006871811081,-0.000771138321,-8.395721288e-05,-0.0005408098114,-0.0001298784199,-0.0006706882313,-0.0003746986095,0.0001684034878,-0.0002062951218,-0.005485950539,-0.001098588763,-0.006584539302,-0.004706314553,-0.0008594997986,-0.005565814351,-0.005522189852,-0.000948876021,-0.006471065874,-0.004624740336,-0.00116468173,-0.005789422066,-0.004841169286,6.567288384e-05,-0.004775496403,-0.00530499096,-0.0002998225858,-0.005604813545,-0.005129361388,0.0001974237004,-0.004931937688,-0.00552756479,-0.0003334879265,-0.005861052717,-0.001791424433,0.0001844938333,-0.0016069306,-0.001944276878,-1.762863241e-05,-0.00196190551,-0.004213111699,-6.9752497e-06,-0.004220086949,-0.003316128076,-5.376896837e-05,-0.003369897045,-0.004278856088,0.000439293948,-0.00383956214,-0.005971489576,-0.001241489564,-0.007212979139,-0.001075443385,-7.888009461e-05,-0.001154323479,-0.008292482893,-0.001516211562,-0.009808694455,-0.002013726576,-0.000399107106,-0.002412833682,-0.002814386552,-0.0001181603208,-0.002932546873,-0.003865401883,0.000391931886,-0.003473469997,-0.00376356585,-0.0001909321209,-0.00395449797,-0.004537192241,-4.804995806e-05,-0.004585242199,-0.004790129308,-0.0001935752678,-0.004983704576,-0.004057669711,-0.0003901335777,-0.004447803289,-0.005445682791,-0.0002268860679,-0.005672568858,-0.005301276376,5.698943988e-05,-0.005244286936
49.2,-0.001265153997,0.001093288375,-0.0001718656215,-0.00286389462,-0.0001919640466,-0.003055858667,-0.003214596387,3.204527326e-05,-0.003182551114,-0.001563578364,-0.0003590334831,-0.001922611848,-0.0009069362952,-0.0007181469786,-0.001625083274,-0.00217677837,-0.0003217049768,-0.002498483346,-0.0003958053109,-0.0004619643457,-0.0008577696566,-0.002025614248,0.0001128534828,-0.001912760765,0.000620597775,-0.0007709846208,-0.0001503868458,-0.0005840181739,-0.0001213181335,-0.0007053363074,-0.0004233969955,0.0001696771601,-0.0002537198354,-0.005540023595,-0.001075760716,-0.006615784311,-0.004798691492,-0.0008552551384,-0.00565394663,-0.005582716807,-0.0009443449698,-0.006527061777,-0.00472686096,-0.001165637842,-0.005892498802,-0.004912767158,6.921862924e-05,-0.004843548529,-0.005361860891,-0.0002881431611,-0.005650004052,-0.005195176906,0.0002067677211,-0.004988409184,-0.005578479111,-0.0003335576917,-0.005912036802,-0.001806018755,0.0001943963754,-0.00161162238,-0.001976134447,-1.008088886e-05,-0.001986215336,-0.004243956822,-2.364159141e-06,-0.004246320981,-0.003363384609,-5.336878059e-05,-0.00341675339,-0.004317589719,0.0004391327674,-0.003878456952,-0.006028184731,-0.001232986166,-0.007261170897,-0.00113268476,-6.633432609e-05,-0.001199019086,-0.008371673055,-0.001522140212,-0.009893813267,-0.002096260616,-0.0003878718631,-0.002484132479,-0.002873476953,-0.0001226150172,-0.00299609197,-0.003896701924,0.0003905671924,-0.003506134732,-0.003859383509,-0.0001890427463,-0.004048426255,-0.004604384109,-4.328820792e-05,-0.004647672317,-0.004866297381,-0.0001813001477,-0.005047597529,-0.004106879615,-0.0003877060456,-0.004494585661,-0.005506945978,-0.0002252647684,-0.005732210747,-0.005354967929,5.154029536e-05,-0.005303427634
49.3,-0.001260375886,0.001095649136,-0.0001647267493,-0.002892134849,-0.0001829091753,-0.003075044025,-0.003235948224,2.912595342e-05,-0.00320682227,-0.001596027992,-0.0003589516761,-0.001954979668,-0.0009540372891,-0.000717035322,-0.001671072611,-0.002205578772,-0.0003131482581,-0.00251872703,-0.0004523967072,-0.0004585226231,-0.0009109193303,-0.002047444492,0.0001231386316,-0.00192430586,0.0005537955474,-0.0007708261249,-0.0002170305775,-0.0006277383496,-0.0001126190108,-0.0007403573604,-0.0004730423938,0.0001715823773,-0.0003014600165,-0.005592571598,-0.001052635999,-0.006645207598,-0.004889109254,-0.0008503262939,-0.005739435548,-0.005641425347,-0.0009396836981,-0.006581109045,-0.00482721121,-0.001165867554,-0.005993078763,-0.00498153968,7.245753396e-05,-0.004909082146,-0.005416080713,-0.0002759004225,-0.005691981136,-0.005257807163,0.0002153884232,-0.00504241874,-0.005628278635,-0.000332206904,-0.005960485539,-0.001823970527,0.0002043526831,-0.001619617844,-0.002010189599,-2.155845396e-06,-0.002012345444,-0.004277011433,2.427009064e-06,-0.004274584424,-0.003411734955,-5.266244793e-05,-0.003464397403,-0.004356107032,0.0004390346594,-0.003917072372,-0.006083430713,-0.001224925277,-0.007308355989,-0.001189694709,-5.394807925e-05,-0.001243642789,-0.008448321522,-0.001528550218,-0.00997687174,-0.002177948639,-0.0003762167803,-0.00255416542,-0.002931104486,-0.0001267168784,-0.003057821364,-0.003926555825,0.0003891615502,-0.003537394275,-0.003952249608,-0.0001868081923,-0.0041390578,-0.004670123085,-3.795346387e-05,-0.004708076549,-0.004942581153,-0.0001679985274,-0.005110579681,-0.004156340167,-0.0003838936938,-0.004540233861,-0.005567463922,-0.0002232029324,-0.005790666854,-0.005408281299,4.610749881e-05,-0.0053621738
49.4,-0.001257430153,0.001097799414,-0.0001596307396,-0.002922174565,-0.0001737463936,-0.003095920958,-0.003258281052,2.597279024e-05,-0.003232308262,-0.00162937651,-0.000358671029,-0.001988047539,-0.001000259824,-0.0007162395558,-0.00171649938,-0.00223369554,-0.0003043119364,-0.002538007476,-0.000507813409,-0.0004548727621,-0.0009626861711,-0.002070025791,0.0001338781049,-0.001936147686,0.0004870397015,-0.0007706532818,-0.0002836135803,-0.0006718403926,-0.0001038132165,-0.0007756536091,-0.0005233917952,0.0001741029511,-0.0003492888441,-0.005643534782,-0.001029266959,-0.006672801741,-0.004977263233,-0.0008448264332,-0.005822089666,-0.005698150983,-0.0009348912783,-0.006633042261,-0.004925484732,-0.001165328467,-0.006090813199,-0.005047261668,7.535141079e-05,-0.004971910258,-0.005467723726,-0.0002631814839,-0.005730905209,-0.005317022694,0.0002232260442,-0.00509379665,-0.00567683881,-0.0003294670284,-0.006006305839,-0.001845131107,0.0002143357878,-0.001630795319,-0.002046196688,6.113791985e-06,-0.002040082896,-0.004311911653,7.327606111e-06,-0.004304584047,-0.003460836163,-5.168510204e-05,-0.003512521265,-0.004394070008,0.0004389752615,-0.003955094747,-0.006137109768,-0.001217359396,-0.007354469164,-0.001246273387,-4.177382409e-05,-0.001288047212,-0.008522320516,-0.001535385875,-0.01005770639,-0.00225862559,-0.000364176497,-0.002622802087,-0.002987095045,-0.0001304772188,-0.003117572263,-0.003954841429,0.0003876753564,-0.003567166073,-0.004041920505,-0.0001842629389,-0.004226183444,-0.004734198347,-3.207776152e-05,-0.004766276108,-0.005018716307,-0.0001537309426,-0.005172447249,-0.004205913666,-0.0003787107966,-0.004584624463,-0.005626995972,-0.0002207604642,-0.005847756436,-0.005461058997,4.075276868e-05,-0.005420306228
49.5,-0.001256179289,0.001099709686,-0.0001564696027,-0.002953789027,-0.0001645462117,-0.003118335239,-0.003281353953,2.256709117e-05,-0.003258786861,-0.001663372608,-0.0003582064451,-0.002021579053,-0.001045405483,-0.0007157695493,-0.001761175032,-0.002260959377,-0.0002952328951,-0.002556192272,-0.0005618476354,-0.0004510289195,-0.001012876555,-0.002093253359,0.0001450486583,-0.001948204701,0.000420598236,-0.0007704557301,-0.0003498574941,-0.0007161855218,-9.493392098e-05,-0.0008111194428,-0.0005741933823,0.0001772174985,-0.0003969758838,-0.005692847979,-0.001005710517,-0.006698558496,-0.00506285195,-0.0008388800737,-0.005901732023,-0.005752738258,-0.0009299650771,-0.006682703335,-0.005021382716,-0.001163985329,-0.006185368045,-0.005109728302,7.787062796e-05,-0.005031857674,-0.005516878548,-0.0002500727999,-0.005766951348,-0.005372616645,0.0002302309705,-0.005142385674,-0.005724018287,-0.0003253899579,-0.006049408245,-0.001869328048,0.0002243193258,-0.001645008722,-0.00208389681,1.469310176e-05,-0.002069203708,-0.004348284312,1.226779668e-05,-0.004336016515,-0.003510340045,-5.047182724e-05,-0.003560811872,-0.004431151471,0.0004389292633,-0.003992222207,-0.006189111976,-0.001210334148,-0.007399446124,-0.001302227294,-2.986112212e-05,-0.001332088416,-0.008593571637,-0.001542583614,-0.01013615525,-0.002338120465,-0.0003517994628,-0.002689919928,-0.003041286074,-0.0001339071935,-0.003175193267,-0.003981444063,0.0003860658198,-0.003595378243,-0.004128175911,-0.0001814440401,-0.004309619951,-0.004796404022,-2.570370552e-05,-0.004822107728,-0.005094445971,-0.0001385539386,-0.00523299991,-0.004255449276,-0.0003721929901,-0.004627642266,-0.005685307072,-0.0002179966544,-0.005903303726,-0.005513125508,3.552500962e-05,-0.005477600499
49.6,-0.001256472995,0.001101351792,-0.0001551212026,-0.002986738925,-0.0001553765299,-0.003142115455,-0.003304922039,1.889254816e-05,-0.003286029491,-0.001697758197,-0.0003575734866,-0.002055331684,-0.001089281608,-0.0007156310465,-0.001804912655,-0.002287201474,-0.0002859480811,-0.002573149555,-0.0006142943663,-0.0004470066614,-0.001061301028,-0.002117009068,0.0001566210248,-0.001960388044,0.0003547395345,-0.0007702231696,-0.0004154836351,-0.000760626156,-8.60151682e-05,-0.0008466413242,-0.0006251877468,0.0001808996281,-0.0004442881186,-0.005740438704,-0.0009820295251,-0.006722468229,-0.00514557953,-0.0008326204376,-0.005978199968,-0.005805041699,-0.00092490127,-0.006729942969,-0.005114616476,-0.001161810305,-0.006276426781,-0.005168756655,7.999521954e-05,-0.005088761435,-0.005563651549,-0.0002366530325,-0.005800304581,-0.005424405016,0.000236365107,-0.005188039909,-0.005769658551,-0.0003200468294,-0.006089705381,-0.001896368051,0.0002342775419,-0.001662090509,-0.002123020816,2.354512296e-05,-0.002099475693,-0.004385750827,1.717892844e-05,-0.004368571899,-0.003559897303,-4.905737008e-05,-0.003608954673,-0.004467038117,0.0004388710161,-0.004028167101,-0.006239334344,-0.001203888889,-0.007443223234,-0.001357367447,-1.8256511e-05,-0.001375623958,-0.008661985858,-0.001550072996,-0.01021205885,-0.002416255223,-0.0003391472887,-0.002755402512,-0.003093527556,-0.0001370167164,-0.003230544273,-0.004006256592,0.0003842883807,-0.003621968211,-0.004210819646,-0.0001783896418,-0.004389209288,-0.00485653958,-1.888406986e-05,-0.00487542365,-0.005169522966,-0.0001225194161,-0.005292042382,-0.004304783535,-0.0003643962687,-0.004669179803,-0.005742168729,-0.0002149683758,-0.005957137105,-0.005564288984,3.046006122e-05,-0.005533828922
49.7,-0.001258151064,0.001102699386,-0.0001554516781,-0.00302077345,-0.0001463020958,-0.003167075545,-0.003328740293,1.493517776e-05,-0.003313805115,-0.001732271643,-0.0003567884033,-0.002089060047,-0.001131703543,-0.0007158258973,-0.00184752944,-0.002312256026,-0.0002764942766,-0.002588750302,-0.0006649547391,-0.0004428229469,-0.001107777686,-0.002141163634,0.0001685601338,-0.0019726035,0.000289726732,-0.0007699460464,-0.0004802193144,-0.0008050094199,-7.709168872e-05,-0.0008821011086,-0.0006761122054,0.0001851182576,-0.0004909939478,-0.005786226412,-0.0009582939605,-0.006744520373,-0.005225160061,-0.0008261855095,-0.00605134557,-0.005854927826,-0.0009196955432,-0.00677462337,-0.005204910397,-0.001158784116,-0.006363694513,-0.005224187674,8.171530994e-05,-0.005142472364,-0.005608167672,-0.0002229888245,-0.005831156496,-0.005472229428,0.0002416028454,-0.005230626582,-0.00581358691,-0.0003135265036,-0.006127113413,-0.001926040809,0.0002441853183,-0.001681855491,-0.002163293397,3.263110979e-05,-0.002130662287,-0.004423932593,2.199401176e-05,-0.004401938581,-0.003609163043,-4.747588919e-05,-0.003656638933,-0.004501434087,0.0004387751731,-0.004062658914,-0.006287680996,-0.001198057967,-0.007485738963,-0.001411509738,-7.003654062e-06,-0.001418513392,-0.008727486749,-0.001557776617,-0.01028526337,-0.002492847117,-0.0003262937621,-0.002819140879,-0.003143685363,-0.000139813841,-0.003283499204,-0.004029182467,0.0003822985039,-0.003646883963,-0.004289681677,-0.0001751373324,-0.00446481901,-0.004914412178,-1.16810048e-05,-0.004926093183,-0.005243710948,-0.0001056756516,-0.005349386599,-0.004353743082,-0.0003553949943,-0.004709138076,-0.00579736287,-0.0002117277897,-0.00600909066,-0.00561434495,2.55808059e-05,-0.005588764144
49.8,-0.001261047234,0.001103728305,-0.000157318929,-0.003055634512,-0.0001373841715,-0.003193018683,-0.003352568369,1.068331125e-05,-0.003341885057,-0.001766651782,-0.0003558680601,-0.002122519842,-0.001172499058,-0.0007163522899,-0.001888851348,-0.002335963646,-0.0002669077977,-0.002602871443,-0.0007136416404,-0.000438496011,-0.001152137651,-0.002165579417,0.0001808256592,-0.001984753758,0.0002258100493,-0.0007696159641,-0.0005438059148,-0.0008491832264,-6.819862784e-05,-0.0009173818543,-0.000726707412,0.000189838073,-0.000536869339,-0.005830122536,-0.0009345822518,-0.006764704788,-0.005301323849,-0.0008197131695,-0.006121037018,-0.005902278395,-0.0009143436308,-0.006816622026,-0.00529200514,-0.001154897763,-0.006446902903,-0.00527588898,8.303108916e-05,-0.005192857891,-0.005650568753,-0.0002091339265,-0.005859702679,-0.005515962087,0.0002459315636,-0.005270030524,-0.005855622596,-0.0003059335808,-0.006161556177,-0.001958123533,0.0002540181571,-0.001704105376,-0.002204438052,4.191076464e-05,-0.002162527287,-0.00446245753,2.664825107e-05,-0.004435809279,-0.003657803151,-4.576067993e-05,-0.003703563831,-0.004534064862,0.0004386173132,-0.004095447549,-0.006334064427,-0.00119287245,-0.007526936877,-0.001464477368,3.856404624e-06,-0.001460620963,-0.00879001561,-0.001565609526,-0.01035562514,-0.002567713942,-0.0003133232675,-0.002881037209,-0.003191646176,-0.0001423045152,-0.003333950691,-0.004050140856,0.0003800537143,-0.003670087142,-0.004364621008,-0.0001717226775,-0.004536343685,-0.004969840614,-4.165075262e-06,-0.00497400569,-0.005316784838,-8.807024599e-05,-0.005404855084,-0.004402149681,-0.0003452790901,-0.004747428771,-0.005850687773,-0.0002083201866,-0.006059007959,-0.005663080916,2.089688404e-05,-0.005642184032
49.9,-0.001264993874,0.001104416956,-0.0001605769179,-0.003091061896,-0.0001286802554,-0.003219742152,-0.003376175996,6.127681988e-06,-0.003370048314,-0.001800642495,-0.0003548297491,-0.002155472244,-0.001211514031,-0.0007172049278,-0.001928718959,-0.002358175407,-0.0002572241377,-0.002615399545,-0.0007601863129,-0.0004340451642,-0.001194231477,-0.002190113652,0.0001933728252,-0.001996740827,0.0001632187224,-0.0007692258509,-0.0006060071285,-0.0008930034339,-5.9371225e-05,-0.0009523746589,-0.0007767249362,0.0001950200947,-0.0005817048416,-0.005872030866,-0.0009109827839,-0.00678301365,-0.005373824817,-0.0008133362395,-0.006187161057,-0.005946994501,-0.0009088414564,-0.006855835957,-0.005375661713,-0.001150153696,-0.006525815409,-0.005323758623,8.395274261e-05,-0.00523980588,-0.005691010082,-0.0001951305172,-0.005886140599,-0.005555511986,0.0002493518662,-0.00530616012,-0.005895585103,-0.0002973858309,-0.006192970934,-0.001992385843,0.0002637521783,-0.001728633664,-0.002246182565,5.134246004e-05,-0.002194840105,-0.004500967191,3.107964568e-05,-0.004469887546,-0.003705500767,-4.394378417e-05,-0.003749444551,-0.004564681127,0.0004383745388,-0.004126306589,-0.006378407553,-0.001188361746,-0.007566769299,-0.001516104592,1.428508041e-05,-0.001501819511,-0.008849536356,-0.001573479219,-0.01042301558,-0.002640680944,-0.000300328481,-0.002941009425,-0.003237322741,-0.0001444925253,-0.003381815267,-0.0040690724,0.0003775156762,-0.003691556724,-0.004435528792,-0.0001681781723,-0.004603706964,-0.005022660142,3.585815883e-06,-0.005019074326,-0.005388530632,-6.975488758e-05,-0.005458285519,-0.004449826675,-0.0003341509189,-0.004783977594,-0.005901964462,-0.0002047826927,-0.006106747155,-0.005710280517,1.640319315e-05,-0.005693877323
50.0,-0.001269827057,0.001104746751,-0.0001650803066,-0.003126798861,-0.0001202437221,-0.003247042584,-0.00339934836,1.261554771e-06,-0.003398086805,-0.001833997426,-0.0003536909548,-0.002187688381,-0.001248618024,-0.0007183751794,-0.001966993204,-0.00237875697,-0.0002474776318,-0.002626234602,-0.0008044444835,-0.0004294905552,-0.001233935039,-0.002214621748,0.0002061533048,-0.002008468443,0.0001021542427,-0.0007687699226,-0.0006666156799,-0.0009363403504,-5.064444482e-05,-0.0009869847952,-0.0008259342375,0.0002006223366,-0.0006253119009,-0.005911848081,-0.0008875951925,-0.006799443273,-0.005442447546,-0.000807178255,-0.006249625801,-0.005989000622,-0.0009031848674,-0.00689218549,-0.005455666946,-0.00114456491,-0.006600231856,-0.005367729218,8.450053174e-05,-0.005283228686,-0.005729656475,-0.000181011014,-0.005910667489,-0.005590830877,0.0002518777146,-0.005338953162,-0.00593330336,-0.0002880111518,-0.006221314511,-0.002028594639,0.0002733642731,-0.001755230366,-0.002288264409,6.088354877e-05,-0.00222738086,-0.004539123661,3.522974456e-05,-0.004503893916,-0.003751961994,-4.205546926e-05,-0.003794017463,-0.004593062077,0.000438025996,-0.004155036081,-0.006420646459,-0.001184554123,-0.007605200582,-0.001566240628,2.42463184e-05,-0.00154199431,-0.008906038557,-0.00158128698,-0.01048732554,-0.002711587651,-0.0002874077765,-0.002998995428,-0.003280657901,-0.0001463795111,-0.003427037412,-0.004085943867,0.0003746521031,-0.003711291764,-0.004502331015,-0.0001645326062,-0.004666863621,-0.005072727247,1.148782107e-05,-0.005061239426,-0.005458744195,-5.079130089e-05,-0.005509535496,-0.004496605613,-0.0003221222517,-0.004818727864,-0.005951042046,-0.0002011440918,-0.006152186138,-0.00575572657,1.207763147e-05,-0.005743648938
50.1,-0.001275391282,0.001104702474,-0.0001706888085,-0.003162597395,-0.0001121233809,-0.003274720776,-0.00342189071,-3.919197605e-06,-0.003425809908,-0.001866484256,-0.0003524691675,-0.002218953423,-0.001283708283,-0.0007198512569,-0.002003559539,-0.002397592132,-0.0002377011945,-0.002635293327,-0.0008463004323,-0.000424852927,-0.001271153359,-0.002238960268,0.0002191160984,-0.00201984417,4.278655689e-05,-0.0007682434831,-0.0007254569262,-0.0009790828579,-4.205251758e-05,-0.001021135376,-0.0008741274145,0.0002066005629,-0.0006675268516,-0.005949464523,-0.0008645306907,-0.006813995213,-0.005507012286,-0.0008013501914,-0.006308362478,-0.006028247633,-0.0008973689672,-0.0069256166,-0.005531839451,-0.001138151513,-0.006669990964,-0.005407771375,8.470494407e-05,-0.005323066431,-0.005766678058,-0.0001667997059,-0.005933477764,-0.005621917233,0.0002535363656,-0.005368380867,-0.005968623927,-0.0002779444563,-0.006246568384,-0.002066518412,0.0002828324124,-0.001783685999,-0.002330435362,7.049077739e-05,-0.002259944584,-0.004576615378,3.904455947e-05,-0.004537570819,-0.003796919973,-4.012366717e-05,-0.00383704364,-0.004619017622,0.0004375532369,-0.004181464385,-0.006460733603,-0.001181475663,-0.007642209266,-0.001614752488,3.370686173e-05,-0.001581045626,-0.008959538247,-0.001588930373,-0.01054846862,-0.002780292797,-0.000274662873,-0.00305495567,-0.003321625993,-0.0001479649986,-0.003469590992,-0.004100750172,0.0003714384002,-0.003729311772,-0.00456498985,-0.000160810747,-0.004725800597,-0.005119923395,1.945298031e-05,-0.005100470415,-0.005527228719,-3.125724138e-05,-0.005558485961,-0.004542331942,-0.000309311482,-0.004851643424,-0.005997800906,-0.0001974253831,-0.006195226289,-0.005799203514,7.880047944e-06,-0.005791323466
50.2,-0.001281543059,0.001104272423,-0.0001772706353,-0.003198222335,-0.000104363063,-0.003302585398,-0.003443631593,-9.416104833e-06,-0.003453047698,-0.001897888029,-0.0003511817807,-0.00224906981,-0.001316710971,-0.0007216184517,-0.002038329422,-0.002414585214,-0.0002279261297,-0.002642511343,-0.0008856679125,-0.000420153369,-0.001305821282,-0.002262989264,0.0002322083648,-0.002030780899,-1.474588071e-05,-0.0007676426911,-0.0007823885718,-0.001021139025,-3.362839965e-05,-0.001054767425,-0.0009211206807,0.0002129090932,-0.0007082115876,-0.005984765224,-0.0008419108452,-0.006826676069,-0.005567377259,-0.0007959476521,-0.006363324911,-0.006064714147,-0.0008913871626,-0.00695610131,-0.005604034126,-0.001130936048,-0.006734970175,-0.005443895115,8.460654963e-05,-0.005359288565,-0.005802245089,-0.00015251455,-0.005954759639,-0.005648816702,0.0002543680121,-0.00539444869,-0.006001416305,-0.0002673249662,-0.006268741271,-0.002105930444,0.0002921359254,-0.001813794519,-0.002372464677,8.012068354e-05,-0.002292343994,-0.004613161108,4.247547795e-05,-0.00457068563,-0.003840136983,-3.817350562e-05,-0.003878310489,-0.004642389215,0.0004369404148,-0.0042054488,-0.006498641071,-0.001179147808,-0.007677788878,-0.001661525685,4.263659414e-05,-0.001618889091,-0.00901007682,-0.001596306323,-0.01060638314,-0.002846676308,-0.0002621967094,-0.003108873018,-0.003360231056,-0.0001492464524,-0.003509477509,-0.004113513093,0.0003678590248,-0.003745654068,-0.004623502913,-0.0001570333229,-0.004780536236,-0.005164156801,2.73912916e-05,-0.00513676551,-0.005593791142,-1.125129523e-05,-0.005605042437,-0.004586868816,-0.0002958411589,-0.004882709975,-0.006042153132,-0.0001936406862,-0.006235793818,-0.005840500135,3.75426852e-06,-0.005836745867
50.3,-0.001288152982,0.001103448308,-0.0001847046746,-0.003233453937,-9.700133409e-05,-0.003330455271,-0.003464424549,-1.522816131e-05,-0.00347965271,-0.001928013365,-0.0003498460468,-0.002277859411,-0.001347579615,-0.000723659426,-0.002071239041,-0.002429662138,-0.0002181820009,-0.002647844139,-0.0009224882439,-0.0004154130952,-0.001337901339,-0.002286573875,0.0002453762014,-0.002041197674,-7.033314581e-05,-0.0007669644974,-0.0008372976432,-0.001062433687,-2.540326293e-05,-0.00108783695,-0.0009667530546,0.0002195015397,-0.000747251515,-0.00601763117,-0.0008198649372,-0.006837496108,-0.005623439079,-0.0007910477758,-0.006414486855,-0.00609840604,-0.0008852303047,-0.006983636345,-0.005672144223,-0.001122939245,-0.006795083468,-0.005476148507,8.425509835e-05,-0.005391893409,-0.005836521635,-0.0001381693938,-0.005974691029,-0.005671618855,0.0002544250673,-0.005417193787,-0.006031574488,-0.0002562941064,-0.006287868594,-0.002146610803,0.000301255588,-0.001845355215,-0.002414140724,8.972988183e-05,-0.002324410842,-0.004648511969,4.547995833e-05,-0.004603032011,-0.003881405094,-3.622701742e-05,-0.003917632111,-0.004663049538,0.0004361744344,-0.004226875104,-0.006534363782,-0.001177583824,-0.007711947606,-0.001706462775,5.100891272e-05,-0.001655453862,-0.00905771836,-0.001603314392,-0.01066103275,-0.00291063862,-0.0002501112666,-0.003160749886,-0.003396502736,-0.0001502193589,-0.003546722094,-0.00412427752,0.0003639084939,-0.003760369026,-0.004677900303,-0.0001532173428,-0.004831117646,-0.00520536208,3.521272228e-05,-0.005170149358,-0.005658238728,9.104529535e-06,-0.005649134199,-0.004630098574,-0.0002818358254,-0.0049119344,-0.00608404038,-0.000189798541,-0.006273838921,-0.005879413416,-3.665245481e-07,-0.005879779941
50.4,-0.001295106558,0.001102225002,-0.0001928815558,-0.003268089214,-9.007134419e-05,-0.003358160558,-0.003484148734,-2.135190616e-05,-0.00350550064,-0.001956685851,-0.0003484790656,-0.002305164916,-0.001376292087,-0.0007259545778,-0.002102246665,-0.002442770609,-0.0002084965653,-0.002651267174,-0.0009567273817,-0.0004106532915,-0.001367380673,-0.002309585515,0.0002585653694,-0.002051020146,-0.0001238906035,-0.0007662068767,-0.0008900974802,-0.001102905176,-1.740612779e-05,-0.001120311304,-0.001010884332,0.0002263313955,-0.0007845529367,-0.006047941252,-0.0007985265414,-0.006846467794,-0.005675132818,-0.0007867057638,-0.006461838582,-0.006129354784,-0.0008788862399,-0.007008241024,-0.005736101698,-0.001114177013,-0.00685027871,-0.005504614,8.370769211e-05,-0.005420906308,-0.005869658647,-0.0001237764997,-0.005993435146,-0.00569045153,0.0002537709271,-0.005436680603,-0.006059015694,-0.0002449938055,-0.0063040095,-0.002188347591,0.0003101735662,-0.001878174025,-0.002455271724,9.927530922e-05,-0.002355996414,-0.004682452311,4.802194006e-05,-0.00463443037,-0.00392054649,-3.43030341e-05,-0.003954849524,-0.004680901849,0.0004352451765,-0.004245656673,-0.006567922879,-0.001176784702,-0.007744707581,-0.001749480886,5.880122633e-05,-0.00169067966,-0.009102545919,-0.001609860223,-0.01071240614,-0.002972098821,-0.0002385053307,-0.003210604152,-0.003430491931,-0.0001508772939,-0.003581369225,-0.004133107354,0.0003595918879,-0.003773515467,-0.004728240404,-0.0001493767117,-0.004877617116,-0.00524349886,4.282910487e-05,-0.005200669755,-0.005720377503,2.966510053e-05,-0.005690712403,-0.004671922497,-0.0002674200457,-0.004939342543,-0.00612343053,-0.00018590366,-0.00630933419,-0.005915753947,-4.552456663e-06,-0.005920306404
50.5,-0.001302304438,0.001100600234,-0.0002017042045,-0.003301942819,-8.360079869e-05,-0.003385543618,-0.003502709183,-2.778152668e-05,-0.00353049071,-0.001983753183,-0.0003470977995,-0.002330850982,-0.001402848028,-0.0007284824958,-0.002131330524,-0.002453880084,-0.0001988957536,-0.002652775838,-0.0009883739852,-0.0004058950432,-0.001394269028,-0.002331903108,0.0002717219947,-0.002060181114,-0.0001753578306,-0.0007653692615,-0.0009407270921,-0.001142503602,-9.663639117e-06,-0.001152167241,-0.001053394534,0.0002333525106,-0.0008200420231,-0.006075575728,-0.0007780297882,-0.006853605516,-0.005722432487,-0.0007829519577,-0.006505384445,-0.006157615847,-0.0008723397014,-0.007029955548,-0.005795876808,-0.001104658942,-0.00690053575,-0.005529403785,8.302624755e-05,-0.005446377537,-0.005901787151,-0.0001093493077,-0.006011136459,-0.005705474726,0.00025247795,-0.005452996776,-0.006083678382,-0.0002335649411,-0.006317243323,-0.002230938157,0.0003188733807,-0.001912064776,-0.002495686448,0.0001087145771,-0.002386971871,-0.004714800565,5.007210734e-05,-0.004664728458,-0.003957414374,-3.241723005e-05,-0.003989831604,-0.004695879724,0.0004341458015,-0.004261733923,-0.006599369079,-0.001176735471,-0.00777610455,-0.001790510017,6.599563571e-05,-0.001724514382,-0.009144657803,-0.001615858822,-0.01076051662,-0.003030993563,-0.0002274723041,-0.003258465867,-0.003462268078,-0.0001512119531,-0.003613480031,-0.004140083046,0.0003549247388,-0.003785158307,-0.004774605968,-0.0001455229658,-0.004920128934,-0.005278550946,5.015607731e-05,-0.005228394868,-0.005780013762,5.026542084e-05,-0.005729748341,-0.004712260029,-0.0002527165402,-0.00496497657,-0.006160315065,-0.0001819587148,-0.00634227378,-0.005949352735,-8.869617178e-06,-0.005958222352
50.6,-0.001309662712,0.001098574212,-0.0002110885007,-0.003334848216,-7.761205707e-05,-0.003412460273,-0.003520037257,-3.45089815e-05,-0.003554546238,-0.002009086501,-0.0003457190986,-0.002354805599,-0.001427267935,-0.000731220479,-0.002158488414,-0.002462982087,-0.0001894036272,-0.002652385715,-0.00101743951,-0.0004011592855,-0.001418598796,-0.002353414694,0.0002847933002,-0.002068621393,-0.0002247004509,-0.000764452952,-0.0009891534028,-0.001181191806,-2.199888775e-06,-0.001183391695,-0.001094185776,0.0002405195722,-0.0008536662038,-0.006100421601,-0.0007585054393,-0.00685892704,-0.005765351807,-0.0007797905816,-0.006545142389,-0.006183268098,-0.0008655722974,-0.007048840395,-0.005851476867,-0.001094388796,-0.006945865662,-0.005550655428,8.227456056e-05,-0.005468380867,-0.005933012065,-9.490566331e-05,-0.006027917728,-0.005716875427,0.0002506245439,-0.005466250883,-0.006105521419,-0.0002221458642,-0.006327667284,-0.002274190631,0.0003273399602,-0.00194685067,-0.002535235367,0.0001180064535,-0.002417228913,-0.004745410765,5.160815492e-05,-0.00469380261,-0.003991894724,-3.058227887e-05,-0.004022477003,-0.00470794753,0.0004328730306,-0.004275074499,-0.006628785,-0.001177403104,-0.007806188104,-0.001829493256,7.257965892e-05,-0.001756913597,-0.009184165229,-0.001621236954,-0.01080540218,-0.003087278267,-0.0002170979705,-0.003304376238,-0.003491918674,-0.0001512132756,-0.00364313195,-0.004145301523,0.0003499323567,-0.003795369166,-0.004817101515,-0.0001416659661,-0.004958767481,-0.005310527049,5.711515704e-05,-0.005253411892,-0.005836958905,7.072625718e-05,-0.005766232648,-0.004751048419,-0.000237844425,-0.004988892844,-0.006194708368,-0.0001779656367,-0.006372674005,-0.005980069029,-1.337385458e-05,-0.005993442883
50.7,-0.001317113539,0.001096149222,-0.0002209643166,-0.003366659439,-7.212232689e-05,-0.003438781766,-0.00353609147,-4.152408307e-05,-0.003577615553,-0.002032582114,-0.0003443596676,-0.002376941782,-0.001449594127,-0.0007341450415,-0.002183739168,-0.002470091061,-0.0001800422335,-0.002650133294,-0.001043960185,-0.0003964667069,-0.001440426892,-0.002374019416,0.0002977283891,-0.002076291027,-0.0002719140743,-0.0007634613428,-0.001035375417,-0.001218948647,4.963784925e-06,-0.001213984862,-0.001133186171,0.0002477886499,-0.0008853975214,-0.006122379387,-0.0007400769535,-0.00686245634,-0.005803944886,-0.000777200566,-0.006581145452,-0.006206414162,-0.0008585626397,-0.007064976801,-0.00590294369,-0.001083367286,-0.006986310976,-0.005568528312,8.151526688e-05,-0.005487013045,-0.005963407144,-8.047161176e-05,-0.006043878756,-0.005724863896,0.0002482915668,-0.005476572329,-0.006124525095,-0.0002108710248,-0.00633539612,-0.002317925788,0.0003355597046,-0.001982366084,-0.002573792274,0.0001271113505,-0.002446680923,-0.004774174704,5.26150773e-05,-0.004721559627,-0.004023908601,-2.880805757e-05,-0.004052716658,-0.004717101461,0.0004314273033,-0.004285674158,-0.006656285331,-0.001178736476,-0.007835021807,-0.001866388988,7.854677851e-05,-0.00178784221,-0.009221192093,-0.001625934056,-0.01084712615,-0.003140930895,-0.0002074582325,-0.003348389128,-0.00351955041,-0.0001508698599,-0.00367042027,-0.004148878033,0.0003446487954,-0.003804229237,-0.004855852135,-0.0001378145518,-0.004993666687,-0.005339463034,6.363577372e-05,-0.00527582726,-0.005891036922,9.086123926e-05,-0.005800175683,-0.004788243139,-0.0002229175603,-0.005011160699,-0.006226648907,-0.0001739263367,-0.006400575243,-0.006007798769,-1.810587103e-05,-0.00602590464
50.8,-0.001324606163,0.001093329335,-0.0002312768278,-0.003397253379,-6.714386811e-05,-0.003464397247,-0.003550858532,-4.881447397e-05,-0.003599673006,-0.002054163496,-0.0003430359172,-0.002397199414,-0.001469892889,-0.0007372323209,-0.00220712521,-0.002475245605,-0.0001708313449,-0.002646076949,-0.001067999946,-0.0003918375798,-0.001459837526,-0.002393629707,0.0003104790258,-0.002083150681,-0.0003170287606,-0.0007623999486,-0.001079428709,-0.001255773356,1.180900998e-05,-0.001243964346,-0.001170354546,0.0002551177753,-0.0009152367704,-0.006141370063,-0.0007228569496,-0.006864227012,-0.005838306589,-0.0007751382138,-0.006613444803,-0.006227180725,-0.000851287081,-0.007078467806,-0.005950350156,-0.001071596401,-0.007021946557,-0.005583200965,8.08070354e-05,-0.00550239393,-0.005993011892,-6.608510405e-05,-0.006059096997,-0.005729671222,0.000245558559,-0.005484112663,-0.006140693663,-0.0001998695832,-0.006340563246,-0.002361979004,0.0003435205065,-0.002018458497,-0.002611256134,0.0001359917299,-0.002475264404,-0.004801024302,5.308547915e-05,-0.004747938823,-0.004053414342,-2.710180861e-05,-0.00408051615,-0.00472337072,0.000429812764,-0.004293557956,-0.006682014517,-0.001180667977,-0.007862682495,-0.001901174231,8.389665754e-05,-0.001817277574,-0.009255876239,-0.001629902076,-0.01088577832,-0.003191956706,-0.0001986173267,-0.003390574032,-0.00354529055,-0.0001501697543,-0.003695460305,-0.004150948555,0.0003391156094,-0.003811832945,-0.004891003033,-0.0001339771617,-0.005024980194,-0.005365424728,6.965696171e-05,-0.005295767766,-0.005942093105,0.0001104844154,-0.00583160869,-0.0048238188,-0.0002080431528,-0.005031861952,-0.006256201426,-0.0001698430601,-0.006426044486,-0.006032482865,-2.308774214e-05,-0.006055570608
50.9,-0.001332108086,0.001090120347,-0.0002419877389,-0.003426532092,-6.268414682e-05,-0.003489216239,-0.003564354189,-5.636552101e-05,-0.00362071971,-0.00207378316,-0.0003417637213,-0.002415546881,-0.001488256648,-0.0007404583682,-0.002228715016,-0.00247850965,-0.0001617881633,-0.002640297814,-0.001089652973,-0.000387291544,-0.001476944517,-0.00241217334,0.0003230003108,-0.002089173029,-0.0003601121847,-0.0007612762555,-0.00112138844,-0.001291689315,1.832057854e-05,-0.001273368736,-0.001205684409,0.0002624675013,-0.0009432169079,-0.006157340914,-0.000706944451,-0.006864285365,-0.005868572455,-0.0007735409221,-0.006642113377,-0.006245717696,-0.0008437214954,-0.007089439192,-0.005993797079,-0.001059083642,-0.007052880721,-0.005594869002,8.020229519e-05,-0.005514666706,-0.006021831145,-5.179839422e-05,-0.006073629539,-0.005731547376,0.0002425004439,-0.005489046933,-0.006154058559,-0.0001892637339,-0.006343322293,-0.002406202026,0.0003512118121,-0.002054990214,-0.002647552701,0.0001446124895,-0.002502940212,-0.004825933489,5.301996737e-05,-0.004772913522,-0.004080408792,-2.5468206e-05,-0.004105876998,-0.004726818226,0.0004280370481,-0.004298781178,-0.006706142383,-0.001183116091,-0.007889258474,-0.0019338477,8.86350312e-05,-0.001845212669,-0.009288370258,-0.001633105457,-0.01092147571,-0.003240391651,-0.000190627003,-0.003431018654,-0.003569287152,-0.000149101459,-0.003718388611,-0.004151671031,0.0003333803735,-0.003818290657,-0.004922718945,-0.0001301622792,-0.005052881224,-0.00538851006,7.512863199e-05,-0.005313381428,-0.005990002054,0.000129417069,-0.005860584985,-0.004857769596,-0.0001933210098,-0.005051090606,-0.006283458752,-0.0001657186982,-0.00644917745,-0.006054113846,-2.832124739e-05,-0.006082435093
51.0,-0.001339605898,0.001086529966,-0.0002530759316,-0.003454424423,-5.874594279e-05,-0.003513170366,-0.003576623253,-6.416023082e-05,-0.003640783483,-0.002091423848,-0.0003405581746,-0.002431982023,-0.001504804692,-0.0007437993547,-0.002248604047,-0.002479972935,-0.0001529270821,-0.002632900017,-0.001109044202,-0.0003828473815,-0.001491891584,-0.002429594956,0.0003352511712,-0.002094343784,-0.0004012697093,-0.0007600994099,-0.001161369119,-0.001326745438,2.448664379e-05,-0.001302258794,-0.001239205501,0.0002698014284,-0.0009694040729,-0.006170269397,-0.0006924228976,-0.006862692294,-0.005894917841,-0.0007723306964,-0.006667248537,-0.006262195597,-0.0008358439351,-0.007098039532,-0.006033410691,-0.001045845083,-0.007079255774,-0.005603743101,7.974565581e-05,-0.005523997445,-0.006049837072,-3.767829145e-05,-0.006087515363,-0.005730758667,0.0002391852363,-0.005491573431,-0.006164680981,-0.0001791666318,-0.006343847613,-0.002450464175,0.0003586248152,-0.00209183936,-0.002682635305,0.0001529414275,-0.002529693877,-0.004848918728,5.242762991e-05,-0.004796491098,-0.004104926657,-2.390934989e-05,-0.004128836007,-0.004727540219,0.0004261108107,-0.004301429408,-0.006728858399,-0.001185988237,-0.007914846636,-0.001964431184,9.277344723e-05,-0.001871657737,-0.009318840066,-0.001635522013,-0.01095436208,-0.003286302764,-0.000183526269,-0.003469829033,-0.003591706815,-0.0001476548191,-0.003739361634,-0.004151223706,0.0003274949293,-0.003823728776,-0.004951182545,-0.0001263785406,-0.005077561086,-0.005408849435,8.00125772e-05,-0.005328836857,-0.006034673201,0.00014749261,-0.005887180591,-0.004890108287,-0.0001788437077,-0.005068951995,-0.006308541457,-0.0001615574221,-0.006470098879,-0.006072738968,-3.378807089e-05,-0.006106527039
51.1,-0.00134710507,0.001082568073,-0.0002645369968,-0.00348088614,-5.53274396e-05,-0.003536213579,-0.003587738196,-7.217926497e-05,-0.003659917461,-0.002107098434,-0.0003394334255,-0.00244653186,-0.001519681056,-0.0007472317361,-0.002266912792,-0.00247975008,-0.0001442595537,-0.002624009634,-0.001126326367,-0.0003785227944,-0.001504849161,-0.002445856668,0.0003471946495,-0.002098662019,-0.0004406399811,-0.0007588797956,-0.001199519777,-0.001361013634,3.029893115e-05,-0.001330714703,-0.001270981478,0.0002770866817,-0.0009938947965,-0.006180164551,-0.000679358505,-0.006859523056,-0.005917555422,-0.0007714165063,-0.006688971928,-0.006276800858,-0.0008276375588,-0.007104438417,-0.006069339504,-0.001031907506,-0.00710124701,-0.005610046154,7.947303101e-05,-0.005530573123,-0.006076972319,-2.380440406e-05,-0.006100776723,-0.00572758334,0.0002356730101,-0.00549191033,-0.006172652212,-0.0001696802695,-0.006342332481,-0.002494652438,0.000365752711,-0.002128899728,-0.002716484086,0.0001609497293,-0.002555534357,-0.004870037279,5.132644218e-05,-0.004818710837,-0.004127037363,-2.242477182e-05,-0.004149462134,-0.004725664215,0.0004240469755,-0.00430161724,-0.006750365016,-0.001189183459,-0.007939548474,-0.001992968073,9.632901814e-05,-0.001896639055,-0.009347460984,-0.001637144287,-0.01098460527,-0.003329784939,-0.0001773406916,-0.00350712563,-0.003612729104,-0.0001458216562,-0.00375855076,-0.004149799679,0.0003215135189,-0.00382828616,-0.004976590972,-0.0001226345591,-0.005099225531,-0.005426603403,8.428323953e-05,-0.005342320164,-0.006076052741,0.0001645589502,-0.005911493791,-0.004920863351,-0.0001646974044,-0.005085560755,-0.006331594072,-0.0001573656261,-0.006488959698,-0.006088458234,-3.94513838e-05,-0.006127909617
51.2,-0.001354628158,0.001078246883,-0.0002763812754,-0.003505898123,-5.242230221e-05,-0.003558320425,-0.003597795972,-8.040105309e-05,-0.003678197025,-0.00212084819,-0.0003384025749,-0.002459250765,-0.001533048882,-0.0007507323983,-0.002283781281,-0.002477977856,-0.0001357940854,-0.002613771942,-0.001141673133,-0.0003743341984,-0.001516007332,-0.002460937524,0.0003587980014,-0.002102139523,-0.0004783860889,-0.0007576286597,-0.001236014749,-0.00139458201,3.575290349e-05,-0.001358829106,-0.001301103464,0.0002842942582,-0.001016809206,-0.006187065888,-0.0006677985433,-0.006854864431,-0.005936730079,-0.0007706956506,-0.006707425729,-0.006289728892,-0.0008190934072,-0.0071088223,-0.00610174941,-0.00101731027,-0.00711905968,-0.00561400879,7.94113567e-05,-0.005534597433,-0.006103152731,-1.026613562e-05,-0.006113418866,-0.005722304562,0.0002320160166,-0.005490288546,-0.006178090489,-0.000160893806,-0.006338984295,-0.002538670125,0.0003725908124,-0.002166079312,-0.00274910333,0.0001686123152,-0.002580491014,-0.00488938289,4.974336099e-05,-0.004839639529,-0.004146839715,-2.10115331e-05,-0.004167851248,-0.004721345326,0.000421859827,-0.004299485499,-0.006770870055,-0.001192595055,-0.007963465109,-0.002019518565,9.932421096e-05,-0.001920194354,-0.009374412344,-0.001637980326,-0.01101239267,-0.003370954225,-0.000172080852,-0.003543035077,-0.003632537932,-0.000143596315,-0.003776134247,-0.004147598242,0.0003154910817,-0.00383210716,-0.004999150211,-0.0001189386248,-0.005118088836,-0.00544195734,8.792803118e-05,-0.005354029308,-0.006114121746,0.0001804788337,-0.005933642912,-0.004950074603,-0.0001509627558,-0.005101037358,-0.00635277797,-0.0001531525501,-0.006505930521,-0.006101417419,-4.525806223e-05,-0.006146675481
51.3,-0.001362211452,0.001073580952,-0.0002886304994,-0.003529462813,-5.001973155e-05,-0.003579482545,-0.00360691337,-8.880197928e-05,-0.003695715349,-0.002132739612,-0.0003374775957,-0.002470217207,-0.001545082197,-0.0007542788046,-0.002299361002,-0.002474810828,-0.0001275363874,-0.002602347215,-0.001155269761,-0.000370296576,-0.001525566337,-0.002474831963,0.000370032613,-0.00210479935,-0.0005146845338,-0.0007563579856,-0.001271042519,-0.001427545514,4.084775758e-05,-0.001386697757,-0.001329681119,0.0002913991422,-0.001038281977,-0.006191040431,-0.0006577695136,-0.006848809945,-0.005952711035,-0.0007700551189,-0.006722766154,-0.006301175618,-0.000810212896,-0.007111388514,-0.006130817507,-0.001002106805,-0.007132924312,-0.005615863251,7.957871559e-05,-0.005536284536,-0.006128268984,2.840958872e-06,-0.006125428025,-0.005715201419,0.0002282596116,-0.005486941807,-0.006181134792,-0.0001528824707,-0.006334017263,-0.002582434355,0.0003791364494,-0.002203297905,-0.002780517306,0.0001759079776,-0.002604609328,-0.004907079624,4.77139822e-05,-0.004859365641,-0.004164455587,-1.966445351e-05,-0.004184120041,-0.004714761588,0.0004195641643,-0.004295197423,-0.006790578131,-0.001196113697,-0.007986691828,-0.002044152457,0.000101786666,-0.001942365791,-0.009399872093,-0.001638052952,-0.01103792504,-0.003409938752,-0.0001677406605,-0.003577679413,-0.003651311837,-0.0001409763584,-0.003792288196,-0.004144815079,0.0003094818816,-0.003835333198,-0.005019068186,-0.0001152982938,-0.00513436648,-0.005455114088,9.094704656e-05,-0.005364167041,-0.006148891453,0.000195129264,-0.005953762189,-0.004977787959,-0.0001377155076,-0.005115503466,-0.006372262549,-0.0001489299576,-0.006521192506,-0.006111798154,-5.114100409e-05,-0.006162939158
51.4,-0.001369900775,0.001068587101,-0.0003013136746,-0.00355159977,-4.810452705e-05,-0.003599704297,-0.00361522179,-9.73566561e-05,-0.003712578446,-0.002142860518,-0.0003366692546,-0.002479529773,-0.001555957306,-0.0007578491816,-0.002313806487,-0.002470416205,-0.0001194896771,-0.002589905882,-0.001167303966,-0.0003664234394,-0.001533727405,-0.002487547803,0.0003808737818,-0.002106674021,-0.00054971538,-0.000755080643,-0.001304796023,-0.001459997062,4.558618955e-05,-0.001414410873,-0.001356834064,0.0002983801875,-0.001058453876,-0.006192179311,-0.0006492756211,-0.006841454932,-0.005965782265,-0.0007693738759,-0.006735156141,-0.006311329086,-0.0008010098872,-0.007112338973,-0.006156726344,-0.0009863650576,-0.007143091401,-0.005615836493,7.998462455e-05,-0.005535851868,-0.006152187991,1.541916793e-05,-0.006136768823,-0.005706539892,0.0002244435806,-0.005482096311,-0.00618193744,-0.0001457068646,-0.006327644304,-0.002625873176,0.0003853887947,-0.002240484381,-0.002810765684,0.0001828194237,-0.00262794626,-0.004923275282,4.52818618e-05,-0.004877993421,-0.004180024083,-1.837647057e-05,-0.004198400554,-0.004706109298,0.0004171746615,-0.004288934637,-0.006809681525,-0.001199631373,-0.008009312898,-0.002066941598,0.0001037490243,-0.001963192574,-0.00942401259,-0.001637397223,-0.01106140981,-0.003446869472,-0.0001642966197,-0.003611166091,-0.003669215828,-0.0001379634143,-0.003807179242,-0.004141633965,0.0003035384992,-0.003838095465,-0.00503654824,-0.0001117197579,-0.005148267998,-0.005466286455,9.335227564e-05,-0.00537293418,-0.006180397613,0.0002084008675,-0.005971996745,-0.005004050515,-0.0001250264023,-0.005129076917,-0.006390216782,-0.0001447109718,-0.006534927754,-0.006119807533,-5.702156805e-05,-0.006176829101
51.5,-0.001377747372,0.001063284281,-0.0003144630905,-0.003572341373,-4.665726125e-05,-0.003618998635,-0.003622862394,-0.0001060383113,-0.003728900705,-0.002151316182,-0.0003359870498,-0.002487303232,-0.001565845975,-0.0007614227588,-0.002327268734,-0.002464968887,-0.0001116550701,-0.002576623957,-0.0011779592,-0.0003627268887,-0.001540686088,-0.002499104315,0.0003913004524,-0.002107803863,-0.0005836558842,-0.0007538106141,-0.001337466498,-0.001492021571,4.9974006e-05,-0.001442047565,-0.001382685912,0.0003052198974,-0.001077466014,-0.006190595181,-0.000642298012,-0.006832893193,-0.005976233012,-0.0007685262873,-0.006744759299,-0.006320362773,-0.0007915121658,-0.007111874939,-0.006179660183,-0.0009701664392,-0.007149826623,-0.00561414376,8.063029639e-05,-0.005533513464,-0.00617475571,2.737252205e-05,-0.006147383188,-0.005696565943,0.0002206034323,-0.005475962511,-0.006180657723,-0.0001394125364,-0.00632007026,-0.002668923075,0.000391348797,-0.002277574278,-0.002839899506,0.0001893333664,-0.00265056614,-0.004938135735,4.249769105e-05,-0.004895638044,-0.004193697064,-1.713913138e-05,-0.004210836196,-0.004695599086,0.0004147054219,-0.004280893664,-0.006828351892,-0.001203045617,-0.008031397509,-0.002087954046,0.0001052486085,-0.001982705438,-0.009446998127,-0.001636056567,-0.01108305469,-0.003481872855,-0.0001617085748,-0.00364358143,-0.003686396538,-0.0001345640586,-0.003820960597,-0.004138221799,0.0002977112065,-0.003840510592,-0.005051784427,-0.0001082070226,-0.00515999145,-0.005475691072,9.516655364e-05,-0.005380524519,-0.006208695551,0.0002201974564,-0.005988498095,-0.005028907239,-0.0001129601699,-0.005141867409,-0.00640680271,-0.0001405085759,-0.006547311286,-0.006125668668,-6.281251643e-05,-0.006188481185
51.6,-0.001385804522,0.001057693375,-0.0003281111471,-0.003591729365,-4.56546595e-05,-0.003637384025,-0.003629982229,-0.0001148192544,-0.003744801484,-0.002158226039,-0.0003354391515,-0.002493665191,-0.001574911491,-0.0007649800218,-0.002339891512,-0.002458647411,-0.0001040319406,-0.002562679352,-0.00118741119,-0.0003592176826,-0.001546628873,-0.002509530785,0.0004012950217,-0.002108235763,-0.000616677944,-0.0007525630444,-0.001369240988,-0.001523693669,5.401971683e-05,-0.001469673952,-0.001407361577,0.0003119042489,-0.001095457329,-0.006186420932,-0.0006367950027,-0.006823215935,-0.005984350101,-0.0007673861034,-0.006751736204,-0.00632843105,-0.0007817623849,-0.007110193434,-0.00619980408,-0.0009536031997,-0.00715340728,-0.005610983796,8.150891915e-05,-0.005529474876,-0.006195802278,3.860974013e-05,-0.006157192538,-0.005685501772,0.0002167712925,-0.00546873048,-0.006177457767,-0.0001340298831,-0.006311487651,-0.002711527201,0.0003970192272,-0.002314507973,-0.002867978187,0.0001954406418,-0.002672537545,-0.004951840639,3.941838276e-05,-0.004912422257,-0.004205636223,-1.594320684e-05,-0.00422157943,-0.004683452947,0.0004121696605,-0.004271283287,-0.006846734545,-0.001206262873,-0.008052997418,-0.002107250864,0.0001063267147,-0.00200092415,-0.009468983916,-0.001634078401,-0.01110306232,-0.003515066614,-0.0001599216097,-0.003674988224,-0.003702980879,-0.0001307906284,-0.003833771507,-0.004134727427,0.0002920477238,-0.003842679703,-0.005064959222,-0.0001047611179,-0.00516972034,-0.00548354408,9.642232954e-05,-0.00538712175,-0.006233856988,0.0002304361055,-0.006003420883,-0.005052399918,-0.0001015737685,-0.005153973687,-0.006422171763,-0.0001363339646,-0.006558505727,-0.006129612629,-6.842164063e-05,-0.00619803427
51.7,-0.001394125177,0.001051836895,-0.0003422882815,-0.003609812504,-4.507013774e-05,-0.003654882642,-0.003636731468,-0.0001236713331,-0.003760402801,-0.002163721171,-0.0003350322891,-0.00249875346,-0.001583307529,-0.0007685029023,-0.002351810431,-0.002451631065,-9.661817687e-05,-0.002548249242,-0.001195827367,-0.0003559052499,-0.001551732617,-0.002518865614,0.0004108432694,-0.002108022345,-0.0006489483834,-0.0007513540132,-0.001400302397,-0.001555078463,5.77341731e-05,-0.00149734429,-0.001430987271,0.0003184225911,-0.00111256468,-0.006179809255,-0.0006327034289,-0.006812512684,-0.005990412665,-0.0007658301762,-0.006756242841,-0.006335666442,-0.0007718187175,-0.007107485159,-0.006217345573,-0.0009367746598,-0.007154120233,-0.005606536248,8.260610389e-05,-0.005523930144,-0.006215148752,4.904533758e-05,-0.006166103414,-0.00567354524,0.000212976314,-0.005460568926,-0.00617250058,-0.0001295744825,-0.006302075063,-0.002753634215,0.0004024047242,-0.002351229491,-0.002895067509,0.0002011362293,-0.002693931279,-0.004964580398,3.61060202e-05,-0.004928474377,-0.004216011368,-1.477935558e-05,-0.004230790724,-0.00466990215,0.0004095794896,-0.004260322661,-0.006864946018,-0.001209200172,-0.00807414619,-0.002124885394,0.0001070273934,-0.002017858001,-0.00949011555,-0.001631510176,-0.01112162573,-0.003546558243,-0.0001588683731,-0.003705426616,-0.003719077345,-0.0001266618136,-0.003845739159,-0.00413128349,0.0002865932825,-0.003844690208,-0.005076243459,-0.0001013795234,-0.005177622982,-0.005490058391,9.716022477e-05,-0.005392898166,-0.006255969085,0.0002390481765,-0.006016920909,-0.005074568067,-9.091440995e-05,-0.005165482477,-0.006436463979,-0.0001321946637,-0.006568658643,-0.006131872259,-7.375568344e-05,-0.006205627943
51.8,-0.001402760582,0.001045738713,-0.0003570218691,-0.003626645271,-4.487434002e-05,-0.003671519611,-0.003643261513,-0.0001325663138,-0.003775827827,-0.00216794245,-0.000334771556,-0.002502714006,-0.001591179021,-0.0007719748559,-0.002363153877,-0.00244409798,-8.941036332e-05,-0.002533508343,-0.001203368115,-0.0003527976355,-0.00155616575,-0.002527155858,0.0004199343645,-0.002107221494,-0.0006806305433,-0.0007502000678,-0.001430830611,-0.001586233976,6.113023564e-05,-0.001525103741,-0.001453691915,0.0003247675693,-0.001128924345,-0.006170932193,-0.0006299412186,-0.006800873411,-0.005994688772,-0.0007637413477,-0.006758430119,-0.006342178193,-0.0007617552104,-0.007103933403,-0.006232477935,-0.0009197829322,-0.007152260867,-0.005600960989,8.390044767e-05,-0.005517060541,-0.006232613872,5.85986644e-05,-0.006174015208,-0.005660871734,0.0002092448334,-0.0054516269,-0.006165949798,-0.0001260477774,-0.006291997576,-0.002795197551,0.0004075118112,-0.002387685739,-0.002921238344,0.0002064191525,-0.002714819191,-0.00497655387,3.262673382e-05,-0.004943927136,-0.004224999302,-1.363872172e-05,-0.004238638024,-0.004655185624,0.0004069458116,-0.004248239812,-0.00688307419,-0.001211785065,-0.008094859256,-0.002140904185,0.0001073958162,-0.002033508369,-0.009510527472,-0.001628397068,-0.01113892454,-0.003576445273,-0.000158471618,-0.003734916891,-0.003734778859,-0.0001222027993,-0.003856981658,-0.004128009954,0.0002813909508,-0.003846619003,-0.005085797847,-9.805581777e-05,-0.005183853664,-0.005495442017,9.742750867e-05,-0.005398014509,-0.00627513538,0.0002459812777,-0.006029154103,-0.005095451105,-8.101780832e-05,-0.005176468913,-0.006449809147,-0.0001280926495,-0.006577901797,-0.006132678291,-7.872378955e-05,-0.006211402081
51.9,-0.001411759559,0.001039423859,-0.0003723356998,-0.003642287216,-4.503559816e-05,-0.003687322814,-0.003649723512,-0.0001414761943,-0.003791199706,-0.002171039013,-0.0003346601884,-0.002505699201,-0.001598663738,-0.0007753808482,-0.002374044586,-0.002436223756,-8.240397476e-05,-0.002518627731,-0.001210188414,-0.0003499014152,-0.00156008983,-0.002534456873,0.0004285608508,-0.002105896022,-0.0007118854314,-0.0007491175898,-0.001461003021,-0.001617213598,6.422247342e-05,-0.001552991124,-0.001475608417,0.0003309350435,-0.001144673373,-0.006159979902,-0.000628410835,-0.006788390737,-0.005997433169,-0.000761010231,-0.0067584434,-0.006348051947,-0.0007516612866,-0.007099713234,-0.006245403293,-0.0009027286652,-0.007148131958,-0.005594398392,8.536400541e-05,-0.005509034386,-0.006248019498,6.719147147e-05,-0.006180828026,-0.005647637162,0.000205600546,-0.005442036616,-0.0061579706,-0.0001234378026,-0.006281408402,-0.002836174793,0.0004123489626,-0.002423825831,-0.002946565649,0.0002112923736,-0.002735273275,-0.004987966234,2.904971233e-05,-0.004958916522,-0.004232782473,-1.251339863e-05,-0.004245295872,-0.004639548299,0.0004042782917,-0.004235270008,-0.006901179827,-0.001213953986,-0.008115133812,-0.002155348524,0.0001074764537,-0.00204787207,-0.009530339476,-0.001624782337,-0.01115512181,-0.00360481567,-0.0001586473358,-0.003763463006,-0.003750165751,-0.0001174447406,-0.003867610491,-0.004125017643,0.0002764821727,-0.00384853547,-0.005093774912,-9.47794914e-05,-0.005188554403,-0.005499896676,9.727673152e-05,-0.005402619945,-0.00629147757,0.0002512017588,-0.006040275812,-0.005115091015,-7.190663726e-05,-0.005186997653,-0.006462328229,-0.0001240230441,-0.006586351273,-0.006132257231,-8.323996543e-05,-0.006215497196
52.0,-0.001421167818,0.001032918333,-0.0003882494856,-0.003656802243,-4.552040403e-05,-0.003702322647,-0.003656266627,-0.0001503735052,-0.003806640132,-0.002173166521,-0.0003346994103,-0.002507865931,-0.001605893095,-0.0007787072979,-0.002384600392,-0.002428179991,-7.559362091e-05,-0.002503773612,-0.0012164382,-0.0003472216052,-0.001563659805,-0.002540831688,0.0004367185541,-0.002104113134,-0.0007428706174,-0.000748122044,-0.001490992661,-0.001648066724,6.70269276e-05,-0.001581039796,-0.0014968731,0.0003369240161,-0.001159949084,-0.006147158215,-0.0006280027055,-0.00677516092,-0.005998885155,-0.0007575360874,-0.006756421242,-0.006353350318,-0.0007416396477,-0.007094989965,-0.006256333779,-0.0008857071879,-0.007142040967,-0.005586969554,8.696271327e-05,-0.005500006841,-0.006261193822,7.474485382e-05,-0.006186448968,-0.00563398031,0.0002020647223,-0.005431915588,-0.006148730824,-0.000121719706,-0.00627045053,-0.002876526746,0.0004169267443,-0.002459600001,-0.002971127048,0.0002157627441,-0.002755364304,-0.004999026154,2.544648099e-05,-0.004973579673,-0.004239546388,-1.139678101e-05,-0.004250943169,-0.00462323869,0.0004015853186,-0.004221653372,-0.00691929885,-0.001215649326,-0.008134948176,-0.002168255367,0.0001073112371,-0.00206094413,-0.009549651641,-0.001620709673,-0.01117036131,-0.003631746927,-0.0001593085614,-0.003791055488,-0.003765307205,-0.0001124234784,-0.003877730683,-0.004122409895,0.0002719072605,-0.003850502634,-0.005100319952,-9.153592455e-05,-0.005191855876,-0.005503615598,9.676458632e-05,-0.005406851012,-0.006305136871,0.0002546973405,-0.006050439531,-0.005133534496,-6.358902299e-05,-0.005197123519,-0.006474133487,-0.0001199738129,-0.0065941073,-0.006130829485,-8.722460929e-05,-0.006218054094
52.1,-0.001431026559,0.001026248778,-0.0004047777809,-0.003670256984,-4.629398843e-05,-0.003716550973,-0.003663035398,-0.0001592316329,-0.003822267031,-0.002174484628,-0.0003348883851,-0.002509373013,-0.001612990667,-0.0007819419974,-0.002394932664,-0.00242013207,-6.897331072e-05,-0.002489105381,-0.001222259913,-0.0003447615866,-0.001567021499,-0.00254634969,0.0004444063822,-0.002101943308,-0.0007737354278,-0.0007472272194,-0.001520962647,-0.001678836051,6.956092881e-05,-0.001609275122,-0.001517621847,0.0003427365571,-0.00117488529,-0.006132684263,-0.0006285981084,-0.006761282371,-0.005999265505,-0.0007532274482,-0.006752492953,-0.006358113394,-0.0007318025073,-0.007089915901,-0.006265489733,-0.0008688050954,-0.007134294828,-0.005578775834,8.865721835e-05,-0.005490118615,-0.006271971986,8.117627229e-05,-0.006190795714,-0.005620022661,0.0001986563947,-0.005421366266,-0.006138400809,-0.0001208560267,-0.006259256836,-0.002916215624,0.0004212578765,-0.002494957747,-0.002995000208,0.0002198408921,-0.002775159316,-0.00500994136,2.189035807e-05,-0.004988051002,-0.00424547505,-1.028386619e-05,-0.004255758917,-0.004606505104,0.0003988738602,-0.004207631244,-0.006937444568,-0.001216815954,-0.008154260522,-0.00217965633,0.0001069377448,-0.002072718585,-0.009568538917,-0.001616225465,-0.01118476438,-0.003657302916,-0.0001603691717,-0.003817672088,-0.003780259601,-0.0001071776844,-0.003887437285,-0.004120280791,0.0002677054788,-0.003852575312,-0.005105569704,-8.830664503e-05,-0.005193876349,-0.005506779623,9.595086684e-05,-0.005410828756,-0.006316273802,0.000256479544,-0.006059794258,-0.00515083328,-5.605731717e-05,-0.005206890597,-0.006485326163,-0.0001159264516,-0.006601252615,-0.006128606268,-9.060535492e-05,-0.006219211622
52.2,-0.001441369794,0.001019442002,-0.0004219277921,-0.003682717685,-4.732094335e-05,-0.003730038628,-0.003670165715,-0.0001680251462,-0.003838190861,-0.00217515325,-0.0003352242582,-0.002510377508,-0.001620067539,-0.000785074012,-0.002405141551,-0.002412235795,-6.253671437e-05,-0.00247477251,-0.00122778262,-0.0003425230823,-0.001570305702,-0.002551084385,0.000451625968,-0.002099458417,-0.0008046124374,-0.0007464446668,-0.001551057104,-0.001709551152,7.184285909e-05,-0.001637708293,-0.001537982723,0.0003483776311,-0.001189605092,-0.006116779219,-0.0006300719521,-0.006746851171,-0.005998772168,-0.0007480027946,-0.006746774963,-0.006362358104,-0.0007222670259,-0.00708462513,-0.006273095391,-0.0008520969151,-0.007125192306,-0.005569897442,9.040452624e-05,-0.005479492916,-0.006280194389,8.639739079e-05,-0.006193796998,-0.005605864569,0.0001953925599,-0.005410472009,-0.006127150506,-0.0001207968463,-0.006247947352,-0.002955202112,0.0004253570525,-0.002529845059,-0.003018258637,0.0002235408965,-0.002794717741,-0.005020912322,1.845586445e-05,-0.005002456458,-0.004250744565,-9.171551411e-06,-0.004259916116,-0.004589590412,0.0003961492359,-0.004193441176,-0.006955608651,-0.001217398103,-0.008173006755,-0.002189573849,0.0001063874638,-0.002083186385,-0.009587045835,-0.001611379652,-0.01119842549,-0.003681528188,-0.0001617471012,-0.003843275289,-0.003795061525,-0.0001017468692,-0.003896808394,-0.004118709952,0.0002639145865,-0.003854795365,-0.005109648257,-8.50700033e-05,-0.005194718261,-0.005509551383,9.489735776e-05,-0.005414654025,-0.006325065891,0.0002565857667,-0.006068480125,-0.00516704147,-4.928783905e-05,-0.005216329309,-0.006495991398,-0.0001118573657,-0.006607848764,-0.006125784692,-9.331734991e-05,-0.006219102042
52.3,-0.001452220466,0.001012524416,-0.0004396960497,-0.003694245622,-4.856577111e-05,-0.003742811393,-0.003677779587,-0.0001767301158,-0.003854509703,-0.002175327695,-0.0003357022839,-0.002511029979,-0.001627215107,-0.0007880935896,-0.002415308696,-0.002404632934,-5.627746281e-05,-0.002460910397,-0.001233113859,-0.0003405062428,-0.001573620102,-0.002555110396,0.0004583811295,-0.002096729267,-0.0008356074321,-0.0007457835183,-0.00158139095,-0.001740219982,7.389173903e-05,-0.001666328243,-0.00155806673,0.0003538547252,-0.001204212005,-0.006099658228,-0.0006322960239,-0.006731954252,-0.005997575464,-0.0007417909949,-0.006739366459,-0.006366076308,-0.0007131509905,-0.007079227299,-0.006279373169,-0.0008356418942,-0.007115015063,-0.005560391072,9.216024484e-05,-0.005468230827,-0.006285703802,9.031361052e-05,-0.006195390191,-0.005591578365,0.0001922884578,-0.005399289907,-0.006115143554,-0.0001214800851,-0.006236623639,-0.002993441653,0.0004292405359,-0.002564201117,-0.003040966388,0.0002268797657,-0.002814086623,-0.005032124725,1.521793635e-05,-0.005016906789,-0.004255516176,-8.058963507e-06,-0.00426357514,-0.004572726137,0.0003934149482,-0.004179311189,-0.00697376016,-0.001217337236,-0.008191097397,-0.002198015132,0.0001056843253,-0.002092330806,-0.009605181169,-0.001606225308,-0.01121140648,-0.003704440254,-0.0001633673315,-0.003867807586,-0.003809727264,-9.616960048e-05,-0.003905896864,-0.004117755742,0.0002605699572,-0.003857185785,-0.005112661089,-8.180228095e-05,-0.00519446337,-0.005512068309,9.366654519e-05,-0.005418401764,-0.006331703459,0.0002550808924,-0.006076622567,-0.005182209893,-4.324211457e-05,-0.005225452007,-0.00650619137,-0.0001077395986,-0.006613930969,-0.006122541312,-9.530328229e-05,-0.006217844594
52.4,-0.001463586092,0.001005521455,-0.0004580646367,-0.003704891833,-4.999338053e-05,-0.003754885214,-0.003685979635,-0.0001853244582,-0.003871304093,-0.002175153332,-0.0003363160539,-0.002511469386,-0.001634497538,-0.0007909921425,-0.00242548968,-0.002397446424,-5.018953096e-05,-0.002447635955,-0.001238331799,-0.0003387098572,-0.001577041656,-0.002558500238,0.0004646772094,-0.002093823029,-0.0008667911846,-0.0007452506687,-0.001612041853,-0.001770821332,7.57266385e-05,-0.001695094693,-0.001577959565,0.0003591772839,-0.001218782281,-0.006081519806,-0.0006351422758,-0.006716662081,-0.005995813768,-0.0007345312938,-0.006730345062,-0.006369232606,-0.0007045692117,-0.007073801818,-0.006284537267,-0.0008194817878,-0.007104019055,-0.005550286875,9.388067299e-05,-0.005456406202,-0.006288342822,9.282596817e-05,-0.006195516854,-0.005577200833,0.0001893578613,-0.005387842972,-0.006102529656,-0.0001228322466,-0.006225361903,-0.003030880826,0.0004329257275,-0.002597955098,-0.003063172802,0.0002298768928,-0.002833295909,-0.005043742263,1.225096837e-05,-0.005031491295,-0.004259930425,-6.947854562e-06,-0.00426687828,-0.004556127059,0.0003906726854,-0.004165454373,-0.006991843263,-0.001216571146,-0.008208414409,-0.002204965976,0.0001048436713,-0.002100122305,-0.00962291309,-0.001600817303,-0.01122373039,-0.003726021893,-0.0001651651699,-0.003891187063,-0.003824241514,-9.048211029e-05,-0.003914723624,-0.00411744943,0.0002577034472,-0.003859745983,-0.005114689066,-7.847903673e-05,-0.005193168103,-0.005514435976,9.232014079e-05,-0.005422115835,-0.006336383581,0.0002520577259,-0.006084325855,-0.005196379024,-3.786944089e-05,-0.005234248464,-0.006515958591,-0.0001035446554,-0.006619503246,-0.006119025113,-9.651379708e-05,-0.00621553891
52.5,-0.001475454988,0.0009984569726,-0.0004769980151,-0.003714692302,-5.156967576e-05,-0.003766261978,-0.003694844439,-0.0001937883284,-0.003888632767,-0.002174760701,-0.0003370578073,-0.002511818508,-0.001641946408,-0.0007937623233,-0.002435708731,-0.002390776211,-4.426767352e-05,-0.002435043884,-0.001243480261,-0.0003371316325,-0.001580611893,-0.00256132148,0.000470520438,-0.002090801042,-0.000898195544,-0.0007448511003,-0.001643046644,-0.001801300847,7.736603385e-05,-0.001723934813,-0.001597716736,0.0003643560614,-0.001233360675,-0.006062537779,-0.0006384850991,-0.006701022878,-0.005993590484,-0.000726173117,-0.006719763601,-0.006371763197,-0.0006966306264,-0.007068393824,-0.006288787155,-0.0008036404529,-0.007092427608,-0.005539585602,9.552412148e-05,-0.005444061481,-0.006287952727,9.383538461e-05,-0.006194117342,-0.005562727953,0.0001866132228,-0.00537611473,-0.006089437657,-0.0001247696347,-0.006214207291,-0.003067454562,0.000436430829,-0.002631023733,-0.003084908335,0.000232553593,-0.002852354742,-0.005055901133,9.627781233e-06,-0.005046273352,-0.004264103535,-5.843071047e-06,-0.004269946606,-0.004539987306,0.0003879224637,-0.004152064842,-0.007009774879,-0.00121503454,-0.008224809419,-0.002210386632,0.0001038715315,-0.0021065151,-0.009640166026,-0.001595210169,-0.01123537619,-0.00374621666,-0.0001670892877,-0.003913305947,-0.003838557147,-8.471747548e-05,-0.003923274622,-0.004117792167,0.0002553421957,-0.003862449971,-0.00511578419,-7.507640613e-05,-0.005190860597,-0.005516723442,9.091756785e-05,-0.005425805874,-0.006339302343,0.0002476352101,-0.006091667133,-0.005209572762,-3.310996382e-05,-0.005242682726,-0.006525291321,-9.924431294e-05,-0.006624535634,-0.006115351409,-9.690868215e-05,-0.006212260091
52.6,-0.001487793898,0.0009913526345,-0.0004964412631,-0.003723664513,-5.326231843e-05,-0.003776926831,-0.003704425565,-0.0002021044981,-0.003906530063,-0.002174261811,-0.0003379187313,-0.002512180542,-0.001649558957,-0.0007963981378,-0.002445957095,-0.00238469652,-3.850781973e-05,-0.002423204339,-0.001248567831,-0.0003357684455,-0.001584336277,-0.002563634716,0.0004759174444,-0.002087717271,-0.000929814498,-0.0007445881349,-0.001674402633,-0.001831571607,7.882724049e-05,-0.001752744367,-0.00161736293,0.0003694024992,-0.001247960431,-0.006042857227,-0.0006422023712,-0.006685059598,-0.005990972732,-0.0007166761151,-0.006707648847,-0.00637357667,-0.0006894360183,-0.007063012689,-0.006292301797,-0.0007881249903,-0.007080426787,-0.005528256887,9.705138165e-05,-0.005431205506,-0.006284374157,9.324852563e-05,-0.006191125632,-0.005548113564,0.0001840654771,-0.005364048086,-0.006075971329,-0.0001271997819,-0.006203171111,-0.003103084549,0.0004397745551,-0.002663309994,-0.003106182069,0.0002349326673,-0.002871249402,-0.005068706886,7.418547747e-06,-0.005061288339,-0.004268126361,-4.753045476e-06,-0.004272879406,-0.004524478322,0.0003851628172,-0.004139315505,-0.007027443236,-0.001212660975,-0.008240104211,-0.002214210924,0.0001027640503,-0.002111446874,-0.009656820011,-0.001589455722,-0.01124627573,-0.003764930017,-0.0001691034207,-0.003934033438,-0.003852596477,-7.890553018e-05,-0.003931502007,-0.004118755644,0.0002535076689,-0.003865247975,-0.005115967949,-7.157230591e-05,-0.005187540255,-0.005518961665,8.951463309e-05,-0.005429447031,-0.00634064646,0.0002419544172,-0.006098692043,-0.005221794678,-2.889741324e-05,-0.005250692092,-0.006534152164,-9.481238436e-05,-0.006628964548,-0.006111597962,-9.645842711e-05,-0.006208056389
52.7,-0.001500547455,0.0009842274276,-0.0005163200274,-0.00373180592,-5.504154538e-05,-0.003786847466,-0.003714746511,-0.0002102586063,-0.003925005117,-0.002173747969,-0.0003388891567,-0.002512637125,-0.001657300128,-0.0007988950033,-0.002456195131,-0.00237925488,-3.290736327e-05,-0.002412162243,-0.00125357091,-0.0003346165113,-0.001588187421,-0.002565492477,0.0004808749525,-0.002084617525,-0.0009616094198,-0.0007444635408,-0.001706072961,-0.001861518785,8.012596325e-05,-0.001781392821,-0.001636895211,0.0003743281502,-0.001262567061,-0.006022593914,-0.0006461760765,-0.00666876999,-0.00598799163,-0.0007060108587,-0.006694002488,-0.006374556952,-0.0006830763341,-0.007057633286,-0.006295235424,-0.000772927585,-0.007068163009,-0.005516239421,9.842565111e-05,-0.00541781377,-0.006277449719,9.098412629e-05,-0.006186465593,-0.005533272051,0.0001817233716,-0.005351548679,-0.006062208595,-0.0001300229074,-0.006192231503,-0.003137678852,0.0004429758267,-0.002694703026,-0.003126981015,0.0002370379103,-0.002889943105,-0.005082233639,5.68969908e-06,-0.00507654394,-0.004272065652,-3.690198529e-06,-0.00427575585,-0.004509748696,0.0003823910075,-0.004127357689,-0.007044707957,-0.001209385367,-0.008254093323,-0.002216349002,0.0001015072376,-0.002114841765,-0.009672712355,-0.00158360156,-0.01125631391,-0.003782035916,-0.0001711864248,-0.003953222341,-0.003866255605,-7.307344295e-05,-0.003939329048,-0.004120286322,0.000252215199,-0.003868071123,-0.005115232235,-6.794772783e-05,-0.005183179963,-0.00552114516,8.81625774e-05,-0.005432982583,-0.006340586078,0.0002351736717,-0.006105412406,-0.005233027228,-2.516117338e-05,-0.005258188401,-0.006542469848,-9.022644394e-05,-0.006632696292,-0.006107803702,-9.514552428e-05,-0.006202949226
52.8,-0.001513639489,0.0009770974202,-0.0005365420692,-0.003739094448,-5.688081403e-05,-0.003795975262,-0.003725803356,-0.0002182392226,-0.003944042579,-0.002173289114,-0.0003399586276,-0.002513247742,-0.001665107659,-0.0008012497118,-0.002466357371,-0.002374472822,-2.746535798e-05,-0.00240193818,-0.001258439735,-0.0003336714858,-0.001592111221,-0.002566939009,0.0004853996241,-0.002081539385,-0.0009935170188,-0.0007444775148,-0.001737994534,-0.001891007089,8.127596258e-05,-0.001809731127,-0.00165628887,0.0003791441341,-0.001277144735,-0.006001836072,-0.0006502931921,-0.006652129264,-0.005984643827,-0.0006941604677,-0.006678804294,-0.006374568088,-0.000677631489,-0.007052199577,-0.006297714969,-0.0007580276714,-0.00705574264,-0.005503443305,9.961232636e-05,-0.005403830979,-0.006267028136,8.69786562e-05,-0.00618004948,-0.005518084172,0.0001795923755,-0.005338491797,-0.006048203679,-0.0001331335692,-0.006181337248,-0.003171132675,0.0004460535121,-0.002725079163,-0.0031472711,0.0002388936131,-0.002908377487,-0.005096525279,4.502922141e-06,-0.005092022357,-0.004275966982,-2.67113762e-06,-0.00427863812,-0.004495925497,0.0003796032639,-0.004116322233,-0.007061401911,-0.001205146233,-0.008266548144,-0.002216693452,0.0001000774279,-0.002116616024,-0.009687641174,-0.001577690898,-0.01126533207,-0.00379738658,-0.00017333124,-0.00397071782,-0.003879410863,-6.724667026e-05,-0.003946657533,-0.004122312108,0.0002514739469,-0.003870838161,-0.005113542474,-6.41880877e-05,-0.005177730561,-0.005523236367,8.690765373e-05,-0.005436328713,-0.006339270138,0.0002274641372,-0.006111806001,-0.005243233646,-2.18278956e-05,-0.005265061541,-0.006550143433,-8.546960713e-05,-0.00663561304,-0.006103969492,-9.2965391e-05,-0.006196934883
52.9,-0.001526975821,0.0009699758089,-0.0005570000117,-0.003745490675,-5.875716365e-05,-0.003804247839,-0.003737566589,-0.0002260377664,-0.003963604355,-0.002172934351,-0.0003411159185,-0.00251405027,-0.001672898977,-0.0008034603244,-0.002476359301,-0.002370347836,-2.21826544e-05,-0.00239253049,-0.00126310596,-0.0003329285411,-0.001596034501,-0.00256801069,0.0004894979904,-0.0020785127,-0.001025458208,-0.0007446285513,-0.001770086759,-0.001919889365,8.228886731e-05,-0.001837600498,-0.001675504351,0.0003838606438,-0.001291643707,-0.005980647464,-0.0006544468979,-0.006635094362,-0.005980894245,-0.0006811230004,-0.006662017246,-0.006373460193,-0.0006731694484,-0.007046629642,-0.006299838631,-0.0007433945836,-0.007043233215,-0.005489754311,0.0001005789886,-0.005389175323,-0.006252969291,8.119092941e-05,-0.006171778361,-0.0055024047,0.000177673353,-0.005324731347,-0.006033991029,-0.0001364227424,-0.006170413771,-0.003203330049,0.0004490263211,-0.002754303727,-0.003166999462,0.0002405241908,-0.002926475271,-0.005111598101,3.914398164e-06,-0.005107683703,-0.004279858367,-1.716611764e-06,-0.004281574979,-0.004483116527,0.0003767950137,-0.004106321513,-0.007077334504,-0.00119988741,-0.008277221913,-0.002215127724,9.844256608e-05,-0.002116685158,-0.009701370416,-0.001571763091,-0.01127313351,-0.003810823059,-0.0001755432848,-0.003986366344,-0.003891926012,-6.144993106e-05,-0.003953375943,-0.004124749652,0.0002512870335,-0.003873462619,-0.00511084245,-6.02842158e-05,-0.005171126666,-0.005525171829,8.579127576e-05,-0.005439380553,-0.006336824526,0.0002190059735,-0.006117818552,-0.00525236189,-1.882294401e-05,-0.005271184834,-0.006557047956,-8.053230156e-05,-0.006637580257,-0.006100060354,-8.992682986e-05,-0.006189987183
53.0,-0.001540447877,0.0009628731434,-0.0005775747333,-0.00375094098,-6.065138169e-05,-0.003811592361,-0.003749983449,-0.0002336483539,-0.003983631803,-0.002172713178,-0.0003423490751,-0.002515062253,-0.001680578339,-0.0008055260331,-0.002486104373,-0.00236685601,-1.706197571e-05,-0.002383917986,-0.001267490049,-0.000332382427,-0.001599872476,-0.002568736771,0.0004931764292,-0.002075560342,-0.001057345853,-0.0007449131951,-0.001802259048,-0.001948014463,8.317417067e-05,-0.001864840292,-0.001694493447,0.0003884865422,-0.001306006904,-0.005959070585,-0.0006585379172,-0.006617608503,-0.005976679751,-0.0006669140413,-0.006643593792,-0.006371075576,-0.0006697454562,-0.007040821032,-0.006301675171,-0.0007289905689,-0.00703066574,-0.005475039347,0.0001012957817,-0.005373743565,-0.006235149535,7.360631515e-05,-0.00616154322,-0.005486070414,0.0001759612766,-0.005310109138,-0.006019589628,-0.0001397803344,-0.006159369962,-0.003234145984,0.0004519128079,-0.002782233176,-0.003186097383,0.0002419539405,-0.002944143442,-0.005127443977,3.974317521e-06,-0.005123469659,-0.004283753386,-8.512521798e-07,-0.004284604638,-0.004471412716,0.0003739609984,-0.004097451717,-0.00709229535,-0.001193559491,-0.008285854841,-0.002211535057,9.656401494e-05,-0.002114971042,-0.009713636094,-0.001565853542,-0.01127948964,-0.003822184875,-0.0001778385168,-0.004000023392,-0.003903658598,-5.570791406e-05,-0.003959366512,-0.00412751039,0.000251651735,-0.003875858655,-0.005107059848,-5.623258535e-05,-0.005163292433,-0.005526868937,8.48505626e-05,-0.005442018375,-0.00633335193,0.0002099841683,-0.006123367762,-0.005260349787,-1.607173161e-05,-0.005276421518,-0.006563040747,-7.541352787e-05,-0.006638454275,-0.006096008793,-8.605146725e-05,-0.00618206026
53.1,-0.001553936252,0.0009557975524,-0.0005981386998,-0.003755380662,-6.254810407e-05,-0.003817928766,-0.003762980072,-0.0002410675877,-0.00400404766,-0.002172636804,-0.0003436454874,-0.002516282292,-0.001688042494,-0.0008074469917,-0.002495489486,-0.002363954641,-1.210791172e-05,-0.002376062553,-0.001271506652,-0.0003320275159,-0.001603534168,-0.00256914005,0.0004964411683,-0.002072698882,-0.001089089284,-0.0007453257516,-0.001834415036,-0.001975232423,8.393936309e-05,-0.00189129306,-0.001713202856,0.0003930290391,-0.001320173817,-0.005937128796,-0.0006624757173,-0.006599604514,-0.005971912714,-0.0006515690995,-0.006623481813,-0.006367253782,-0.0006674014194,-0.007034655201,-0.0063032636,-0.0007147736865,-0.007018037287,-0.005459152091,0.0001017362486,-0.005357415843,-0.006213466544,6.424114213e-05,-0.006149225401,-0.005468906948,0.0001744443359,-0.005294462612,-0.006005006333,-0.0001430979937,-0.006148104327,-0.003263448437,0.0004547312905,-0.002808717146,-0.003204482924,0.0002432067888,-0.002961276135,-0.005144032959,4.726544138e-06,-0.005139306415,-0.004287652703,-1.031239054e-07,-0.004287755827,-0.004460889893,0.0003710952131,-0.004089794679,-0.007106056977,-0.001186121363,-0.00829217834,-0.002205805803,9.439849249e-05,-0.00211140731,-0.009724152893,-0.001559992072,-0.01128414497,-0.003831317208,-0.0001802413331,-0.004011558541,-0.00391446382,-5.004555193e-05,-0.003964509372,-0.004130503692,0.0002525597617,-0.003877943931,-0.005102111032,-5.203480402e-05,-0.005154145836,-0.005528231632,8.411889281e-05,-0.005444112739,-0.00632893148,0.0002005833017,-0.006128348178,-0.005267130138,-1.350086733e-05,-0.005280631006,-0.006567967764,-7.012102849e-05,-0.006638088792,-0.006091718404,-8.13718304e-05,-0.006173090234
53.2,-0.001567313376,0.0009487549031,-0.0006185584727,-0.003758736127,-6.443586265e-05,-0.00382317199,-0.00377646276,-0.00024829427,-0.00402475703,-0.002172698966,-0.0003449919761,-0.002517690942,-0.001695183335,-0.000809224099,-0.002504407434,-0.002361584081,-7.326849499e-06,-0.002368910931,-0.001275066436,-0.0003318578572,-0.001606924294,-0.002569237078,0.0004992982644,-0.002069938814,-0.001120594169,-0.0007458581218,-0.001866452291,-0.002001395513,8.459006751e-05,-0.001916805446,-0.0017315738,0.0003974933664,-0.001334080433,-0.005914826582,-0.0006661792058,-0.006581005788,-0.005966483176,-0.0006351457432,-0.006601628919,-0.006361834422,-0.0006661655585,-0.007027999981,-0.006304612245,-0.0007007006403,-0.007005312885,-0.005441937604,0.0001018784791,-0.005340059125,-0.006187842456,5.314648658e-05,-0.006134695969,-0.005450732949,0.0001731036577,-0.005277629292,-0.005990237044,-0.0001462719912,-0.006136509035,-0.003291099591,0.0004574995615,-0.002833600029,-0.003222062533,0.0002443059202,-0.002977756613,-0.00516131449,6.208293724e-06,-0.005155106197,-0.004291543421,4.969129222e-07,-0.004291046508,-0.004451609471,0.000368190733,-0.004083418738,-0.007118375947,-0.001177541919,-0.008295917866,-0.002197841487,9.189998586e-05,-0.002105941501,-0.009732620092,-0.001554199602,-0.01128681969,-0.003838074034,-0.0001827823896,-0.004020856423,-0.003924194904,-4.448781189e-05,-0.003968682716,-0.004133636207,0.0002539975958,-0.003879638611,-0.005095903718,-4.769682565e-05,-0.005143600544,-0.005529153612,8.362607583e-05,-0.005445527536,-0.006323616693,0.0001909814093,-0.006132635283,-0.005272634425,-1.103907365e-05,-0.005283673499,-0.006571668959,-6.467033072e-05,-0.00663633929,-0.006087066745,-7.592833559e-05,-0.00616299508
53.3,-0.001580444858,0.0009417489484,-0.0006386959099,-0.00376092554,-6.630702837e-05,-0.003827232569,-0.003790318025,-0.0002553290706,-0.004045647096,-0.002172875876,-0.0003463749276,-0.002519250803,-0.001701887009,-0.0008108587825,-0.002512745792,-0.002359668439,-2.726909867e-06,-0.002362395349,-0.001278074187,-0.0003318672945,-0.001609941482,-0.002569037649,0.0005017534694,-0.00206728418,-0.001151758287,-0.0007464999254,-0.001898258213,-0.002026355312,8.513006094e-05,-0.001941225251,-0.001749538018,0.0004018823891,-0.001347655629,-0.005892147944,-0.0006695768497,-0.006561724793,-0.005960259006,-0.000617725242,-0.006577984248,-0.00635465736,-0.0006660525006,-0.007020709861,-0.006305695772,-0.0006867302652,-0.006992426038,-0.005423234971,0.000101706168,-0.005321528803,-0.006158224349,4.040984877e-05,-0.0061178145,-0.005431360601,0.0001719134966,-0.005259447105,-0.005975265032,-0.0001492058651,-0.006124470897,-0.003316956469,0.0004602344528,-0.002856722016,-0.003238731535,0.0002452733591,-0.002993458176,-0.005179217228,8.449829893e-06,-0.005170767398,-0.004295396771,9.159967121e-07,-0.004294480774,-0.004443618177,0.0003652395726,-0.004078378605,-0.007128992636,-0.001167802044,-0.008296794679,-0.002187555038,8.902163433e-05,-0.002098533404,-0.009738726241,-0.001548483811,-0.01128721005,-0.003842316542,-0.0001854963671,-0.004027812909,-0.00393270064,-3.905908607e-05,-0.003971759726,-0.004136808137,0.0002559468809,-0.003880861256,-0.00508833724,-4.322834136e-05,-0.005131565581,-0.005529518739,8.339802079e-05,-0.005446120718,-0.006317431855,0.0001813436625,-0.006136088193,-0.005276794391,-8.617816949e-06,-0.005285412208,-0.006573981853,-5.908311965e-05,-0.006633064973,-0.00608190761,-6.976553317e-05,-0.006151673144
53.4,-0.001593189751,0.0009347815053,-0.0006584082454,-0.003761858161,-6.815767402e-05,-0.003830015835,-0.0038044118,-0.0002621742341,-0.004066586034,-0.002173125503,-0.0003477805441,-0.002520906047,-0.001708030712,-0.0008123528659,-0.002520383578,-0.002358115355,1.682062749e-06,-0.002356433292,-0.001280424852,-0.0003320496697,-0.001612474521,-0.002568543677,0.0005038119428,-0.002064731735,-0.001182465953,-0.0007472389404,-0.001929704893,-0.002049958045,8.556118131e-05,-0.001964396864,-0.001767012356,0.0004061961699,-0.001360816186,-0.005869053944,-0.0006726067012,-0.006541660645,-0.005953084589,-0.00059941312,-0.006552497709,-0.006345561167,-0.000667063963,-0.00701262513,-0.006306449829,-0.0006728280805,-0.00697927791,-0.005402878014,0.0001012091731,-0.005301668841,-0.006124582565,2.615431072e-05,-0.006098428254,-0.005410593315,0.0001708416382,-0.005239751677,-0.005960057008,-0.000151812659,-0.006111869667,-0.003340871332,0.0004629513858,-0.002877919947,-0.00325437411,0.000246129642,-0.003008244468,-0.005197648399,1.14742512e-05,-0.005186174148,-0.004299165519,1.120109758e-06,-0.004298045409,-0.004436947513,0.0003622326649,-0.004074714848,-0.00713763019,-0.001156897084,-0.008294527274,-0.002174868181,8.571747806e-05,-0.002089150703,-0.00974215293,-0.001542834861,-0.01128498779,-0.003843908216,-0.0001884198753,-0.004032328092,-0.003939822317,-3.378238736e-05,-0.003973604705,-0.004139908982,0.0002583849831,-0.003881523999,-0.005079301505,-3.864243903e-05,-0.005117943944,-0.005529199718,8.345608026e-05,-0.005445743638,-0.006310368256,0.0001718166685,-0.006138551588,-0.00527954198,-6.171562266e-06,-0.005285713542,-0.006574743559,-5.338533552e-05,-0.006628128895,-0.00607607384,-6.292807062e-05,-0.006139001911
53.5,-0.001605400493,0.0009278526715,-0.0006775478216,-0.003761433278,-6.998745356e-05,-0.003831420731,-0.003818588848,-0.000268833362,-0.00408742221,-0.002173386908,-0.0003491951966,-0.002522582104,-0.001713479634,-0.0008137085599,-0.002527188194,-0.002356815675,5.888493541e-06,-0.002350927181,-0.001282000303,-0.0003323990607,-0.001614399364,-0.002567747938,0.0005054779249,-0.002062270013,-0.001212584336,-0.0007480617346,-0.00196064607,-0.002072041237,8.588320792e-05,-0.001986158029,-0.001783894773,0.0004104315706,-0.001373463202,-0.00584548123,-0.0006752168531,-0.006520698083,-0.005944779621,-0.0005803380766,-0.006525117698,-0.006334381671,-0.0006691899808,-0.007003571652,-0.006306764693,-0.0006589714647,-0.006965736158,-0.005380695254,0.000100383496,-0.005280311758,-0.006086908551,1.053586534e-05,-0.006076372686,-0.005388223177,0.0001698499652,-0.005218373211,-0.005944558616,-0.000154016868,-0.006098575484,-0.003362692502,0.0004656639344,-0.002897028567,-0.003268863648,0.0002468935921,-0.003021970056,-0.00521649381,1.529735272e-05,-0.005201196457,-0.004302782476,1.074877781e-06,-0.004301707598,-0.004431613801,0.0003591599256,-0.004072453875,-0.007143993633,-0.001144839593,-0.008288833226,-0.002159708207,8.19439216e-05,-0.002077764286,-0.009742578427,-0.001537222081,-0.01127980051,-0.00384270954,-0.00019158966,-0.0040342992,-0.003945392468,-2.867853961e-05,-0.003974071007,-0.004142815447,0.0002612858204,-0.003881529626,-0.005068676278,-3.395536619e-05,-0.005102631644,-0.005528056791,8.381629556e-05,-0.005444240495,-0.006302381971,0.0001625242407,-0.006139857731,-0.005280808739,-3.637718767e-06,-0.005284446458,-0.006573792535,-4.760512414e-05,-0.006621397659,-0.006069381243,-5.545756332e-05,-0.006124838806
53.6,-0.001616923435,0.0009209611165,-0.0006959623182,-0.003759539835,-7.179951877e-05,-0.003831339354,-0.003832673372,-0.0002753112052,-0.004107984577,-0.002173580446,-0.000350605773,-0.002524186219,-0.001718086204,-0.0008149285196,-0.002533014724,-0.002355643886,9.879125821e-06,-0.00234576476,-0.001282668934,-0.0003329099705,-0.001615578905,-0.002566633204,0.0005067545618,-0.002059878643,-0.001241963582,-0.0007489543192,-0.001990917901,-0.002092433665,8.609378954e-05,-0.002006339875,-0.001800063596,0.0004145819541,-0.001385481642,-0.005821343234,-0.0006773662926,-0.006498709527,-0.005935139905,-0.0005606491397,-0.006495789045,-0.006320952332,-0.0006724104231,-0.006993362755,-0.006306480459,-0.0006451545044,-0.006951634964,-0.005356510634,9.923090437e-05,-0.005257279729,-0.00604521341,-6.260642841e-06,-0.006051474053,-0.005364030774,0.000168895339,-0.005195135435,-0.005928691276,-0.0001557561586,-0.006084447434,-0.003382266005,0.0004683833558,-0.002913882649,-0.003282064128,0.000247582095,-0.003034482033,-0.005235619261,1.992747758e-05,-0.005215691784,-0.0043061609,7.463146987e-07,-0.004305414585,-0.004427619317,0.0003560103583,-0.004071608958,-0.007147770718,-0.001131661352,-0.00827943207,-0.002142006252,7.766091827e-05,-0.002064345334,-0.009739682132,-0.001531591947,-0.01127127408,-0.003838575182,-0.0001950409133,-0.004033616095,-0.003949236738,-2.376543032e-05,-0.003973002168,-0.004145392726,0.000264620823,-0.003880771903,-0.005056331891,-2.918628858e-05,-0.00508551818,-0.005525937833,8.448869986e-05,-0.005441449133,-0.006293394304,0.000153565201,-0.006139829103,-0.005280525764,-9.565522808e-07,-0.005281482316,-0.0065709713,-4.177067068e-05,-0.006612741971,-0.006061633159,-4.739172599e-05,-0.006109024885
53.7,-0.001627600499,0.0009141044994,-0.0007134959993,-0.003756057476,-7.36003449e-05,-0.003829657821,-0.003846471358,-0.0002816133869,-0.004128084744,-0.002173609303,-0.0003519999168,-0.00252560922,-0.001721692496,-0.0008160158805,-0.002537708376,-0.002354459846,1.363914681e-05,-0.002340820699,-0.001282288701,-0.0003335774279,-0.001615866129,-0.002565172088,0.0005076439884,-0.0020575281,-0.001270440807,-0.0007499027082,-0.002020343515,-0.002110958972,8.618843731e-05,-0.002024770535,-0.001815380321,0.0004186370027,-0.001396743318,-0.005796534399,-0.0006790259179,-0.006475560317,-0.005923941212,-0.0005405114046,-0.006464452617,-0.006305107244,-0.0006766963989,-0.006981803643,-0.006305385935,-0.0006313915563,-0.006936777492,-0.005330145948,9.775839389e-05,-0.005232387554,-0.005999527486,-2.402700854e-05,-0.006023554494,-0.005337788785,0.0001679309365,-0.005169857848,-0.005912351685,-0.0001569826601,-0.006069334345,-0.003399438239,0.0004711181365,-0.002928320102,-0.003293832776,0.0002482098533,-0.003045622923,-0.005254873604,2.536537939e-05,-0.005229508225,-0.004309196937,1.015706423e-07,-0.004309095366,-0.004424954573,0.0003527722348,-0.004072182338,-0.007148635772,-0.001117413979,-0.008266049751,-0.002121698043,7.283302414e-05,-0.002048865019,-0.009733150364,-0.00152586735,-0.01125901771,-0.003831355143,-0.0001988053484,-0.004030160491,-0.003951179,-1.905729258e-05,-0.003970236293,-0.004147498791,0.000268359779,-0.003879139012,-0.005042131691,-2.435707995e-05,-0.005066488771,-0.005522680416,8.547686299e-05,-0.005437203553,-0.006283295026,0.0001450129866,-0.00613828204,-0.005278624746,1.928590247e-06,-0.005276696156,-0.006566130602,-3.590800416e-05,-0.006602038607,-0.006052625415,-3.876573824e-05,-0.006091391153
53.8,-0.001637272119,0.0009072799881,-0.0007299921308,-0.003750859263,-7.539931609e-05,-0.00382625858,-0.003859774591,-0.0002877460561,-0.004147520647,-0.002173362402,-0.0003533661375,-0.002526728539,-0.001724135475,-0.0008169742316,-0.002541109707,-0.002353111854,1.715236841e-05,-0.002335959485,-0.001280713026,-0.0003343970157,-0.001615110042,-0.002563327587,0.0005081476317,-0.002055179955,-0.001297846915,-0.0007508933041,-0.002048740219,-0.00212744206,8.61605964e-05,-0.002041281463,-0.001829695227,0.000422582668,-0.001407112559,-0.005770936282,-0.0006801798244,-0.006451116106,-0.005910945496,-0.0005201012566,-0.006431046753,-0.006286686582,-0.000682011152,-0.006968697734,-0.006303221779,-0.0006177189357,-0.006920940714,-0.005301425058,9.597757701e-05,-0.005205447481,-0.005949901021,-4.253836643e-05,-0.005992439387,-0.005309269147,0.0001669079702,-0.005142361177,-0.005895414246,-0.0001576636968,-0.006053077942,-0.003414059569,0.0004738737207,-0.002940185849,-0.003304023885,0.0002487892425,-0.003055234643,-0.005274093234,3.160426693e-05,-0.005242488967,-0.00431177377,-8.902867091e-07,-0.004312664056,-0.004423601416,0.0003494334009,-0.004074168015,-0.007146256513,-0.001102168386,-0.008248424899,-0.002098727007,6.7430396e-05,-0.002031296611,-0.009722683305,-0.001519948169,-0.01124263147,-0.003820899745,-0.000202909151,-0.004023808896,-0.003951048883,-1.456397456e-05,-0.003965612858,-0.004148990445,0.0002724714667,-0.003876518979,-0.005025935964,-1.949220697e-05,-0.005045428171,-0.005518115592,8.677782732e-05,-0.005431337764,-0.006271947933,0.0001369164046,-0.006135031528,-0.005275040044,5.0705396e-06,-0.005269969505,-0.006559134836,-3.003897878e-05,-0.006589173815,-0.00604215223,-2.961428499e-05,-0.006071766515
53.9,-0.00164578119,0.0009004847976,-0.0007452963921,-0.00374381587,-7.720807276e-05,-0.003821023942,-0.003872365958,-0.0002937155475,-0.004166081505,-0.002172718367,-0.0003546938456,-0.002527412213,-0.001725254095,-0.00081780754,-0.002543061635,-0.002351440801,2.04014604e-05,-0.002331039341,-0.001277798334,-0.0003353648411,-0.001613163175,-0.002561054222,0.0005082666594,-0.002052787562,-0.001324014688,-0.0007519130601,-0.002075927748,-0.002141716851,8.600184401e-05,-0.002055715007,-0.001842854496,0.0004264012952,-0.001416453201,-0.005744424286,-0.0006808269085,-0.006425251195,-0.005895907631,-0.0004996020853,-0.006395509716,-0.006265543562,-0.0006883102886,-0.006953853851,-0.006299686812,-0.0006041947497,-0.006903881562,-0.00527017951,9.390412375e-05,-0.005176275386,-0.005896405604,-6.156049562e-05,-0.005957966099,-0.005278252578,0.0001657775342,-0.005112475043,-0.005877735681,-0.0001577821674,-0.006035517849,-0.003425988571,0.0004766525177,-0.002949336053,-0.003312493357,0.0002493303743,-0.003063162983,-0.005293107442,3.86301603e-05,-0.005254477282,-0.004313766752,-2.257491014e-06,-0.004316024243,-0.004423536393,0.0003459816656,-0.004077554728,-0.007140302865,-0.001086013821,-0.008226316685,-0.002073048961,6.142965836e-05,-0.002011619303,-0.009708002289,-0.00151371326,-0.01122171555,-0.003807067162,-0.0002073713323,-0.004014438494,-0.003948690141,-1.029030054e-05,-0.003958980442,-0.004149729722,0.000276924132,-0.00387280559,-0.005007606748,-1.461868816e-05,-0.005022225436,-0.005512072582,8.838232798e-05,-0.005423690254,-0.006259198035,0.0001293012343,-0.006129896801,-0.005269711272,8.517052877e-06,-0.005261194219,-0.00654986792,-2.417979657e-05,-0.006574047717,-0.006030013152,-1.997277776e-05,-0.00604998593
54.0,-0.001652977514,0.0008937166799,-0.0007592608337,-0.003734800579,-7.903976019e-05,-0.003813840339,-0.003884025399,-0.0002995280874,-0.004183553487,-0.002171550056,-0.000355973354,-0.00252752341,-0.001724896831,-0.0008185200433,-0.002543416874,-0.002349284863,2.336825685e-05,-0.002325916606,-0.001273411644,-0.0003364774493,-0.001609889094,-0.002558299537,0.0005080025294,-0.002050297008,-0.001348786355,-0.0007529494259,-0.002101735781,-0.002153633706,8.570224337e-05,-0.002067931462,-0.001854707229,0.000430071942,-0.001424635288,-0.005716874418,-0.0006809823726,-0.00639785679,-0.005878581444,-0.0004792008897,-0.006357782334,-0.00624155172,-0.0006955414425,-0.006937093163,-0.006294445901,-0.0005908973647,-0.006885343266,-0.005236254836,9.1557404e-05,-0.005144697432,-0.005839135718,-8.085697047e-05,-0.005919992689,-0.005244538783,0.0001644923805,-0.005080046402,-0.005859160532,-0.0001573368259,-0.006016497358,-0.003435096334,0.0004794540778,-0.002955642256,-0.003319103278,0.0002498412936,-0.003069261984,-0.005311743704,4.642248251e-05,-0.005265321221,-0.004315048566,-4.024827435e-06,-0.004319073394,-0.00442473375,0.0003424051655,-0.004082328585,-0.007130456708,-0.001069056627,-0.008199513335,-0.002044637367,5.48145614e-05,-0.001989822806,-0.009688856526,-0.001507023805,-0.01119588033,-0.003789731827,-0.0002122026464,-0.004001934473,-0.003943967938,-6.235793682e-06,-0.003950203731,-0.004149589187,0.0002816859121,-0.003867903275,-0.004987012709,-9.766025778e-06,-0.004996778734,-0.005504383298,9.02750298e-05,-0.005414108269,-0.006244879724,0.0001221727602,-0.006122706963,-0.005262585625,1.230899412e-05,-0.005250276631,-0.006538238216,-1.834061403e-05,-0.00655657883,-0.006016019816,-9.87748762e-06,-0.006025897303
54.1,-0.001658722098,0.0008869743466,-0.0007717477518,-0.003723694289,-8.090828102e-05,-0.00380460257,-0.003894535794,-0.0003051895237,-0.004199725318,-0.002169729008,-0.0003571958463,-0.002526924854,-0.001722928026,-0.0008191161106,-0.002542044136,-0.002346484051,2.603412694e-05,-0.002320449924,-0.001267436529,-0.0003377316895,-0.001605168219,-0.002555005632,0.0005073575858,-0.002047648047,-0.001372018754,-0.0007539901898,-0.002126008944,-0.002163064685,8.525080492e-05,-0.00207781388,-0.001865110626,0.0004335708329,-0.001431539793,-0.005688169519,-0.0006806787053,-0.006368848224,-0.005858724697,-0.000459085734,-0.006317810431,-0.006214611252,-0.0007036435543,-0.006918254806,-0.006287138199,-0.0005779229335,-0.006865061132,-0.005199516499,8.89603319e-05,-0.005110556167,-0.005778209891,-0.0001001953143,-0.005878405205,-0.005207955547,0.0001630086035,-0.005044946944,-0.005839526036,-0.0001563424456,-0.005995868481,-0.00344127016,0.0004822752214,-0.002958994939,-0.003323725822,0.0002503281433,-0.003073397679,-0.005329831924,5.495470753e-05,-0.005274877217,-0.004315493498,-6.212898324e-06,-0.004321706396,-0.004427167501,0.0003386926341,-0.004088474867,-0.007116421541,-0.001051418411,-0.008167839951,-0.002013487913,4.757647945e-05,-0.001965911433,-0.009665028733,-0.001499727504,-0.01116475624,-0.003768792118,-0.0002174047207,-0.003986196839,-0.003936773337,-2.394957982e-06,-0.003939168295,-0.004148454898,0.0002867252793,-0.003861729619,-0.004964033089,-4.96601862e-06,-0.004968999108,-0.005494885824,9.243476922e-05,-0.005402451055,-0.006228825058,0.0001155190235,-0.006113306035,-0.005253618981,1.647771602e-05,-0.005237141265,-0.006524180824,-1.25266892e-05,-0.006536707513,-0.006000001005,6.349103071e-07,-0.005999366095
54.2,-0.001662890646,0.0008802578027,-0.0007826328435,-0.003710389713,-8.282754677e-05,-0.003793217259,-0.003903688075,-0.000310705071,-0.004214393146,-0.00216712923,-0.000358353309,-0.002525482539,-0.001719231639,-0.0008196000814,-0.002538831721,-0.002342883951,2.838035505e-05,-0.002314503596,-0.001259776056,-0.0003391245921,-0.001598900648,-0.002551110362,0.0005063356145,-0.002044774748,-0.001393584836,-0.000755023394,-0.00214860823,-0.002169905355,8.463594934e-05,-0.002085269406,-0.001873932088,0.0004368718443,-0.001437060244,-0.005658204235,-0.0006799659336,-0.006338170169,-0.005836102567,-0.0004394441786,-0.006275546745,-0.00618465333,-0.000712546045,-0.006897199375,-0.006277385445,-0.0005653818738,-0.006842767319,-0.005159854249,8.613920552e-05,-0.005073715043,-0.005713771059,-0.0001193517305,-0.005833122789,-0.005168364945,0.000161287261,-0.005007077684,-0.005818665149,-0.0001548296356,-0.005973494785,-0.003444416187,0.0004851100532,-0.002959306134,-0.003326245972,0.0002507952562,-0.003075450716,-0.005347207049,6.419498156e-05,-0.005283012067,-0.004314980416,-8.837405108e-06,-0.004323817821,-0.004430812266,0.0003348336232,-0.004095978643,-0.007097930749,-0.001033233801,-0.00813116455,-0.001979621164,3.971492975e-05,-0.001939906235,-0.009636339897,-0.00149166254,-0.01112800244,-0.003744175662,-0.0002229692961,-0.003967144958,-0.003927024311,1.241938485e-06,-0.003925782372,-0.00414622642,0.000292011471,-0.003854214949,-0.004938560075,-2.524047902e-07,-0.00493881248,-0.005483426478,9.483513048e-05,-0.005388591348,-0.006210870932,0.0001093139526,-0.006101556979,-0.00524277517,2.104174279e-05,-0.005221733427,-0.006507656417,-6.740940139e-06,-0.006514397357,-0.005981805474,1.152815537e-05,-0.005970277318
54.3,-0.001665375845,0.0008735685349,-0.0007918073096,-0.003694794299,-8.481074207e-05,-0.003779605041,-0.003911285224,-0.0003160791311,-0.004227364356,-0.002163630005,-0.0003594384746,-0.002523068479,-0.001713712018,-0.0008199761433,-0.002533688162,-0.002338338325,3.038848073e-05,-0.002307949844,-0.001250352578,-0.0003406533327,-0.00159100591,-0.002546548061,0.0005049422488,-0.002041605812,-0.001413371937,-0.0007560374467,-0.002169409383,-0.002174073278,8.384590044e-05,-0.002090227377,-0.001881048476,0.0004399469599,-0.001441101516,-0.005626888657,-0.0006789107985,-0.006305799456,-0.005810489466,-0.0004204627375,-0.006230952203,-0.006151641892,-0.0007221683634,-0.006873810255,-0.006264800831,-0.0005533938472,-0.006818194678,-0.005117184127,8.31233342e-05,-0.005034060792,-0.005645985465,-0.0001381149814,-0.005784100446,-0.005125666003,0.0001592958957,-0.004966370108,-0.005796407481,-0.000152844115,-0.005949251596,-0.003444460925,0.0004879499762,-0.002956510949,-0.003326563054,0.0002512452906,-0.003075317763,-0.005363710241,7.410673896e-05,-0.005289603502,-0.004313394864,-1.190853254e-05,-0.004325303397,-0.004435643107,0.0003308187828,-0.004104824324,-0.007074753606,-0.00101464836,-0.008089401966,-0.00194308287,3.123827238e-05,-0.001911844597,-0.009602653722,-0.001482660525,-0.01108531425,-0.003715841388,-0.0002288780203,-0.003944719408,-0.003914663953,4.687778111e-06,-0.003909976175,-0.00414281468,0.0002975147836,-0.003845299897,-0.00491049965,4.339706261e-06,-0.004906159944,-0.005469860759,9.744555617e-05,-0.005372415203,-0.006190864244,0.0001035196124,-0.006087344632,-0.005230023828,2.60035341e-05,-0.005204020294,-0.006488647241,-9.87175616e-07,-0.006489634416,-0.005961303083,2.276777305e-05,-0.00593853531
54.4,-0.001666088606,0.0008669094739,-0.0007991791326,-0.003676831969,-8.686972395e-05,-0.003763701693,-0.003917145468,-0.0003213152658,-0.004238460734,-0.002159117934,-0.0003604448267,-0.002519562761,-0.001706292898,-0.0008202483169,-0.002526541215,-0.002332710861,3.204061432e-05,-0.002300670247,-0.001239105945,-0.0003423153057,-0.001581421251,-0.00254125,0.0005031851639,-0.002038064836,-0.00143127917,-0.0007570214262,-0.002188300596,-0.002175505122,8.286901295e-05,-0.002092636109,-0.001886344382,0.0004427667249,-0.001443577657,-0.005594151353,-0.0006775945987,-0.006271745952,-0.005781670303,-0.0004023268971,-0.0061839972,-0.006115573615,-0.0007324202867,-0.006847993901,-0.006248999252,-0.00054208107,-0.006791080322,-0.005071448444,7.994443432e-05,-0.00499150401,-0.005575039384,-0.0001562905265,-0.00573132991,-0.005079794813,0.000157009741,-0.004922785072,-0.00577257932,-0.0001504454624,-0.005923024782,-0.003441352098,0.0004907838195,-0.002950568279,-0.003324591629,0.0002516795045,-0.003072912125,-0.005379189465,8.464930232e-05,-0.005294540163,-0.004310631166,-1.543056509e-05,-0.004326061731,-0.004441634985,0.0003266402243,-0.00411499476,-0.007046699401,-0.0009958166257,-0.008042516027,-0.001903942813,2.216452562e-05,-0.001881778288,-0.00956388066,-0.00147254904,-0.0110364297,-0.003683779321,-0.0002351031683,-0.003918882489,-0.003899657741,7.95732826e-06,-0.003891700413,-0.004138139501,0.0003032066335,-0.003834932867,-0.004879771832,8.774563119e-06,-0.004870997269,-0.005454054037,0.0001002327024,-0.005353821334,-0.0061686655,9.808760027e-05,-0.0060705779,-0.00521533811,3.134734755e-05,-0.005183990763,-0.006467152059,4.726852188e-06,-0.006462425207,-0.005938385252,3.432298482e-05,-0.005904062267
54.5,-0.001664958898,0.0008602847261,-0.0008046741719,-0.00365644432,-8.901466558e-05,-0.003745458986,-0.003921105357,-0.0003264163157,-0.004247521672,-0.002153488799,-0.000361366649,-0.002514855448,-0.001696916636,-0.0008204205394,-0.002517337175,-0.00232587675,3.331979293e-05,-0.002292556957,-0.001225992357,-0.000344108248,-0.001570100605,-0.002535145011,0.0005010740872,-0.002034070923,-0.001447216572,-0.0007579654669,-0.002205182038,-0.002174154838,8.16940694e-05,-0.002092460768,-0.001889711662,0.0004453007391,-0.001444410923,-0.005559942225,-0.0006761101456,-0.006236052371,-0.005749442903,-0.0003852208679,-0.006134663771,-0.00607647759,-0.0007432029694,-0.00681968056,-0.006229609573,-0.000531560295,-0.006761169868,-0.005022614818,7.663585227e-05,-0.004945978966,-0.005501133963,-0.0001737053684,-0.005674839331,-0.005030723858,0.0001544122648,-0.004876311593,-0.00574700466,-0.0001477055994,-0.005894710259,-0.003435059238,0.0004935980387,-0.002941461199,-0.003320262395,0.0002520981125,-0.003068164283,-0.005393500432,9.577837778e-05,-0.005297722054,-0.004306595343,-1.94018006e-05,-0.004325997144,-0.004448762543,0.0003222918889,-0.004126470654,-0.007013621135,-0.0009768996508,-0.007990520786,-0.001862293812,1.252203237e-05,-0.00184977178,-0.009519980638,-0.001461155343,-0.01098113598,-0.00364801015,-0.0002416091047,-0.003889619255,-0.003881991714,1.106586094e-05,-0.003870925853,-0.00413212857,0.0003090593779,-0.003823069192,-0.004846311321,1.30164647e-05,-0.004833294856,-0.005435882939,0.0001031615368,-0.005332721402,-0.006144151886,9.296003208e-05,-0.006051191853,-0.005198693632,3.70388151e-05,-0.005161654817,-0.006443181892,1.038717866e-05,-0.006432794714,-0.005912965826,4.616886401e-05,-0.005866796962
54.6,-0.00166193686,0.0008536992022,-0.0008082376575,-0.003633592059,-9.12538859e-05,-0.003724845945,-0.003923023302,-0.0003313845734,-0.004254407876,-0.002146649766,-0.0003621990314,-0.002508848798,-0.001685545119,-0.0008204967594,-0.002506041878,-0.002317724663,3.421040463e-05,-0.002283514259,-0.00121098525,-0.0003460303236,-0.001557015573,-0.00252816063,0.0004986207222,-0.002029539908,-0.001461107205,-0.0007588611303,-0.002219968335,-0.002169994229,8.031055677e-05,-0.002089683672,-0.001891051395,0.0004475181885,-0.001443533207,-0.005524235192,-0.0006745585953,-0.006198793787,-0.005713622527,-0.0003693261649,-0.006082948692,-0.006034415857,-0.0007544104779,-0.006788826335,-0.006206288991,-0.0005219341073,-0.006728223098,-0.004970675389,7.323165759e-05,-0.004897443731,-0.005424479658,-0.0001902129463,-0.005614692605,-0.004978461922,0.0001514948764,-0.004826967046,-0.00571950846,-0.0001447072597,-0.00586421572,-0.003425574325,0.000496376921,-0.002929197405,-0.0033135236,0.0002525006196,-0.00306102298,-0.005406508447,0.0001074463959,-0.005299062052,-0.004301209112,-2.381470358e-05,-0.004325023815,-0.004457000657,0.0003177698841,-0.004139230773,-0.006975419755,-0.000958061744,-0.007933481499,-0.001818252032,2.349745295e-06,-0.001815902287,-0.009470963986,-0.001448312027,-0.01091927601,-0.003608585786,-0.0002483540589,-0.003856939845,-0.003861672636,1.402790804e-05,-0.003847644727,-0.004124718533,0.0003150459987,-0.003809672534,-0.004810069104,1.703027651e-05,-0.004793038827,-0.005415237929,0.0001061959543,-0.005309041975,-0.006117220391,8.807022002e-05,-0.006029150171,-0.00518006942,4.302618186e-05,-0.005137043238,-0.006416757683,1.597234798e-05,-0.006400785335,-0.005884983181,5.828840275e-05,-0.005826694779
54.7,-0.001656994603,0.0008471583205,-0.0008098362826,-0.003608257132,-9.359369544e-05,-0.003701850828,-0.003922783687,-0.0003362219207,-0.004259005608,-0.002138522173,-0.0003629377837,-0.002501459957,-0.001672162646,-0.0008204809588,-0.002492643605,-0.00230815933,3.469862511e-05,-0.002273460705,-0.001194078335,-0.0003480801274,-0.001542158462,-0.00252022495,0.0004958386836,-0.002024386267,-0.00147289177,-0.0007597017111,-0.002232593481,-0.002163015837,7.87089335e-05,-0.002084306904,-0.001890278073,0.0004493883926,-0.001440889681,-0.005487030834,-0.0006730465,-0.006160077334,-0.005674048371,-0.0003548184124,-0.006028866784,-0.005989485101,-0.000765931492,-0.006755416593,-0.006178738611,-0.0005132825903,-0.006692021201,-0.004915647002,6.976571622e-05,-0.004845881286,-0.005345292294,-0.0002056970316,-0.005550989326,-0.004923055334,0.0001482560401,-0.004774799294,-0.005689922382,-0.0001415423511,-0.005831464733,-0.003412912625,0.0004991028685,-0.002913809756,-0.003304343139,0.0002528861412,-0.003051456998,-0.005418091214,0.0001196027984,-0.005298488415,-0.004294414672,-2.865615741e-05,-0.00432307083,-0.004466325785,0.000313072825,-0.00415325296,-0.006932048717,-0.0009394667971,-0.007871515514,-0.001771958934,-8.302919471e-06,-0.001780261853,-0.009416891084,-0.001433863817,-0.0108507549,-0.003565590812,-0.0002552919738,-0.003820882786,-0.00383873018,1.685657271e-05,-0.003821873607,-0.004115857914,0.0003211398877,-0.003794718027,-0.004771015081,2.078187154e-05,-0.004750233209,-0.005392027034,0.0001092990456,-0.005282727989,-0.006087790992,8.334291912e-05,-0.006004448073,-0.005159450762,4.924255291e-05,-0.005110208209,-0.006387909923,2.145290748e-05,-0.006366457016,-0.005854403222,7.067378122e-05,-0.00578372944
54.8,-0.001650128596,0.0008406678767,-0.0008094607189,-0.003580445473,-9.603816946e-05,-0.003676483643,-0.003920301214,-0.0003409299027,-0.004261231116,-0.002129044733,-0.000363579299,-0.002492624032,-0.001656780149,-0.0008203770976,-0.002477157246,-0.00229710453,3.47728019e-05,-0.002262331728,-0.001175289934,-0.0003502566215,-0.001525546556,-0.002511269138,0.000492743495,-0.002018525643,-0.001482534333,-0.0007604824302,-0.002243016763,-0.002153237075,7.688093593e-05,-0.002076356139,-0.001887324944,0.0004508813852,-0.001436443559,-0.005448359176,-0.0006716829715,-0.006120042148,-0.005630591292,-0.0003418625925,-0.005972453885,-0.005941819133,-0.0007776508132,-0.006719469947,-0.006146718389,-0.0005056567471,-0.006652375137,-0.004857572638,6.62708748e-05,-0.004791301763,-0.005263792007,-0.000220074047,-0.005483866054,-0.004864590581,0.000144700232,-0.004719890349,-0.005658092498,-0.000138309851,-0.005796402349,-0.003397113612,0.0005017569102,-0.002895356702,-0.003292711197,0.0002532538109,-0.003039457386,-0.005428142221,0.0001321944452,-0.005295947775,-0.004286179623,-3.390769111e-05,-0.004320087314,-0.004476717809,0.0003082021914,-0.004168515617,-0.006883518112,-0.0009212745494,-0.007804792661,-0.001723584383,-1.937650254e-05,-0.001742960885,-0.009357871376,-0.001417674342,-0.01077554572,-0.003519144338,-0.0002623742955,-0.003781518633,-0.003813220165,1.956360126e-05,-0.003793656564,-0.004105511032,0.0003273149874,-0.003778196044,-0.004729141296,2.423868549e-05,-0.00470490261,-0.005366180183,0.0001124332666,-0.005253746916,-0.006055810036,7.869449622e-05,-0.00597711554,-0.005136833224,5.560832469e-05,-0.0050812249,-0.006356679571,2.679142811e-05,-0.006329888143,-0.005821221757,8.332576869e-05,-0.005737895988
54.9,-0.001641362146,0.0008342340145,-0.0008071281319,-0.003550189848,-9.858891418e-05,-0.003648778763,-0.003915524907,-0.0003455097499,-0.004261034657,-0.002118176761,-0.0003641204299,-0.002482297191,-0.001639439501,-0.0008201890205,-0.002459628522,-0.002284506078,3.442379713e-05,-0.002250082281,-0.001154667211,-0.0003525590177,-0.001507226229,-0.002501230405,0.0004893526425,-0.002011877763,-0.001490027368,-0.0007612004689,-0.002251227837,-0.002140704057,7.481997563e-05,-0.002065884082,-0.00188214898,0.0004519685611,-0.001430180419,-0.00540828232,-0.0006705766729,-0.006078858992,-0.005583161535,-0.000330607726,-0.005913769261,-0.005891591416,-0.0007894503961,-0.006681041813,-0.006110059544,-0.0004990745078,-0.006609134052,-0.004796523679,6.277833557e-05,-0.004733745343,-0.005180204182,-0.0002332941487,-0.005413498331,-0.004803197429,0.0001408370167,-0.004662360412,-0.005623887921,-0.0001351130885,-0.005759001009,-0.00337824169,0.0005043194508,-0.002873922239,-0.003278642914,0.00025360329,-0.003025039624,-0.005436574006,0.0001451661872,-0.005291407819,-0.004276500966,-3.954563861e-05,-0.004316046604,-0.00448816173,0.0003031626115,-0.004184999118,-0.006829897861,-0.0009036368736,-0.007733534735,-0.001673329949,-3.080197703e-05,-0.001704131926,-0.009294061894,-0.001399632294,-0.01069369419,-0.003469401771,-0.0002695514716,-0.003738953242,-0.00378522719,2.21600047e-05,-0.003763067186,-0.004093661649,0.0003335463849,-0.003760115264,-0.004684465008,2.737045327e-05,-0.004657094554,-0.005337653239,0.000115560746,-0.005222092493,-0.006021254225,7.403399922e-05,-0.005947220225,-0.005112226774,6.203332347e-05,-0.005050193451,-0.006323119307,3.194316364e-05,-0.006291176143,-0.005785464944,9.625079888e-05,-0.005689214145
55.0,-0.00163074728,0.0008278631714,-0.0008028841091,-0.003517552041,-0.0001012449279,-0.003618796969,-0.003908441059,-0.0003499623528,-0.004258403411,-0.002105900846,-0.0003645583899,-0.002470459235,-0.001620216379,-0.0008199203408,-0.00244013672,-0.002270334204,3.36453359e-05,-0.002236688868,-0.001132288603,-0.000354986614,-0.001487275217,-0.002490054987,0.0004856856296,-0.002004369358,-0.001495394166,-0.0007618548764,-0.002257249043,-0.002125493351,7.252160405e-05,-0.002052971747,-0.00187473372,0.0004526233663,-0.001422110354,-0.005366895855,-0.0006698324523,-0.006036728307,-0.005531714991,-0.0003211818686,-0.00585289686,-0.005839016608,-0.0008012099386,-0.006640226547,-0.006068672904,-0.000493519228,-0.006562192132,-0.004732602064,5.931732347e-05,-0.004673284741,-0.005094759584,-0.0002453419961,-0.00534010158,-0.004739050893,0.0001366804193,-0.004602370474,-0.005587208714,-0.0001320566329,-0.005719265347,-0.003356386147,0.0005067710679,-0.002849615079,-0.003262180267,0.0002539352319,-0.003008245035,-0.005443320308,0.0001584614602,-0.005284858848,-0.004265407174,-4.554124255e-05,-0.004310948417,-0.004500648529,0.0002979619595,-0.00420268657,-0.006771319491,-0.0008866944324,-0.007658013924,-0.001621430896,-4.250120534e-05,-0.001663932101,-0.009225665059,-0.00137965673,-0.01060532179,-0.003416555737,-0.000276773714,-0.003693329451,-0.003754864841,2.465685974e-05,-0.003730207981,-0.004080314693,0.0003398112479,-0.003740503445,-0.004637030531,3.015005293e-05,-0.004606880478,-0.005306430741,0.00011864395,-0.005187786791,-0.005984135227,6.926616186e-05,-0.005914869065,-0.005085658795,6.841857462e-05,-0.00501724022,-0.006287294137,3.685748374e-05,-0.006250436653,-0.005747187501,0.000109456364,-0.005637731137
55.1,-0.001618365291,0.000821561963,-0.0007968033277,-0.003482623562,-0.0001040025652,-0.003586626127,-0.003899074413,-0.0003542881734,-0.004253362586,-0.002092224343,-0.000364890665,-0.002457115008,-0.00159922017,-0.0008195742928,-0.002418794463,-0.002254584659,3.243433371e-05,-0.002222150325,-0.001108262919,-0.0003575386248,-0.001465801543,-0.002477700564,0.0004817639244,-0.001995936639,-0.001498687102,-0.0007624464872,-0.002261133589,-0.002107710121,6.998393011e-05,-0.002037726191,-0.001865088564,0.0004528219291,-0.001412266635,-0.005324327455,-0.0006695480176,-0.005993875472,-0.005476256534,-0.000313687687,-0.005789944221,-0.005784350055,-0.0008128073584,-0.006597157413,-0.00602255179,-0.0004889405254,-0.006511492316,-0.004665941128,5.591514212e-05,-0.004610025986,-0.005007691573,-0.0002562375064,-0.005263929079,-0.004672370255,0.0001322488091,-0.004540121446,-0.005547991297,-0.0001292430615,-0.005677234358,-0.003331659913,0.0005090931596,-0.002822566753,-0.003243392395,0.0002542515735,-0.002989140821,-0.005448336248,0.0001720227259,-0.005276313522,-0.004252957597,-5.186072017e-05,-0.004304818318,-0.004514174644,0.0002926112523,-0.004221563392,-0.006707975714,-0.0008705742283,-0.007578549942,-0.001568155231,-5.438739041e-05,-0.001622542621,-0.009152924838,-0.001357701516,-0.01051062635,-0.003360835051,-0.0002839905206,-0.003644825572,-0.003722272205,2.706603923e-05,-0.003695206166,-0.004065494433,0.0003460898085,-0.003719404625,-0.004586908878,3.255435218e-05,-0.004554354526,-0.005272526521,0.000121646812,-0.005150879709,-0.005944503915,6.429681556e-05,-0.0058802071,-0.00505717481,7.465785086e-05,-0.004982516959,-0.006249280184,4.14796769e-05,-0.006207800507,-0.005706468863,0.0001229458036,-0.005583523059
55.2,-0.001604325566,0.0008153370887,-0.0007889884777,-0.003445524294,-0.0001068555492,-0.003552379843,-0.003887487202,-0.0003584871182,-0.00424597432,-0.002077179253,-0.0003651149612,-0.002442294214,-0.001576590131,-0.0008191535841,-0.002395743715,-0.002237278044,3.079109593e-05,-0.002206486948,-0.001082724522,-0.0003602140872,-0.001442938609,-0.002464137721,0.0004776106817,-0.001986527039,-0.001499981751,-0.000762977996,-0.002262959747,-0.002087482392,6.720786674e-05,-0.002020274525,-0.001853244355,0.000452543535,-0.00140070082,-0.005280731657,-0.0006698115854,-0.005950543242,-0.005416839478,-0.000308198686,-0.005725038164,-0.005727884692,-0.000824119442,-0.006552004134,-0.005971768735,-0.0004852575113,-0.006457026247,-0.004596704101,5.259758596e-05,-0.004544106515,-0.004919230831,-0.000266035749,-0.00518526658,-0.00460341392,0.000127565319,-0.004475848601,-0.005506210046,-0.0001267697716,-0.005632979817,-0.003304196999,0.000511268411,-0.002792928588,-0.003222374162,0.0002545556917,-0.002967818471,-0.005451596405,0.0001857917155,-0.00526580469,-0.004239239418,-5.84653414e-05,-0.004297704759,-0.004528740095,0.0002871244482,-0.004241615647,-0.006640117307,-0.0008553879531,-0.00749550526,-0.001513798909,-6.63655049e-05,-0.001580164414,-0.009076120158,-0.001333759041,-0.0104098792,-0.00330250093,-0.0002911489238,-0.003593649853,-0.003687606858,2.940071897e-05,-0.003658206139,-0.004049238982,0.0003523660246,-0.003696872957,-0.004534194881,3.456502004e-05,-0.004499629861,-0.005235981918,0.0001245361334,-0.005111445784,-0.005902452423,5.904003194e-05,-0.005843412391,-0.005026836307,8.063923283e-05,-0.004946197074,-0.006209160896,4.575242213e-05,-0.006163408474,-0.005663407725,0.0001367135136,-0.005526694211
55.3,-0.001588762855,0.0008091953292,-0.0007795675255,-0.003406399175,-0.0001097950448,-0.00351619422,-0.003873776269,-0.000362558442,-0.004236334711,-0.002060820533,-0.0003652292393,-0.002426049772,-0.001552488565,-0.0008186603168,-0.002371148882,-0.002218457475,2.871931226e-05,-0.002189738163,-0.001055825776,-0.0003630118889,-0.001418837665,-0.002449350428,0.0004732502122,-0.001976100216,-0.001499368919,-0.0007634542136,-0.002262823133,-0.00206495306,6.419717223e-05,-0.002000755887,-0.001839246897,0.0004517709345,-0.001387475962,-0.005236281848,-0.0006707009533,-0.005906982802,-0.005353561365,-0.0003047564389,-0.005658317804,-0.005669945944,-0.000835022699,-0.006504968643,-0.005916467316,-0.0004823638446,-0.00639883116,-0.004525080086,4.938953042e-05,-0.004475690555,-0.004829599811,-0.0002748249493,-0.00510442476,-0.004532470485,0.000122658412,-0.004409812073,-0.005461875088,-0.0001247261355,-0.005586601224,-0.003274149086,0.000513281151,-0.002760867935,-0.003199243438,0.0002548525648,-0.002944390873,-0.005453091604,0.0001997095734,-0.005253382031,-0.004224363356,-6.531163457e-05,-0.004289674991,-0.00454434589,0.0002815182519,-0.004262827638,-0.006568047367,-0.0008412306261,-0.007409277993,-0.00145867785,-7.833280663e-05,-0.001537010657,-0.008995555622,-0.001307863163,-0.01030341879,-0.003241840976,-0.000298191109,-0.003540032085,-0.003651036174,3.167555722e-05,-0.003619360617,-0.004031593022,0.0003586276885,-0.003672965333,-0.004479002494,3.616930012e-05,-0.004442833194,-0.005196862083,0.0001272828354,-0.005069579248,-0.005858112412,5.342501825e-05,-0.005804687394,-0.004994716175,8.624679453e-05,-0.00490846938,-0.006167021517,4.961678632e-05,-0.00611740473,-0.005618116179,0.0001507414395,-0.005467374739
55.4,-0.00157183366,0.0008031436066,-0.0007686900536,-0.003365413783,-0.0001128098967,-0.00347822368,-0.003858069228,-0.0003665007218,-0.004224569949,-0.002043223525,-0.0003652318307,-0.002408455356,-0.00152709322,-0.0008180960197,-0.00234518924,-0.00219818532,2.622587821e-05,-0.002171959442,-0.001027729282,-0.0003659308633,-0.001393660145,-0.002433335913,0.0004687073073,-0.001964628606,-0.001496947634,-0.0007638823889,-0.002260830023,-0.002040272431,6.095834747e-05,-0.001979314083,-0.001823151056,0.000450490553,-0.001372660503,-0.005191162123,-0.0006722832373,-0.00586344536,-0.005286557606,-0.0003033692606,-0.005589926867,-0.005610885755,-0.0008453944619,-0.006456280217,-0.005856851927,-0.000480133352,-0.006336985279,-0.004451278347,4.631545772e-05,-0.00440496289,-0.004739008999,-0.0002827222722,-0.005021731271,-0.004459848182,0.0001175620968,-0.004342286085,-0.005415027535,-0.0001231914775,-0.005538219013,-0.003241681946,0.0005151176128,-0.002726564333,-0.003174137995,0.0002551489682,-0.002918989027,-0.005452825697,0.0002137169898,-0.005239108707,-0.004208459589,-7.235182694e-05,-0.004280811416,-0.00456099163,0.0002758119272,-0.004285179703,-0.006492113271,-0.0008281793533,-0.007320292624,-0.001403118769,-9.01797813e-05,-0.00149329855,-0.008911551007,-0.001280090886,-0.01019164189,-0.00317916282,-0.0003050521879,-0.003484215007,-0.003612729564,3.390660467e-05,-0.003578822959,-0.004012601602,0.0003648660626,-0.00364773554,-0.004421459655,3.736065376e-05,-0.004384099001,-0.005155251602,0.000129862733,-0.005025388869,-0.005811649474,4.74007482e-05,-0.005764248726,-0.004960893224,9.136243007e-05,-0.004869530794,-0.006122944099,5.301340131e-05,-0.006069930697,-0.00557071494,0.0001649970157,-0.005405717924
55.5,-0.001553712697,0.0007971890657,-0.0007565236315,-0.003322750066,-0.0001158870799,-0.003438637146,-0.003840520727,-0.0003703118601,-0.004210832587,-0.002024481344,-0.0003651215463,-0.002389602891,-0.001500591175,-0.0008174617496,-0.002318052925,-0.002176539996,2.332063713e-05,-0.002153219359,-0.0009986022118,-0.0003689698455,-0.001367572057,-0.002416104439,0.0004640066226,-0.001952097816,-0.001492821261,-0.0007642724493,-0.002257093711,-0.002013593467,5.750046389e-05,-0.001956093003,-0.001805017441,0.000448692654,-0.001356324787,-0.005145561578,-0.0006746140088,-0.005820175587,-0.005215995027,-0.0003040125326,-0.00552000756,-0.005551076436,-0.0008551146375,-0.006406191074,-0.005793178052,-0.0004784253717,-0.006271603423,-0.004375522235,4.339976446e-05,-0.00433212247,-0.00464765563,-0.0002898678118,-0.004937523441,-0.004385865414,0.0001123156248,-0.004273549789,-0.00536573413,-0.0001222341386,-0.005487968268,-0.003206972335,0.0005167660477,-0.002690206287,-0.003147212826,0.0002554536001,-0.002891759226,-0.005450813354,0.0002277543014,-0.005223059053,-0.004191674866,-7.953450719e-05,-0.004271209373,-0.004578673952,0.0002700270672,-0.004308646885,-0.00641269732,-0.0008162919971,-0.007228989317,-0.001347450949,-0.000101791826,-0.001449242775,-0.008824431312,-0.001250562255,-0.01007499357,-0.003114789164,-0.0003116586835,-0.003426447848,-0.003572853597,3.611115468e-05,-0.003536742442,-0.003992306907,0.0003710753703,-0.003621231537,-0.004361704021,3.813911921e-05,-0.004323564902,-0.005111250808,0.0001322567643,-0.004978994044,-0.005763255478,4.093788819e-05,-0.00572231759,-0.00492544747,9.586799078e-05,-0.004829579479,-0.006077005078,5.588448579e-05,-0.006021120592,-0.005521330331,0.0001794319212,-0.005341898409
55.6,-0.001534590057,0.0007913391973,-0.0007432508597,-0.00327860313,-0.00011901227,-0.0033976154,-0.003821309481,-0.0003739890489,-0.00419529853,-0.002004702821,-0.0003648976742,-0.002369600496,-0.001473175369,-0.0008167581835,-0.002289933552,-0.002153613491,2.001610504e-05,-0.002133597386,-0.0009686136605,-0.0003721276282,-0.001340741289,-0.002397679294,0.0004591722735,-0.00193850702,-0.001487097162,-0.0007646370725,-0.002251734235,-0.001985070365,5.383495258e-05,-0.001931235413,-0.001784912256,0.0004463714596,-0.001338540797,-0.005099671956,-0.0006777354639,-0.00577740742,-0.005142066687,-0.0003066305579,-0.005448697245,-0.005490904527,-0.0008640684958,-0.006354973023,-0.005725744166,-0.0004770898537,-0.006202834019,-0.004298043845,4.066690396e-05,-0.004257376941,-0.004555724198,-0.0002964176449,-0.004852141843,-0.004310843983,0.0001069628028,-0.00420388118,-0.00531408312,-0.0001219113599,-0.00543599448,-0.003170205698,0.0005182167254,-0.002651988972,-0.003118638263,0.00025577707,-0.002862861193,-0.005447079251,0.0002417615361,-0.005205317715,-0.004174171073,-8.68053825e-05,-0.004260976456,-0.004597386073,0.0002641873127,-0.00433319876,-0.006330207833,-0.0008056051899,-0.007135813023,-0.00129200019,-0.0001130516094,-0.001405051799,-0.008734518484,-0.001219438489,-0.009953956973,-0.003049054702,-0.0003179281359,-0.003366982838,-0.003531570404,3.830768192e-05,-0.003493262722,-0.0039707484,0.0003772524912,-0.003593495909,-0.00429988041,3.851135965e-05,-0.00426136905,-0.005064973697,0.000134450822,-0.004930522875,-0.005713141144,3.402882106e-05,-0.005679112323,-0.004888457375,9.964802791e-05,-0.004788809347,-0.006029275862,5.817671747e-05,-0.005971099145,-0.005470092802,0.0001939812353,-0.005276111567
55.7,-0.001514669264,0.0007856020053,-0.0007290672584,-0.003233179456,-0.0001221703625,-0.003355349818,-0.003800636129,-0.0003775286901,-0.00417816482,-0.001984011169,-0.0003645598558,-0.002348571025,-0.001445043672,-0.0008159856671,-0.002261029339,-0.002129509803,1.632719523e-05,-0.002113182607,-0.0009379346558,-0.0003754028324,-0.001313337488,-0.00237809702,0.0004542276612,-0.001923869358,-0.001479889024,-0.0007649915493,-0.002244880573,-0.00195485982,4.99753778e-05,-0.001904884443,-0.001762909736,0.0004435252355,-0.001319384501,-0.005053687826,-0.0006816744339,-0.00573536226,-0.005064988594,-0.000311139282,-0.005376127876,-0.005430765209,-0.0008721501443,-0.006302915353,-0.005654885249,-0.0004759724292,-0.006130857679,-0.004219080015,3.814148127e-05,-0.004180938534,-0.004463388063,-0.000302536629,-0.004765924692,-0.00423510516,0.0001015510819,-0.004133554078,-0.005260182399,-0.0001222693733,-0.005382451772,-0.003131574815,0.0005194619791,-0.002612112836,-0.003088598983,0.0002561318219,-0.002832467161,-0.005441658554,0.0002556785003,-0.005185980053,-0.004156124847,-9.410800664e-05,-0.004250232854,-0.004617118245,0.0002583180358,-0.004358800209,-0.006245072285,-0.0007961318417,-0.007041204127,-0.001237085207,-0.0001238416663,-0.001360926873,-0.008642125312,-0.001186918904,-0.009829044216,-0.002982304167,-0.0003237700232,-0.00330607419,-0.003489038506,4.051582189e-05,-0.003448522684,-0.003947965591,0.0003833969756,-0.003564568616,-0.004236140082,3.849056705e-05,-0.004197649515,-0.005016547598,0.0001364354464,-0.004880112151,-0.005661529843,2.668641302e-05,-0.00563484343,-0.004849999565,0.0001025932846,-0.00474740628,-0.005979825835,5.984450406e-05,-0.005919981331,-0.005417136742,0.0002085635256,-0.005208573216
55.8,-0.001494165966,0.0007799861393,-0.0007141798267,-0.003186696322,-0.0001253458428,-0.003312042165,-0.003778721605,-0.000380926334,-0.004159647939,-0.001962543181,-0.0003641079204,-0.002326651101,-0.001416399648,-0.0008151442421,-0.00223154389,-0.002104344127,1.227096781e-05,-0.00209207316,-0.000906739746,-0.0003787937288,-0.001285533475,-0.002357407718,0.0004491954646,-0.001908212254,-0.001471320374,-0.0007653534103,-0.002236673784,-0.001923123694,4.59372543e-05,-0.00187718644,-0.001739095942,0.0004401563908,-0.001298939551,-0.005007807765,-0.000686441296,-0.005694249061,-0.004984998465,-0.0003174288139,-0.005302427279,-0.005371057652,-0.0008792658066,-0.006250323459,-0.005580967418,-0.0004749193853,-0.006055886804,-0.004138869619,3.584825066e-05,-0.004103021368,-0.004370812179,-0.000308391045,-0.004679203224,-0.004158967733,9.613051812e-05,-0.004062837215,-0.005204159773,-0.000123343241,-0.005327503014,-0.003091279224,0.0005204964105,-0.002570782814,-0.003057293613,0.0002565320908,-0.002800761522,-0.005434598237,0.0002694450473,-0.00516515319,-0.004137727439,-0.0001013844409,-0.00423911188,-0.004637858684,0.0002524459443,-0.004385412739,-0.006157732634,-0.0007878594888,-0.006945592123,-0.001183016047,-0.0001340467751,-0.001317062823,-0.008547551665,-0.001153237318,-0.009700788983,-0.002914890423,-0.0003290877994,-0.003243978222,-0.003445414529,4.275620253e-05,-0.003402658327,-0.003924001896,0.0003895111935,-0.003534490702,-0.004170641337,3.809638526e-05,-0.004132544951,-0.004966113977,0.0001382055641,-0.004827908413,-0.005608652458,1.894191287e-05,-0.005589710545,-0.004810150778,0.0001046047885,-0.004705545989,-0.005928726687,6.085304533e-05,-0.005867873642,-0.005362601584,0.0002230827837,-0.0051395188
55.9,-0.001473306815,0.0007745009329,-0.0006988058826,-0.003139381808,-0.0001285230265,-0.003267904834,-0.00375580547,-0.0003841766724,-0.004139982142,-0.00194044856,-0.0003635417584,-0.002303990318,-0.00138745366,-0.0008142336748,-0.002201687334,-0.002078242388,7.866457335e-06,-0.002070375931,-0.000875208711,-0.0003822980224,-0.001257506733,-0.002335675237,0.0004440977377,-0.001891577499,-0.001461527538,-0.0007657418319,-0.00222726937,-0.001890031523,4.173795655e-05,-0.001848293566,-0.001713572308,0.0004362716308,-0.001277300677,-0.00496223466,-0.0006920305425,-0.005654265203,-0.004902355781,-0.0003253651375,-0.005227720919,-0.005312180758,-0.000885336383,-0.006197517141,-0.005504382998,-0.0004737824286,-0.005978165427,-0.00405765154,3.381182913e-05,-0.004023839711,-0.004278156922,-0.0003141408498,-0.004592297772,-0.00408274683,9.075269891e-05,-0.003991994131,-0.005146164265,-0.0001251564025,-0.005271320668,-0.003049524936,0.0005213171699,-0.002528207766,-0.00302493433,0.0002569938405,-0.002767940489,-0.005425958398,0.0002830015208,-0.005142956877,-0.004119183813,-0.0001085758639,-0.004227759677,-0.00465959432,0.0002465985178,-0.004412995802,-0.006068641704,-0.0007807506806,-0.006849392384,-0.001130093535,-0.0001435559446,-0.00127364948,-0.008451082489,-0.001118658557,-0.009569741046,-0.002847171577,-0.0003337815763,-0.003180953153,-0.003400854085,4.50499973e-05,-0.003355804088,-0.00389890766,0.0003956003405,-0.00350330732,-0.004103550299,3.735478482e-05,-0.004066195514,-0.004913829037,0.0001397602483,-0.004774068789,-0.005554742678,1.084261645e-05,-0.005543900062,-0.004768991003,0.0001055982126,-0.00466339279,-0.005876056553,6.11805149e-05,-0.005814876039,-0.005306633882,0.000237432364,-0.005069201518
56.0,-0.00145232799,0.0007691563708,-0.000683171619,-0.00309147445,-0.0001316862559,-0.003223160706,-0.003732143544,-0.0003872735531,-0.004119417097,-0.001917888873,-0.0003628612336,-0.002280750107,-0.001358422786,-0.0008132534626,-0.002171676249,-0.002051340477,3.134599606e-06,-0.002048205878,-0.0008435267423,-0.0003859126156,-0.001229439358,-0.002312976959,0.0004389560576,-0.001874020902,-0.001450660101,-0.0007661769302,-0.002216837031,-0.001855761094,3.739667131e-05,-0.001818364422,-0.001686457099,0.0004318821059,-0.001254574993,-0.004917173333,-0.0006984232996,-0.005615596632,-0.004817341167,-0.0003347913395,-0.005152132507,-0.005254528,-0.0008902994177,-0.006144827418,-0.005425545091,-0.0004724231644,-0.005897968255,-0.003975662337,3.205604473e-05,-0.003943606293,-0.004185582175,-0.0003199315383,-0.004505513713,-0.004006751962,8.546970522e-05,-0.003921282257,-0.005086366859,-0.0001277201029,-0.005214086961,-0.003006523769,0.0005219240991,-0.00248459967,-0.002991745674,0.0002575345362,-0.002734211138,-0.00541581253,0.0002962892334,-0.005119523296,-0.004100709987,-0.0001156231352,-0.004216333122,-0.004682310706,0.000240803235,-0.004441507471,-0.005978259325,-0.0007747453055,-0.00675300463,-0.001078608336,-0.0001522640169,-0.001230872353,-0.008352986047,-0.001083475545,-0.009436461592,-0.002779505953,-0.000337751049,-0.003117257002,-0.003355510228,4.741831324e-05,-0.003308091914,-0.003872740438,0.0004016721929,-0.003471068246,-0.004035040513,3.629764231e-05,-0.00399874287,-0.004859862499,0.0001411023452,-0.004718760153,-0.005500031838,2.449797554e-06,-0.00549758204,-0.004726606212,0.0001055081255,-0.004621098086,-0.005821902328,6.081902149e-05,-0.005761083307,-0.005249389189,0.0002515000863,-0.004997889103
56.1,-0.001431472767,0.000763963049,-0.0006675097178,-0.003043221646,-0.0001348201147,-0.003178041761,-0.003708004197,-0.0003902099752,-0.004098214172,-0.001895035553,-0.0003620661081,-0.002257101661,-0.001329528032,-0.0008122027883,-0.002141730821,-0.002023782489,-1.90181727e-06,-0.002025684306,-0.0008118815709,-0.0003896334045,-0.001201514975,-0.002289402852,0.0004337916038,-0.001855611249,-0.00143887719,-0.0007666791093,-0.002205556299,-0.001820495485,3.293426455e-05,-0.001787561221,-0.001657883133,0.0004270034406,-0.001230879693,-0.004872824877,-0.0007055912593,-0.005578416136,-0.004730252916,-0.0003455291632,-0.005075782079,-0.005198480287,-0.0008941107138,-0.006092591001,-0.005344880332,-0.0004707172117,-0.005815597544,-0.003893132598,3.060301411e-05,-0.003862529584,-0.004093249863,-0.000325886397,-0.00441913626,-0.003931282606,8.033309809e-05,-0.003850949508,-0.005024958979,-0.0001310328593,-0.005155991839,-0.002962491708,0.0005223196261,-0.002440172082,-0.002957961831,0.0002581727079,-0.002699789123,-0.005404245903,0.0003092508456,-0.005094995058,-0.004082528023,-0.0001224673075,-0.00420499533,-0.004705990618,0.00023508669,-0.004470903928,-0.005887047383,-0.0007697638626,-0.006656811245,-0.001028838113,-0.000160072885,-0.001188910998,-0.008253510821,-0.001048006737,-0.009301517558,-0.00271224368,-0.0003408985424,-0.003053142223,-0.003309528521,4.988163788e-05,-0.003259646884,-0.003845561378,0.0004077367004,-0.003437824677,-0.00396529015,3.496186525e-05,-0.003930328284,-0.004804393328,0.0001422378502,-0.004662155478,-0.005444742359,-6.163192578e-06,-0.005450905552,-0.004683089033,0.0001042916554,-0.004578797378,-0.005766359124,5.97746211e-05,-0.005706584503,-0.005191031846,0.0002651733507,-0.004925858495
56.2,-0.001410987703,0.0007589321526,-0.0006520555506,-0.002994876149,-0.0001379096799,-0.003132785829,-0.003683662945,-0.0003929780979,-0.004076641043,-0.001872066558,-0.000361156007,-0.002233222565,-0.001300988185,-0.0008110804534,-0.002112068639,-0.00199571742,-7.218305776e-06,-0.002002935725,-0.0007804570617,-0.000393455191,-0.001173912253,-0.002265053507,0.0004286250303,-0.001836428477,-0.001426339394,-0.0007672685801,-0.002193607974,-0.001784416213,2.837296829e-05,-0.001756043244,-0.001627991415,0.0004216555627,-0.001206335852,-0.004829378773,-0.0007135007991,-0.005542879572,-0.004641399761,-0.0003573816197,-0.00499878138,-0.005144396727,-0.0008967455618,-0.006041142288,-0.005262818946,-0.0004685579108,-0.005731376857,-0.003810281304,2.947207835e-05,-0.003780809225,-0.004001322699,-0.0003321006057,-0.004333423305,-0.003856620296,7.5392826e-05,-0.00378122747,-0.004962147373,-0.0001350801364,-0.005097227509,-0.0029176461,0.0005225085024,-0.002395137598,-0.002923822202,0.0002589274322,-0.00266489477,-0.005391351843,0.0003218306208,-0.005069521222,-0.004064859012,-0.0001290501383,-0.00419390915,-0.00473061143,0.0002294737792,-0.004501137651,-0.005795463441,-0.0007657105098,-0.006561173951,-0.0009810418558,-0.0001668923303,-0.001147934186,-0.008152880631,-0.001012592578,-0.009165473208,-0.002645714332,-0.0003431322826,-0.002988846614,-0.003263039084,5.24593289e-05,-0.003210579755,-0.003817428161,0.0004138054296,-0.003403622732,-0.00389447654,3.338814134e-05,-0.003861088398,-0.004747602282,0.000143175007,-0.004604427275,-0.005389079715,-1.491290349e-05,-0.005403992618,-0.004638536346,0.0001019310245,-0.004536605321,-0.005709526808,5.806692648e-05,-0.005651459882,-0.005131730966,0.0002783431575,-0.004853387808
56.3,-0.001391117437,0.0007540753882,-0.0006370420486,-0.002946690759,-0.0001409408503,-0.00308763161,-0.003659395732,-0.0003955693312,-0.004054965063,-0.001849161809,-0.0003601304831,-0.002209292292,-0.001273011268,-0.0008098848656,-0.002082896133,-0.001967294528,-1.278899367e-05,-0.001980083521,-0.0007494246375,-0.0003973717393,-0.001146796377,-0.00224003732,0.0004234761143,-0.001816561206,-0.00141319841,-0.0007679650421,-0.002181163452,-0.001747694195,2.373589837e-05,-0.001723958297,-0.001596922355,0.0004158623537,-0.001181060001,-0.004787004798,-0.0007221160234,-0.005509120822,-0.004551091124,-0.0003701368675,-0.004921227992,-0.005092604313,-0.0008981994602,-0.005990803774,-0.005179782599,-0.000465859476,-0.005645642075,-0.003727308449,2.867874586e-05,-0.003698629703,-0.003909958194,-0.0003386380132,-0.004248596207,-0.003783018011,7.069595161e-05,-0.003712322059,-0.004898145332,-0.0001398344954,-0.005037979827,-0.002872202027,0.0005224975035,-0.002349704524,-0.002889565797,0.000259817881,-0.002629747916,-0.005377226682,0.0003339746137,-0.005043252068,-0.004047915379,-0.0001353147102,-0.004183230089,-0.004756141932,0.0002239870776,-0.004532154854,-0.005703953091,-0.0007624750335,-0.006466428125,-0.0009354519241,-0.0001726406361,-0.00110809256,-0.008051288326,-0.0009775900383,-0.009028878364,-0.002580211926,-0.000344369958,-0.002924581884,-0.003216147522,5.516884825e-05,-0.003160978673,-0.003788386627,0.0004198906854,-0.003368495941,-0.003822768909,3.16195501e-05,-0.003791149358,-0.004689662618,0.0001439231915,-0.004545739427,-0.005333224255,-2.370754742e-05,-0.005356931802,-0.004593044093,9.843468372e-05,-0.004494609409,-0.005651504591,5.572864519e-05,-0.005595775945,-0.005071652511,0.000290906344,-0.004780746167
56.4,-0.001372098746,0.0007494047659,-0.0006226939799,-0.002898912145,-0.0001439007784,-0.003042812923,-0.003635471856,-0.0003979745136,-0.004033446369,-0.001826498067,-0.0003589891771,-0.002185487244,-0.001245785867,-0.0008086141094,-0.002054399977,-0.001938658202,-1.858704599e-05,-0.001957245248,-0.0007189351479,-0.0004013759218,-0.00112031107,-0.002214467339,0.0004183633446,-0.001796103994,-0.001399587712,-0.0007687874306,-0.002168375143,-0.001710481528,1.904648093e-05,-0.001691435047,-0.001564807504,0.0004096511863,-0.001155156318,-0.004745846772,-0.0007313998177,-0.005477246589,-0.004459627437,-0.0003835728792,-0.004843200316,-0.00504338827,-0.0008984882705,-0.00594187654,-0.005096171879,-0.0004625592106,-0.00555873109,-0.003644387271,2.82338874e-05,-0.003616153383,-0.00381930008,-0.0003455298255,-0.004164829905,-0.00371068948,6.628526349e-05,-0.003644404217,-0.004833162079,-0.0001452564276,-0.004978418507,-0.002826368496,0.0005222950773,-0.002304073419,-0.002855425493,0.0002608629332,-0.00259456256,-0.005361964712,0.0003456307973,-0.005016333915,-0.004031894123,-0.0001412062288,-0.004173100352,-0.004782539511,0.0002186464097,-0.004563893101,-0.00561294141,-0.0007599338526,-0.006372875262,-0.0008922657589,-0.0001772452834,-0.001069511042,-0.007948888938,-0.000943365597,-0.008892254535,-0.002515980478,-0.0003445423248,-0.002860522803,-0.003168927399,5.802450368e-05,-0.003110902896,-0.003758463771,0.0004260042348,-0.003332459536,-0.003750320948,2.970022553e-05,-0.003720620722,-0.004630731286,0.0001444917514,-0.004486239535,-0.00527732509,-3.244801268e-05,-0.005309773102,-0.004546701146,9.383734548e-05,-0.004452863801,-0.005592385271,5.280499698e-05,-0.005539580274,-0.005010949638,0.0003027666827,-0.004708182955
56.5,-0.001354154861,0.0007449322171,-0.0006092226441,-0.002851775133,-0.0001467783437,-0.002998553476,-0.00361214764,-0.0004001840946,-0.004012331734,-0.001804244139,-0.000357731981,-0.00216197612,-0.001219474588,-0.0008072660557,-0.002026740644,-0.00190994335,-2.458511378e-05,-0.001934528463,-0.000689113424,-0.0004054598677,-0.001094573292,-0.002188458321,0.0004133036436,-0.001775154678,-0.001385616634,-0.0007697536471,-0.002155370281,-0.001672906393,1.432785975e-05,-0.001658578533,-0.001531764113,0.0004030523895,-0.001128711724,-0.004706019514,-0.0007413126214,-0.005447332135,-0.00436729265,-0.0003974621775,-0.004764754827,-0.004996984802,-0.0008976475266,-0.005894632329,-0.005012355395,-0.00045861829,-0.005470973685,-0.003561657789,2.81433583e-05,-0.003533514431,-0.003729470888,-0.0003527740158,-0.004082244904,-0.003639801341,6.219801689e-05,-0.003577603324,-0.004767393168,-0.0001512957707,-0.004918688938,-0.002780345048,0.0005219108642,-0.002258434184,-0.00282162315,0.0002620807612,-0.002559542389,-0.005345654289,0.0003567490664,-0.004988905223,-0.004016972129,-0.000146672931,-0.00416364506,-0.004809748436,0.0002134686062,-0.00459627983,-0.005522824316,-0.0007579510101,-0.006280775326,-0.0008516395531,-0.0001806438968,-0.00103228345,-0.007845793991,-0.0009102873954,-0.008756081386,-0.002453203561,-0.000343596418,-0.002796799979,-0.00312141618,6.103579611e-05,-0.003060380384,-0.003727664128,0.0004321559017,-0.003295508227,-0.003677264679,2.767404644e-05,-0.003649590633,-0.004570942568,0.00014488904,-0.004426053528,-0.00522149763,-4.102815353e-05,-0.005262525783,-0.004499584508,8.819953102e-05,-0.004411384977,-0.005532250738,4.935277096e-05,-0.005482897967,-0.004949754472,0.0003138365322,-0.00463591794
56.6,-0.001337490913,0.000740669156,-0.0005968217569,-0.002805498539,-0.0001495645427,-0.002955063082,-0.003589661518,-0.0004021882404,-0.003991849758,-0.001782557073,-0.0003563591189,-0.002138916192,-0.001194210778,-0.0008058384539,-0.002000049232,-0.001881271978,-3.075578485e-05,-0.001912027763,-0.0006600564337,-0.0004096150848,-0.001069671519,-0.002162124325,0.000408312301,-0.001753812024,-0.001371368498,-0.0007708802389,-0.002142248737,-0.001635071881,9.602334317e-06,-0.001625469546,-0.001497893335,0.0003960986549,-0.00110179468,-0.004667609271,-0.0007518095246,-0.005419418795,-0.004274349251,-0.0004115764219,-0.004685925673,-0.004953577416,-0.0008957304927,-0.005849307909,-0.004928661896,-0.0004540207858,-0.005382682682,-0.003479222814,2.840795041e-05,-0.003450814864,-0.003640567616,-0.0003603356783,-0.004000903294,-0.003570469639,5.846499188e-05,-0.003512004647,-0.004701014286,-0.0001578932717,-0.004858907558,-0.002734319311,0.0005213551682,-0.002212964143,-0.002788366173,0.0002634883936,-0.00252487778,-0.005328375713,0.0003672811306,-0.004961094582,-0.004003303831,-0.0001516669363,-0.004154970768,-0.004837699481,0.0002084674727,-0.004629232008,-0.005433961357,-0.0007563799153,-0.006190341272,-0.0008136854047,-0.0001827852504,-0.0009964706551,-0.007742068853,-0.0008787168978,-0.00862078575,-0.002391999639,-0.0003414981202,-0.002733497759,-0.003073615326,6.420578276e-05,-0.003009409543,-0.003695970106,0.0004383524292,-0.003257617676,-0.003603706502,2.558325249e-05,-0.003578123249,-0.004510405128,0.0001451218187,-0.004365283309,-0.005165825136,-4.93348963e-05,-0.005215160032,-0.004451757261,8.16069259e-05,-0.004370150335,-0.005471169647,4.543879538e-05,-0.005425730851,-0.004888173414,0.0003240399465,-0.004564133467
56.7,-0.001322290952,0.0007366260972,-0.0005856648548,-0.002760282905,-0.0001522527428,-0.002912535648,-0.00356823072,-0.0004039768684,-0.003972207588,-0.001761579578,-0.0003548711507,-0.002116450728,-0.001170098526,-0.0008043290079,-0.001974427534,-0.001852751189,-3.707205216e-05,-0.001889823241,-0.0006318347679,-0.0004138325567,-0.001045667325,-0.002135576911,0.0004034031091,-0.001732173801,-0.001356902192,-0.0007721820144,-0.002129084207,-0.001597058234,4.890885002e-06,-0.001592167349,-0.001463281697,0.0003888244301,-0.001074457267,-0.004630676846,-0.0007628368109,-0.005393513657,-0.004181034757,-0.0004256912992,-0.004606726057,-0.004913296899,-0.0008928049709,-0.00580610187,-0.004845375886,-0.0004487710134,-0.005294146899,-0.003397146763,2.902341391e-05,-0.003368123349,-0.003552660081,-0.0003681496156,-0.003920809696,-0.003502760537,5.510981159e-05,-0.003447650726,-0.004634179435,-0.0001649818843,-0.004799161319,-0.002688465764,0.0005206385908,-0.002167827173,-0.00275584569,0.0002651013795,-0.002490744311,-0.005310200971,0.0003771804499,-0.004933020521,-0.003991020852,-0.0001561449189,-0.004147165771,-0.004866310707,0.0002036539512,-0.004662656756,-0.005346671327,-0.000755066009,-0.006101737336,-0.0007784721993,-0.0001836299854,-0.0009621021847,-0.007637733596,-0.0008490007028,-0.008486734298,-0.002332422945,-0.0003382340064,-0.002670656951,-0.003025494121,6.752994671e-05,-0.002957964174,-0.003663345632,0.0004445968053,-0.003218748827,-0.003529725791,2.346709175e-05,-0.003506258699,-0.004449202349,0.0001451950373,-0.004304007312,-0.005110363339,-5.724885074e-05,-0.00516761219,-0.004403269201,7.416917716e-05,-0.004329100024,-0.00540919732,4.113768053e-05,-0.005368059639,-0.004826286387,0.0003333165791,-0.004492969808
56.8,-0.001308716486,0.0007328123228,-0.0005759041635,-0.002716309886,-0.0001548388379,-0.002871148724,-0.003548049345,-0.0004055396677,-0.003953589013,-0.001741438581,-0.0003532689548,-0.002094707536,-0.001147215135,-0.000802735464,-0.001949950599,-0.001824472479,-4.350778353e-05,-0.001867980263,-0.0006044964635,-0.000418102805,-0.001022599269,-0.002108923934,0.0003985886655,-0.001710335269,-0.001342255951,-0.0007736715544,-0.002115927506,-0.001558927344,2.128491339e-07,-0.001558714495,-0.001428004742,0.0003812653742,-0.001046739368,-0.004595262421,-0.0007743287687,-0.005369591189,-0.004087558713,-0.0004395922688,-0.004527150982,-0.004876224162,-0.0008889493617,-0.005765173524,-0.004762736269,-0.0004428897177,-0.005205625986,-0.003315457024,2.998038867e-05,-0.003285476635,-0.003465791336,-0.0003761255058,-0.003841916841,-0.003436694109,5.214830579e-05,-0.003384545803,-0.004567022919,-0.0001724877464,-0.004739510665,-0.002642945617,0.0005197719219,-0.002123173695,-0.002724236104,0.0002669336242,-0.00245730248,-0.005291194916,0.0003864023374,-0.004904792579,-0.003980232777,-0.0001600686008,-0.004140301378,-0.004895488926,0.0001990363509,-0.004696452576,-0.005261231069,-0.0007538503061,-0.006015081375,-0.0007460294211,-0.0001831508651,-0.0009291802861,-0.007532766527,-0.0008214635601,-0.008354230087,-0.00227446874,-0.0003338122981,-0.002608281038,-0.002976995983,7.099582128e-05,-0.002906000162,-0.00362974168,0.0004508879538,-0.003178853726,-0.003455375858,2.136072794e-05,-0.00343401513,-0.004387395125,0.0001451118955,-0.00424228323,-0.005055146495,-6.464614711e-05,-0.005119792642,-0.00435415917,6.601750488e-05,-0.004288141665,-0.005346377333,3.652905382e-05,-0.00530984828,-0.004764149415,0.0003416251324,-0.004422524283
56.9,-0.001296906149,0.0007292355532,-0.0005676705961,-0.002673742741,-0.0001573213254,-0.002831064066,-0.003529287384,-0.0004068661328,-0.003936153517,-0.001722244625,-0.0003515537052,-0.00207379833,-0.00112561484,-0.0008010557049,-0.001926670545,-0.001796512004,-5.003811955e-05,-0.001846550124,-0.0005780717794,-0.0004224158934,-0.001000487673,-0.002082268743,0.0003938807763,-0.001688387967,-0.001327451765,-0.0007753586275,-0.002102810393,-0.001520727976,-4.414233481e-06,-0.00152514221,-0.001392131325,0.0003734579092,-0.001018673416,-0.004561391052,-0.0007862051279,-0.00534759618,-0.003994100004,-0.00045308112,-0.004447181124,-0.004842394582,-0.0008842486611,-0.005726643243,-0.004680936988,-0.000436409808,-0.005117346796,-0.003234147347,3.126435179e-05,-0.003202882995,-0.003379980111,-0.0003841543228,-0.003764134434,-0.003372249925,4.958778764e-05,-0.003322662137,-0.004499663584,-0.0001803310762,-0.00467999466,-0.002597907359,0.0005187661329,-0.002079141226,-0.002693695411,0.0002689972892,-0.002424698122,-0.005271417013,0.000394904174,-0.004876512839,-0.003971028072,-0.0001634051213,-0.004134433193,-0.004925131235,0.0001946205076,-0.004730510727,-0.005177876737,-0.0007525736511,-0.005930450388,-0.0007163526041,-0.0001813325741,-0.0008976851782,-0.007427109901,-0.0007964027542,-0.008223512655,-0.002218081544,-0.00032826273,-0.002546344274,-0.002928045362,7.458322028e-05,-0.002853462142,-0.003595101849,0.0004572205399,-0.003137881309,-0.003380686362,1.929443184e-05,-0.00336139193,-0.004325025859,0.000144874081,-0.004180151778,-0.00500019371,-7.14016319e-05,-0.005071595342,-0.004304457774,5.730078383e-05,-0.00424715699,-0.005282744072,3.169499992e-05,-0.005251049072,-0.004701799125,0.0003489454248,-0.004352853701
57.0,-0.001286975975,0.000725901661,-0.0005610743139,-0.002632727223,-0.000159701247,-0.00279242847,-0.003512090116,-0.0004079455885,-0.003920035704,-0.001704091656,-0.0003497268105,-0.002053818467,-0.001105332325,-0.0007992877989,-0.001904620124,-0.001768931251,-5.66397545e-05,-0.001825571005,-0.0005525773067,-0.0004267613792,-0.0009793386859,-0.002055709514,0.0003892908354,-0.001666418679,-0.00131249855,-0.0007772496098,-0.00208974816,-0.001482499964,-8.974673304e-06,-0.001491474638,-0.001355726778,0.0003654388139,-0.0009902879641,-0.00452907736,-0.0007983694718,-0.005327446831,-0.003900804525,-0.0004659825851,-0.00436678711,-0.004811802075,-0.0008787910196,-0.005690593095,-0.004600128401,-0.0004293723415,-0.005029500742,-0.00315318248,3.285588863e-05,-0.003120326591,-0.003295224833,-0.0003921142775,-0.00368733911,-0.003309372959,4.74263626e-05,-0.003261946596,-0.004432209276,-0.0001884271835,-0.00462063646,-0.00255348732,0.0005176322608,-0.00203585506,-0.002664365494,0.0002713026088,-0.002393062885,-0.005250922664,0.0004026456077,-0.004848277057,-0.003963474132,-0.0001661272775,-0.00412960141,-0.004955126011,0.0001904098265,-0.004764716185,-0.00509680619,-0.0007510812994,-0.005847887489,-0.0006894089614,-0.0001781711337,-0.0008675800951,-0.007320677836,-0.0007740828842,-0.00809476072,-0.002163164466,-0.0003216353286,-0.002484799795,-0.002878553055,7.826473929e-05,-0.002800288316,-0.003559366198,0.0004635847456,-0.003095781452,-0.0033056658,1.72929163e-05,-0.003288372884,-0.004262122258,0.0001444820985,-0.00411764016,-0.004945515082,-7.73924988e-05,-0.005022907581,-0.004254189132,4.818007805e-05,-0.004206009054,-0.005218325147,2.671822749e-05,-0.005191606919,-0.004639256998,0.0003552785923,-0.004283978405
57.1,-0.001279019657,0.0007228145246,-0.0005562051323,-0.002593392036,-0.0001619819666,-0.002755374002,-0.003496577172,-0.0004087672143,-0.003905344387,-0.001687056607,-0.0003477898189,-0.002034846425,-0.001086384443,-0.0007974299823,-0.001883814425,-0.001741777357,-6.329115863e-05,-0.001805068515,-0.0005280177519,-0.0004311282722,-0.0009591460241,-0.002029338415,0.0003848300263,-0.001644508389,-0.001297392291,-0.0007793470572,-0.002076739348,-0.001444275648,-1.345468803e-05,-0.001457730336,-0.001318853228,0.0003572447787,-0.0009616084494,-0.004498327413,-0.0008107091287,-0.005309036542,-0.003807782644,-0.0004781499907,-0.004285932635,-0.004784401241,-0.0008726651754,-0.005657066416,-0.004520418017,-0.0004218233282,-0.004942241345,-0.003072502758,3.473142224e-05,-0.003037771335,-0.003211507718,-0.0003998754484,-0.003611383167,-0.003247978168,4.5652604e-05,-0.003202325564,-0.004364759462,-0.0001966876138,-0.004561447076,-0.002509809724,0.0005163811401,-0.001993428584,-0.002636371652,0.000273857622,-0.00236251403,-0.00522976321,0.0004095887067,-0.004820174503,-0.00395761571,-0.0001682135871,-0.004125829297,-0.004985352876,0.0001864052767,-0.0047989476,-0.00501818073,-0.0007492274561,-0.005767408186,-0.000665141563,-0.0001736730575,-0.0008388146204,-0.007213365698,-0.0007547301325,-0.00796809583,-0.00210958716,-0.0003139983486,-0.002423585508,-0.002828418212,8.20063169e-05,-0.002746411896,-0.003522471937,0.0004699660794,-0.003052505858,-0.00323030284,1.537481015e-05,-0.00321492803,-0.004198699517,0.0001439356106,-0.004054763907,-0.00489111688,-8.250119077e-05,-0.004973618071,-0.004203370595,3.882189387e-05,-0.004164548701,-0.005153142068,2.168058435e-05,-0.005131461483,-0.004576531145,0.0003606455631,-0.004215885582
57.2,-0.001273108164,0.0007199760338,-0.0005531321305,-0.002555848027,-0.0001641688531,-0.00272001688,-0.003482840671,-0.0004093201408,-0.003892160812,-0.001671198212,-0.000345744363,-0.002016942575,-0.001068768981,-0.0007954806223,-0.001864249604,-0.001715082396,-6.997283266e-05,-0.001785055229,-0.0005043843048,-0.0004355050683,-0.0009398893732,-0.002003240277,0.0003805092305,-0.001622731047,-0.001282112306,-0.0007816495277,-0.002063761834,-0.001406077628,-1.784252055e-05,-0.001423920148,-0.001281566179,0.000348911892,-0.0009326542865,-0.004469136328,-0.0008230968191,-0.005292233147,-0.003715105716,-0.0004894693428,-0.004204575059,-0.004760106933,-0.0008659585535,-0.005626065487,-0.004441869617,-0.0004138115855,-0.004855681203,-0.00299202711,3.686410182e-05,-0.002955163009,-0.003128797036,-0.0004073032676,-0.003536100304,-0.003187952474,4.424591146e-05,-0.003143706562,-0.004297404447,-0.0002050213754,-0.004502425822,-0.002466985899,0.0005150230837,-0.001951962815,-0.002609820949,0.0002766679524,-0.002333152997,-0.005207984213,0.0004156981206,-0.004792286092,-0.003953471676,-0.0001696481858,-0.004123119861,-0.005015681455,0.0001826054465,-0.004833076008,-0.004942124432,-0.0007468797071,-0.00568900414,-0.000643470645,-0.0001678544747,-0.0008113251197,-0.007105059037,-0.0007385260899,-0.007843585127,-0.002057190186,-0.0003054357367,-0.002362625923,-0.002777526719,8.576779168e-05,-0.002691758927,-0.003484350728,0.0004763452613,-0.003008005467,-0.003154565881,1.355242189e-05,-0.00314101346,-0.004134760051,0.0001432337124,-0.003991526339,-0.004837004403,-8.66171173e-05,-0.00492362152,-0.004152010366,2.939091837e-05,-0.004122619448,-0.005087208,1.66611492e-05,-0.005070546851,-0.004513614685,0.0003650844429,-0.004148530242
57.3,-0.001269288402,0.0007173861286,-0.0005519022733,-0.002520185825,-0.0001662689982,-0.002686454823,-0.003470942371,-0.0004095936766,-0.003880536048,-0.001656554898,-0.0003435922113,-0.00200014711,-0.001052460635,-0.0007934382326,-0.001845898868,-0.001688861526,-7.666758854e-05,-0.001765529114,-0.0004816500996,-0.0004398798737,-0.0009215299733,-0.001977490731,0.0003763386331,-0.001601152098,-0.001266614789,-0.0007841516627,-0.002050766452,-0.001367913716,-2.2128613e-05,-0.001390042329,-0.001243908299,0.0003404750956,-0.0009034332035,-0.004441481942,-0.000835393764,-0.005276875706,-0.003622801886,-0.0004998618861,-0.004122663772,-0.00473879212,-0.0008587555948,-0.005597547714,-0.004364501065,-0.0004053871171,-0.004769888182,-0.002911653801,3.922447657e-05,-0.002872429325,-0.003047046539,-0.0004142614494,-0.003461307989,-0.003129154139,4.317758928e-05,-0.003085976549,-0.004230221043,-0.0002133363413,-0.004443557384,-0.00242511275,0.0005135675496,-0.0019115452,-0.002584799528,0.0002797366922,-0.002305062836,-0.005185622404,0.0004209412555,-0.004764681148,-0.003951031086,-0.000170420683,-0.004121451769,-0.00504596945,0.0001790067258,-0.004866962724,-0.004868720418,-0.0007439232996,-0.005612643717,-0.0006242917646,-0.0001607405236,-0.0007850322882,-0.006995640136,-0.0007256019798,-0.007721242116,-0.002005785494,-0.0002960444276,-0.002301829922,-0.002725747517,8.950339663e-05,-0.00263624412,-0.003444923819,0.0004826980368,-0.002962225782,-0.003078401308,1.183186435e-05,-0.003066569443,-0.00407029123,0.0001423751067,-0.003927916123,-0.004783181472,-8.963751414e-05,-0.004872818986,-0.004100104009,2.004333581e-05,-0.004080060673,-0.005020523192,1.173374731e-05,-0.005008789445,-0.004450481263,0.0003686470579,-0.004081834205
57.4,-0.001267581271,0.0007150427715,-0.0005525384992,-0.002486472483,-0.0001682910531,-0.002654763537,-0.003460910584,-0.0004095776189,-0.003870488203,-0.001643142234,-0.0003413354015,-0.001984477636,-0.001037406046,-0.0007913015605,-0.001828707607,-0.001663110643,-8.336076105e-05,-0.001746471404,-0.0004597649963,-0.0004442405736,-0.0009040055699,-0.001952154091,0.000372327135,-0.001579826956,-0.001250826562,-0.0007868444876,-0.002037671049,-0.001329771643,-2.630582597e-05,-0.001356077469,-0.001205902944,0.0003319676342,-0.00087393531,-0.004415316828,-0.0008474536586,-0.005262770487,-0.003530853026,-0.0005092852322,-0.004040138258,-0.004720285576,-0.000851136153,-0.005571421729,-0.004288282681,-0.0003965988735,-0.004684881554,-0.002831259677,4.178099638e-05,-0.002789478681,-0.002966192904,-0.0004206149083,-0.003386807812,-0.003071411111,4.241239125e-05,-0.00302899872,-0.00416326616,-0.0002215410853,-0.004384807245,-0.002384270924,0.0005120227163,-0.001872248208,-0.002561369642,0.0002830643053,-0.002278305337,-0.005162702404,0.0004252884033,-0.004737414001,-0.003950250054,-0.0001705261042,-0.004120776159,-0.00507606102,0.0001756036331,-0.004900457387,-0.004798005048,-0.0007402647646,-0.005538269813,-0.0006074721447,-0.0001523652659,-0.0007598374107,-0.006884991459,-0.0007160342008,-0.00760102566,-0.001955155302,-0.0002859315261,-0.002241086828,-0.002672929564,9.316218403e-05,-0.00257976738,-0.003404097377,0.0004889948404,-0.002915102536,-0.003001731666,1.021345728e-05,-0.002991518209,-0.004005262738,0.0001413582459,-0.003863904492,-0.004729646704,-9.146842566e-05,-0.00482111513,-0.004047631232,1.092142649e-05,-0.004036709805,-0.004953070196,6.964466855e-06,-0.004946105729,-0.004387079448,0.0003713943008,-0.004015685147
57.5,-0.001267980023,0.0007129419285,-0.0005550380943,-0.002454748335,-0.0001702451539,-0.002624993489,-0.003452737896,-0.0004092625296,-0.003862000425,-0.001630950807,-0.0003389763637,-0.001969927171,-0.001023520312,-0.0007890696939,-0.001812590006,-0.001637804554,-9.004029956e-05,-0.001727844854,-0.0004386522544,-0.0004485749896,-0.0008872272441,-0.001927281505,0.0003684817416,-0.001558799763,-0.001234641891,-0.0007897158872,-0.002024357778,-0.001291616155,-3.036969969e-05,-0.001321985854,-0.00116755002,0.0003234204908,-0.0008441295291,-0.004390561475,-0.0008591271281,-0.005249688603,-0.003439195089,-0.0005177326819,-0.003956927771,-0.004704370907,-0.0008431740391,-0.005547544946,-0.004213138252,-0.0003874912717,-0.004600629524,-0.002750699454,4.450057789e-05,-0.002706198876,-0.002886153092,-0.0004262330895,-0.003312386181,-0.003014520726,4.191028897e-05,-0.002972610437,-0.004096570736,-0.0002295472832,-0.004326118019,-0.002344523368,0.0005103949396,-0.001834128429,-0.002539567406,0.0002866484813,-0.002252918925,-0.005139234486,0.0004287127935,-0.004710521692,-0.003951050613,-0.0001699649358,-0.004121015549,-0.005105786396,0.000172389279,-0.004933397117,-0.004729962096,-0.0007358343184,-0.005465796414,-0.0005928474528,-0.0001427721196,-0.0007356195724,-0.006772997035,-0.0007098416525,-0.007482838687,-0.001905052619,-0.0002752112182,-0.002180263837,-0.002618901779,9.668853903e-05,-0.00252221324,-0.003361760363,0.0004952005436,-0.002866559819,-0.00292445526,8.692296438e-06,-0.002915762963,-0.003939625338,0.00014018153,-0.003799443808,-0.004676387651,-9.202702988e-05,-0.004768414681,-0.00399455395,2.149475963e-06,-0.003992404474,-0.00488481113,2.40984236e-06,-0.004882401287,-0.004323328411,0.0003733903651,-0.003949938046
57.6,-0.001270449779,0.0007110777128,-0.000559372066,-0.002425025179,-0.000172142848,-0.002597168027,-0.003446380511,-0.0004086399062,-0.003855020417,-0.00161994522,-0.0003365179745,-0.001956463194,-0.001010686563,-0.0007867421362,-0.001797428699,-0.001612896409,-9.669679063e-05,-0.0017095932,-0.0004182085345,-0.0004528710029,-0.0008710795374,-0.001902909768,0.0003648070742,-0.001538102693,-0.001217923698,-0.0007927511791,-0.002010674877,-0.001253389852,-3.431871411e-05,-0.001287708566,-0.001128825577,0.0003148618299,-0.0008139637466,-0.004367100659,-0.0008702665333,-0.005237367192,-0.00334772325,-0.0005252302713,-0.003872953521,-0.004690788084,-0.0008349356195,-0.005525723703,-0.004138949191,-0.0003781001975,-0.004517049389,-0.002669806285,4.734923386e-05,-0.002622457051,-0.002806823173,-0.0004309938574,-0.003237817031,-0.00295825268,4.162838389e-05,-0.002916624296,-0.004030136292,-0.0002372724784,-0.00426740877,-0.002305914876,0.0005086882335,-0.001797226643,-0.002519402017,0.0002904840323,-0.002228917985,-0.005115214189,0.0004311906455,-0.004684023543,-0.003953322045,-0.0001687431812,-0.004122065227,-0.00513496318,0.0001693559481,-0.004965607232,-0.004664518747,-0.0007305873133,-0.00539510606,-0.0005802209092,-0.0001320145295,-0.0007122354386,-0.00665954375,-0.0007069849359,-0.007366528686,-0.001855205303,-0.0002640013919,-0.002119206695,-0.002563477015,0.0001000229869,-0.002463454028,-0.003317786131,0.0005012745569,-0.002816511574,-0.002846448051,7.258915557e-06,-0.002839189135,-0.003873312045,0.0001388435981,-0.003734468447,-0.004623374471,-9.124573679e-05,-0.004714620208,-0.003940816076,-6.16924365e-06,-0.00394698532,-0.004815688145,-1.884024653e-06,-0.00481757217,-0.004259117014,0.000374697164,-0.00388441985
57.7,-0.001274928596,0.000709442704,-0.0005654858918,-0.002397286397,-0.000173996966,-0.002571283363,-0.003441759449,-0.0004077022675,-0.003849461716,-0.001610064495,-0.0003339635561,-0.001944028051,-0.0009987589358,-0.0007843188518,-0.001783077788,-0.001588318705,-0.0001033234579,-0.001691642163,-0.0003983072844,-0.0004571166413,-0.0008554239258,-0.001879060968,0.0003613050824,-0.001517755885,-0.001200508956,-0.0007959336712,-0.001996442627,-0.001215017609,-3.815444569e-05,-0.001253172054,-0.001089685127,0.0003063165346,-0.000783368592,-0.004344783605,-0.0008807309927,-0.005225514598,-0.003256301733,-0.00053183161,-0.003788133343,-0.004679238184,-0.0008264783158,-0.005505716499,-0.004065560874,-0.0003684498466,-0.00443401072,-0.002588394349,5.029269468e-05,-0.002538101655,-0.002728079398,-0.0004347873683,-0.003162866767,-0.00290235588,4.15228024e-05,-0.002860833078,-0.003963935315,-0.0002446429004,-0.004208578215,-0.002268472934,0.0005069039773,-0.001761568956,-0.002500856761,0.0002945629799,-0.002206293781,-0.005090623937,0.0004327013331,-0.004657922604,-0.003956924495,-0.0001668723384,-0.004123796833,-0.005163399194,0.0001664957345,-0.004996903459,-0.004601544615,-0.0007245055561,-0.005326050171,-0.0005693656495,-0.0001201564597,-0.0006895221092,-0.006544523743,-0.0007073676507,-0.007251891394,-0.001805323558,-0.0002524201887,-0.002057743747,-0.002506459499,0.0001031032969,-0.002403356202,-0.003272037466,0.0005071712194,-0.002764866246,-0.002767567942,5.899942105e-06,-0.002761667999,-0.003806241881,0.0001373436702,-0.003668898211,-0.004570554961,-8.907708218e-05,-0.004659632044,-0.003886345168,-1.395447666e-05,-0.003900299645,-0.004745626888,-5.881539655e-06,-0.004751508427,-0.004194307487,0.0003753709394,-0.003818936547
57.8,-0.001281329964,0.000708028277,-0.0005733016866,-0.002371489024,-0.0001758214192,-0.002547310444,-0.003438763412,-0.0004064432136,-0.003845206626,-0.001601223833,-0.0003313168531,-0.001932540687,-0.0009875683528,-0.000781800294,-0.001769368647,-0.0015639858,-0.000109916096,-0.001673901896,-0.0003788046796,-0.0004613001082,-0.0008401047879,-0.001855742918,0.0003579749825,-0.001497767936,-0.001182217095,-0.0007992450983,-0.001981462193,-0.001176413557,-4.188152533e-05,-0.001218295083,-0.001050069772,0.0002978059373,-0.0007522638347,-0.004323427097,-0.0008903913456,-0.005213818443,-0.00316477713,-0.000537611147,-0.003702388277,-0.004669390867,-0.0008178492253,-0.005487240093,-0.003992790158,-0.0003585510359,-0.004351341194,-0.002506263758,5.329717552e-05,-0.002452966582,-0.002649781959,-0.0004375186667,-0.003087300626,-0.002846568387,4.155028883e-05,-0.002805018098,-0.003897915247,-0.0002515961218,-0.004149511368,-0.002232209732,0.0005050408884,-0.001727168843,-0.002483891529,0.0002988748215,-0.002185016707,-0.005065436195,0.0004332276587,-0.004632208537,-0.003961694222,-0.0001643692804,-0.004126063502,-0.005190896406,0.0001638011133,-0.005027095292,-0.004540854286,-0.0007175986518,-0.005258452938,-0.0005600303047,-0.0001072723289,-0.0006673026336,-0.006427837695,-0.0007108401283,-0.007138677823,-0.001755109781,-0.0002405827709,-0.001995692552,-0.00244765417,0.0001058656259,-0.002341788544,-0.003224373735,0.0005128401881,-0.002711533547,-0.002687660786,4.598555604e-06,-0.002683062231,-0.003738325664,0.0001356818271,-0.003602643837,-0.00451785239,-8.54976417e-05,-0.004603350032,-0.003831055958,-2.114969991e-05,-0.003852205658,-0.004674541983,-9.55712393e-06,-0.004684099107,-0.004128743662,0.0003754625241,-0.003753281138
57.9,-0.001289546336,0.0007068248175,-0.0005827215185,-0.002347567376,-0.000177630896,-0.002525198272,-0.003437252862,-0.0004048574688,-0.003842110331,-0.001593317433,-0.0003285819675,-0.001921899401,-0.0009769299603,-0.0007791873943,-0.001756117355,-0.001539797589,-0.0001164728751,-0.001656270464,-0.000359546812,-0.0004654097312,-0.0008249565433,-0.0018329502,0.0003548134029,-0.001478136797,-0.00116285973,-0.0008026659286,-0.001965525658,-0.001137489106,-4.550739265e-05,-0.001182996499,-0.001009913682,0.0002893477543,-0.0007205659276,-0.004302820226,-0.0008991345104,-0.005201954736,-0.003072993295,-0.000542656723,-0.003615650018,-0.004660893189,-0.0008090843268,-0.005469977516,-0.003920433622,-0.0003484006807,-0.004268834303,-0.002423207448,5.633044312e-05,-0.002366877005,-0.002571781548,-0.0004391079716,-0.003010889519,-0.002790629003,4.166942183e-05,-0.002748959582,-0.003832004829,-0.0002580833727,-0.004090088202,-0.002197124911,0.0005030951272,-0.001694029784,-0.002468446268,0.000303406811,-0.002165039457,-0.005039617375,0.000432756129,-0.004606861246,-0.003967449571,-0.0001612560565,-0.004128705628,-0.005217255333,0.0001612653434,-0.005055989989,-0.004482213192,-0.0007099046421,-0.005192117835,-0.0005519469949,-9.344621358e-05,-0.0006453932085,-0.006309398828,-0.00071720523,-0.007026604058,-0.00170426924,-0.0002285985743,-0.001932867814,-0.002386876007,0.0001082454406,-0.002278630566,-0.003174658454,0.0005182266448,-0.002656431809,-0.002606567084,3.334558669e-06,-0.002603232525,-0.003669472861,0.0001338591111,-0.00353561375,-0.004465166253,-8.050983892e-05,-0.004545676092,-0.003774855451,-2.772128101e-05,-0.003802576732,-0.004602343333,-1.289430857e-05,-0.004615237642,-0.004062262279,0.0003750210496,-0.003687241229
58.0,-0.001299453202,0.0007058218733,-0.0005936313287,-0.002325437573,-0.0001794404684,-0.002504878042,-0.003437064709,-0.0004029408887,-0.003840005598,-0.001586221946,-0.0003257632264,-0.001911985172,-0.0009666507718,-0.0007764814892,-0.001743132261,-0.001515643731,-0.0001229940338,-0.001638637765,-0.0003403765718,-0.0004694338499,-0.0008098104216,-0.001810665544,0.0003518146656,-0.001458850878,-0.001142249692,-0.0008061756315,-0.001948425323,-0.001098160231,-4.904193445e-05,-0.001147202165,-0.0009691511487,0.0002809561552,-0.0006881949935,-0.004282729794,-0.0009068667545,-0.005189596548,-0.002980805614,-0.0005470622635,-0.003527867877,-0.004653378408,-0.0008002084232,-0.005453586831,-0.003848275795,-0.0003379822765,-0.004186258072,-0.002339019055,5.936302055e-05,-0.002279656035,-0.002493927876,-0.0004394886045,-0.00293341648,-0.002734288874,4.184163231e-05,-0.002692447242,-0.003766121339,-0.0002640712908,-0.00403019263,-0.002163208487,0.0005010604206,-0.001662148066,-0.002454444638,0.0003081441407,-0.002146300497,-0.005013131588,0.0004312771809,-0.004581854407,-0.003973996585,-0.0001575596101,-0.004131556195,-0.005242279316,0.0001588826695,-0.005083396647,-0.00442534594,-0.0007014892002,-0.00512683514,-0.0005448403222,-7.87704552e-05,-0.0006236107774,-0.006189138071,-0.0007262249064,-0.006915362977,-0.001652519961,-0.0002165692152,-0.001869089176,-0.002323957687,0.000110178242,-0.002213779445,-0.003122765627,0.0005232714087,-0.002599494218,-0.002524128226,2.084120511e-06,-0.002522044106,-0.003599598217,0.0001318774456,-0.003467720772,-0.004412374501,-7.414213549e-05,-0.004486516637,-0.003717648614,-3.365638521e-05,-0.003751304999,-0.004528942098,-1.588448902e-05,-0.004544826587,-0.003994704742,0.0003740993107,-0.003620605431
58.1,-0.001310913097,0.0007050083712,-0.0006059047262,-0.00230500207,-0.0001812651812,-0.002486267251,-0.003438016917,-0.0004006904639,-0.003838707381,-0.001579799983,-0.0003228650192,-0.001902665002,-0.0009565359333,-0.0007736842068,-0.00173022014,-0.001491407687,-0.0001294815379,-0.001620889225,-0.0003211386514,-0.0004733607052,-0.0007944993566,-0.001788861216,0.0003489710767,-0.001439890139,-0.001120207404,-0.0008097530018,-0.001929960405,-0.00105835229,-5.249710306e-05,-0.001110849393,-0.0009277214323,0.000272641887,-0.0006550795453,-0.004262905494,-0.0009135159562,-0.00517642145,-0.002888092555,-0.0005509213056,-0.00343901386,-0.004646473886,-0.0007912356091,-0.005437709495,-0.003776095931,-0.0003272679623,-0.004103363894,-0.002253500215,6.236909904e-05,-0.002191131116,-0.002416078258,-0.0004386035577,-0.002854681816,-0.002677321206,4.203211972e-05,-0.002635289086,-0.003700177367,-0.0002695428898,-0.003969720257,-0.002130443435,0.0004989282449,-0.00163151519,-0.002441797191,0.0003130700875,-0.002128727103,-0.004985943484,0.000428785437,-0.004557158047,-0.003981133265,-0.0001533113994,-0.004134444664,-0.005265778095,0.0001566483493,-0.005109129746,-0.004369945764,-0.0006924432425,-0.005062389007,-0.0005384355574,-6.334401422e-05,-0.0006017795717,-0.006067010297,-0.0007376262123,-0.006804636509,-0.001599600049,-0.0002045870691,-0.001804187118,-0.002258754299,0.0001116003276,-0.002147153971,-0.003068583598,0.0005279112449,-0.002540672353,-0.002440191315,8.195695796e-07,-0.002439371745,-0.003528626738,0.0001297394317,-0.003398887306,-0.004359335314,-6.644899354e-05,-0.004425784308,-0.003659343223,-3.896038887e-05,-0.003698303612,-0.004454255619,-1.8525251e-05,-0.00447278087,-0.00392592683,0.0003727587215,-0.003553168109
58.2,-0.001323778901,0.0007043729189,-0.0006194059824,-0.002286153361,-0.0001831196863,-0.002469273048,-0.00343991242,-0.0003981043958,-0.003838016816,-0.001573903114,-0.0003198916981,-0.001893794812,-0.0009463924097,-0.0007707973796,-0.001717189789,-0.001466969894,-0.0001359387657,-0.00160290866,-0.0003016816923,-0.0004771783917,-0.000778860084,-0.001767500122,0.0003462731004,-0.001421227022,-0.001096563606,-0.0008133765882,-0.001909940194,-0.001018001424,-5.588655067e-05,-0.001073887975,-0.0008855703757,0.0002644124321,-0.0006211579436,-0.004243084188,-0.0009190330392,-0.005162117227,-0.002794763285,-0.0005543215871,-0.003349084872,-0.004639807394,-0.0007821700973,-0.005421977491,-0.003703671988,-0.0003162225872,-0.004019894575,-0.002166465858,6.532676435e-05,-0.002101139093,-0.002338103758,-0.0004364025576,-0.002774506315,-0.002619527399,4.221053414e-05,-0.002577316865,-0.003634086006,-0.0002744975344,-0.003908583541,-0.002098807531,0.0004966881312,-0.001602119399,-0.002430403596,0.0003181662375,-0.002112237359,-0.004958019691,0.0004252800615,-0.004532739629,-0.003988652074,-0.000148546966,-0.00413719904,-0.005287570358,0.0001545585403,-0.005133011818,-0.004315683945,-0.0006828791769,-0.004998563122,-0.0005324644492,-4.727081211e-05,-0.0005797352613,-0.005943000073,-0.0007511063594,-0.006694106433,-0.001545271113,-0.0001927345903,-0.001738005703,-0.002191144638,0.0001124497587,-0.002078694879,-0.003012016007,0.0005320795945,-0.002479936413,-0.002354612015,-4.903585225e-07,-0.002355102374,-0.003456496046,0.0001274479966,-0.003329048049,-0.004305887372,-5.751129031e-05,-0.004363398663,-0.003599853044,-4.36542255e-05,-0.003643507269,-0.004378211074,-2.081800889e-05,-0.004399029083,-0.0038558049,0.0003710725035,-0.003484732397
58.3,-0.001337896014,0.0007039040778,-0.0006339919362,-0.002268776452,-0.0001850179594,-0.002453794411,-0.00344254218,-0.0003951822867,-0.003837724467,-0.00156837415,-0.0003168475873,-0.001885221738,-0.0009360300333,-0.0007678230348,-0.001703853068,-0.0014422099,-0.0001423702041,-0.001584580105,-0.0002818579656,-0.0004808748863,-0.000762732852,-0.001746536585,0.0003437093751,-0.00140282721,-0.001071159322,-0.0008170252241,-0.001888184546,-0.0009770532324,-5.922527948e-05,-0.001036278512,-0.0008426494317,0.0002562722107,-0.0005863772211,-0.004222993531,-0.0009233921883,-0.005146385719,-0.002700761768,-0.0005573403086,-0.003258102077,-0.004633011617,-0.0007730075304,-0.005406019147,-0.00363078206,-0.000304809101,-0.003935591161,-0.002077747026,6.821751675e-05,-0.002009529509,-0.002259890916,-0.0004328415663,-0.002692732482,-0.002560739095,4.235125631e-05,-0.002518387839,-0.003567763952,-0.0002789498499,-0.003846713802,-0.002068274324,0.000494328012,-0.001573946312,-0.002420153924,0.0003234127833,-0.00209674114,-0.004929329067,0.0004207651523,-0.004508563914,-0.003996341259,-0.0001433055552,-0.004139646814,-0.005307485457,0.0001526100732,-0.005154875384,-0.004262218574,-0.0006729260947,-0.004935144669,-0.0005266682113,-3.065810065e-05,-0.0005573263119,-0.005817124641,-0.000766337401,-0.006583462042,-0.001489318044,-0.0001810843803,-0.001670402424,-0.002121030153,0.0001126675502,-0.002008362603,-0.002952980935,0.0005357077628,-0.002417273172,-0.002267255835,-1.879695451e-06,-0.002269135531,-0.003383156233,0.0001250057394,-0.003258150494,-0.004251849134,-4.743659849e-05,-0.004299285733,-0.003539099618,-4.77715546e-05,-0.003586871173,-0.00430074806,-2.276498955e-05,-0.00432351305,-0.003784238454,0.0003691265568,-0.003415111897
58.4,-0.001353103613,0.0007035904828,-0.0006495131306,-0.002252750361,-0.0001869731387,-0.002439723499,-0.003445687832,-0.0003919253957,-0.003837613227,-0.001563049048,-0.0003137370368,-0.001876786085,-0.0009252612623,-0.0007647634529,-0.001690024715,-0.001417007867,-0.0001487811059,-0.001565788973,-0.0002615223148,-0.0004844381272,-0.0007459604421,-0.001725917024,0.0003412666406,-0.001384650384,-0.001043845361,-0.0008206786368,-0.001864523998,-0.0009354608383,-6.252932648e-05,-0.0009979901648,-0.0007989141327,0.0002482228044,-0.0005506913283,-0.00420235591,-0.0009265894803,-0.00512894539,-0.002606069181,-0.000560039686,-0.003166108867,-0.004625727273,-0.0007637370167,-0.00538946429,-0.003557205108,-0.0002929939781,-0.003850199086,-0.001987192237,7.102549048e-05,-0.001916166746,-0.002181338938,-0.0004278854019,-0.00260922434,-0.002500817657,4.243332771e-05,-0.002458384329,-0.003501133216,-0.0002829277324,-0.003784060949,-0.002038813584,0.0004918344642,-0.00154697912,-0.002410929537,0.0003287887884,-0.002082140748,-0.004899842597,0.0004152499978,-0.004484592599,-0.004003986223,-0.0001376298409,-0.004141616064,-0.005325364977,0.0001508001617,-0.005174564815,-0.004209202416,-0.000662724443,-0.004871926859,-0.0005207987456,-1.361483043e-05,-0.000534413576,-0.005689433023,-0.000782971423,-0.006472404445,-0.001431547516,-0.00016969945,-0.001601246966,-0.002048333711,0.0001121990153,-0.001936134695,-0.002891410556,0.0005387265837,-0.002352683972,-0.002177999063,-3.38399998e-06,-0.002181383063,-0.003308568641,0.0001224139421,-0.003186154699,-0.004197018643,-3.635820819e-05,-0.004233376851,-0.003477013741,-5.135566977e-05,-0.003528369411,-0.004221820545,-2.436613307e-05,-0.004246186678,-0.003711150229,0.0003670182818,-0.003344131947
58.5,-0.00136923566,0.00070342078,-0.0006658148795,-0.002237949484,-0.000188997485,-0.002426946969,-0.003449124665,-0.0003883368798,-0.003837461545,-0.001557759057,-0.0003105644297,-0.001868323487,-0.000913901551,-0.0007616212605,-0.001675522811,-0.001391246182,-0.00015517709,-0.001546423272,-0.0002405322876,-0.0004878561172,-0.0007283884048,-0.001705580915,0.0003389296852,-0.00136665123,-0.00101448343,-0.0008243180775,-0.001838801507,-0.0008931843891,-6.581550743e-05,-0.0009589998966,-0.0007543240034,0.0002402631626,-0.0005140608408,-0.004180893394,-0.00092864037,-0.005109533764,-0.002510706085,-0.0005624633018,-0.003073169387,-0.004617605674,-0.0007543438524,-0.005371949526,-0.003482722985,-0.000280751663,-0.003763474648,-0.001894669109,7.373683435e-05,-0.001820932275,-0.00210235417,-0.0004215125078,-0.002523866678,-0.002439653716,4.24403011e-05,-0.002397213415,-0.003434123206,-0.0002864697635,-0.003720592969,-0.002010391814,0.0004891928515,-0.001521198963,-0.00240260434,0.0003342723846,-0.002068331956,-0.004869533846,0.0004087491008,-0.004460784745,-0.004011371982,-0.000131565686,-0.004142937668,-0.005341064817,0.0001491261226,-0.005191938694,-0.004156289709,-0.0006524208761,-0.004808710585,-0.0005146199198,3.749994561e-06,-0.0005108699252,-0.005560002385,-0.0008006463412,-0.006360648727,-0.001371788102,-0.0001586329139,-0.001530421015,-0.001973000102,0.0001109951132,-0.001862004989,-0.002827253226,0.0005410685629,-0.002286184663,-0.002086730699,-5.038910224e-06,-0.002091769609,-0.003232705355,0.000119671571,-0.003113033784,-0.00414117538,-2.443206628e-05,-0.004165607446,-0.00341353776,-5.445641861e-05,-0.003467994178,-0.004141398855,-2.561662536e-05,-0.00416701548,-0.00363648576,0.0003648541553,-0.003271631604
58.6,-0.001386122278,0.000703383416,-0.0006827388623,-0.002224245638,-0.0001911023927,-0.002415348031,-0.003452625449,-0.0003844219869,-0.003837047436,-0.001552333575,-0.0003073341188,-0.001859667694,-0.0009017715973,-0.0007583995397,-0.001660171137,-0.001364811772,-0.0001615637096,-0.001526375482,-0.0002187504761,-0.0004911170483,-0.0007098675244,-0.001685462239,0.0003366813918,-0.001348780847,-0.0009829496124,-0.0008279268703,-0.001810876483,-0.0008501929117,-6.910118643e-05,-0.0009192940982,-0.0007088448126,0.0002323897953,-0.0004764550173,-0.004158333907,-0.000929576868,-0.005087910775,-0.002414734456,-0.0005646342046,-0.002979368661,-0.004608311665,-0.0007448124411,-0.005353124106,-0.003407124826,-0.0002680674267,-0.003675192253,-0.001800067465,7.633939275e-05,-0.001723728072,-0.002022844404,-0.0004137202389,-0.002436564642,-0.002377168768,4.236019818e-05,-0.00233480857,-0.003366674663,-0.0002896223196,-0.003656296983,-0.00198297338,0.0004863875587,-0.001496585821,-0.00239504687,0.0003398409966,-0.002055205874,-0.004838380535,0.0004012820486,-0.004437098486,-0.004018286966,-0.0001251618423,-0.004143448808,-0.005354458037,0.0001475851569,-0.00520687288,-0.004103142019,-0.00064216383,-0.004745305849,-0.0005079102029,2.132888364e-05,-0.0004865813193,-0.005428934381,-0.0008189915064,-0.006247925887,-0.001309893309,-0.0001479270829,-0.001457820392,-0.001894998941,0.0001090136686,-0.001785985272,-0.002760478402,0.0005426702794,-0.002217808122,-0.00199335611,-6.878551595e-06,-0.002000234661,-0.003155550547,0.0001167747053,-0.003038775842,-0.004084084911,-1.183163326e-05,-0.004095916544,-0.003348629259,-5.712747014e-05,-0.003405756729,-0.004059472125,-2.650567681e-05,-0.004085977801,-0.003560213807,0.0003627465233,-0.003197467284
58.7,-0.001403591774,0.0007034663041,-0.0007001254702,-0.002211511138,-0.0001932983921,-0.002404809531,-0.003455965172,-0.0003801882175,-0.003836153389,-0.001546603799,-0.0003040503407,-0.00185065414,-0.0008887016169,-0.0007551019666,-0.001643803584,-0.001337599257,-0.0001679460069,-0.001505545264,-0.0001960489374,-0.0004942094359,-0.0006902583733,-0.001665491457,0.0003345029443,-0.001330988513,-0.000949139803,-0.0008314907606,-0.001780630564,-0.0008064682267,-7.240397749e-05,-0.0008788722042,-0.0006624529059,0.0002245970286,-0.0004378558773,-0.00413441876,-0.0009294449872,-0.005063863747,-0.002318259146,-0.0005665550918,-0.002884814238,-0.004597527647,-0.0007351287998,-0.005332656447,-0.003330213474,-0.0002549386792,-0.003585152153,-0.001703304157,7.882253555e-05,-0.001624481621,-0.00194271506,-0.0004045293243,-0.002347244384,-0.002313319071,4.218543164e-05,-0.002271133639,-0.003298745962,-0.0002924365991,-0.003591182561,-0.001956522393,0.0004834024686,-0.001473119925,-0.002388123272,0.0003454716696,-0.002042651603,-0.004806367256,0.0003928733765,-0.00441349388,-0.00402452776,-0.0001184695629,-0.004142997323,-0.00536543821,0.0001461741546,-0.005219264056,-0.004049433734,-0.0006321001533,-0.004681533887,-0.0005004667739,3.901705183e-05,-0.0004614497221,-0.00529635369,-0.0008376323754,-0.006133986066,-0.001245746984,-0.0001376126458,-0.00138335963,-0.001814329577,0.0001062204687,-0.001708109108,-0.002691083379,0.0005434746501,-0.002147608729,-0.001897802407,-8.933788038e-06,-0.001906736195,-0.00307710378,0.0001137164489,-0.002963387331,-0.004025506245,1.258373957e-06,-0.004024247871,-0.003282265977,-5.94240212e-05,-0.003341689999,-0.003976051007,-2.701708235e-05,-0.00400306809,-0.00348232761,0.0003608093518,-0.003121518258
58.8,-0.001421473157,0.0007036563979,-0.000717816759,-0.002199622741,-0.0001955951261,-0.002395217867,-0.00345892639,-0.0003756454638,-0.003834571854,-0.00154040694,-0.0003007171357,-0.001841124076,-0.00087453693,-0.0007517329674,-0.001626269897,-0.001309514751,-0.0001743280386,-0.00148384279,-0.0001723147759,-0.0004971222175,-0.0006694369934,-0.001645597854,0.0003323742332,-0.00131322362,-0.000912975864,-0.0008349980033,-0.001747973867,-0.000762009826,-7.574131259e-05,-0.0008377511386,-0.0006151405678,0.000216877379,-0.0003982631888,-0.004108911359,-0.0009283027711,-0.005037214131,-0.002221428474,-0.0005682103342,-0.002789638808,-0.004584958678,-0.0007252823954,-0.005310241073,-0.003251812319,-0.0002413759513,-0.00349318827,-0.001604329224,8.117696406e-05,-0.00152315226,-0.001861868484,-0.0003939866702,-0.002255855154,-0.002248100733,4.191236963e-05,-0.002206188363,-0.003230321299,-0.0002949656374,-0.003525286936,-0.001931005075,0.000480221609,-0.001450783466,-0.002381700799,0.0003511414289,-0.00203055937,-0.004773488844,0.0003835524361,-0.004389936407,-0.004029904016,-0.0001115421451,-0.004141446161,-0.005373922778,0.0001448894396,-0.005229033339,-0.003994858207,-0.0006223727826,-0.004617230989,-0.0004921104238,5.671299555e-05,-0.0004353974283,-0.005162409343,-0.0008561943493,-0.006018603692,-0.001179269742,-0.0001277085202,-0.001306978262,-0.001731026835,0.0001025902326,-0.001628436603,-0.002619100186,0.000543432784,-0.002075667402,-0.001800024786,-1.123043244e-05,-0.001811255219,-0.002997384626,0.0001104870854,-0.002886897541,-0.003965201117,1.464803931e-05,-0.003950553078,-0.003214451355,-6.140091791e-05,-0.003275852272,-0.003891169965,-2.71316988e-05,-0.003918301663,-0.003402846075,0.0003591527463,-0.003043693329
58.9,-0.001439598876,0.0007039392822,-0.0007356595942,-0.002188465901,-0.0001980012877,-0.002386467188,-0.003461304676,-0.0003708060893,-0.003832110765,-0.001533590611,-0.0002973382545,-0.001830928865,-0.0008591436665,-0.0007482978507,-0.001607441517,-0.001280479814,-0.0001807123778,-0.001461192191,-0.0001474555597,-0.000499844787,-0.0006473003467,-0.001625711973,0.0003302744034,-0.00129543757,-0.0008744108621,-0.0008384392542,-0.001712850116,-0.0007168391908,-7.912991336e-05,-0.0007959691042,-0.0005669209074,0.0002092220181,-0.0003576988893,-0.004081606095,-0.0009262190317,-0.005007825127,-0.002124433535,-0.0005695694233,-0.002694002958,-0.004570337845,-0.0007152674989,-0.005285605344,-0.003171770801,-0.0002274049981,-0.003399175799,-0.00150313245,8.339444798e-05,-0.001419738002,-0.001780206586,-0.0003821661963,-0.002162372783,-0.002181554408,4.154045841e-05,-0.00214001395,-0.003161419505,-0.0002972613278,-0.003458680833,-0.001906392065,0.0004768297809,-0.001429562284,-0.002375651238,0.0003568275418,-0.002018823696,-0.004739753514,0.0003733531802,-0.004366400333,-0.004034242679,-0.0001044343976,-0.004138677077,-0.005379855781,0.0001437264177,-0.005236129364,-0.003939135243,-0.0006131189308,-0.004552254173,-0.0004826903937,7.431861459e-05,-0.0004083717792,-0.00502727794,-0.0008743066775,-0.005901584618,-0.00111042503,-0.0001182225008,-0.00122864753,-0.00164516587,9.810736385e-05,-0.001547058506,-0.002544600787,0.0005425053407,-0.002002095446,-0.001700012514,-1.378770357e-05,-0.001713800218,-0.002916437618,0.000107074347,-0.002809363271,-0.003902943923,2.814739255e-05,-0.00387479653,-0.003145219903,-6.311124023e-05,-0.003208331143,-0.003804888464,-2.683123345e-05,-0.003831719697,-0.003321814553,0.0003578769719,-0.002963937581
59.0,-0.001457807361,0.000704298951,-0.0007535084099,-0.002177938599,-0.0002005244889,-0.002378463088,-0.003462913488,-0.0003656849318,-0.003828598419,-0.001526016794,-0.0002939170375,-0.001819933831,-0.0008424131771,-0.0007448028826,-0.00158721606,-0.001250434883,-0.0001870996659,-0.001437534549,-0.0001214031064,-0.000502366988,-0.0006237700944,-0.001605767769,0.0003281823746,-0.001277585395,-0.0008334316993,-0.0008418074051,-0.001675239104,-0.0006710019729,-8.258526809e-05,-0.000753587241,-0.000517830699,0.0002016212476,-0.0003162094514,-0.00405233578,-0.000923272536,-0.004975608316,-0.002027505764,-0.0005705910196,-0.002598096784,-0.004553430617,-0.0007050844015,-0.005258515018,-0.003089968106,-0.0002130699099,-0.003303038016,-0.001399748936,8.546751607e-05,-0.00131428142,-0.001697635719,-0.0003691680113,-0.002066803731,-0.002113768111,4.107119107e-05,-0.00207269692,-0.003092101477,-0.0002993716312,-0.003391473108,-0.001882660175,0.000473213065,-0.00140944711,-0.002369853668,0.0003625076711,-0.002007345997,-0.004705184974,0.0003623138823,-0.004342871091,-0.004037390717,-9.720200236e-05,-0.00413459272,-0.005383209414,0.0001426791837,-0.00524053023,-0.003882019442,-0.0006044682798,-0.004486487722,-0.0004720881329,9.173929631e-05,-0.0003803488366,-0.00489116712,-0.0008916076352,-0.005782774755,-0.001039223221,-0.0001091526479,-0.001148375869,-0.001556864425,9.276647329e-05,-0.001464097952,-0.002467699022,0.0005406634116,-0.001927035611,-0.001597793072,-1.661721938e-05,-0.001614410292,-0.002834336195,0.0001034637774,-0.002730872418,-0.003838530984,4.157069068e-05,-0.003796960293,-0.003074641533,-6.46053566e-05,-0.00313924689,-0.003717290672,-2.610218336e-05,-0.003743392856,-0.003239305271,0.0003570671808,-0.002882238091
59.1,-0.00147594489,0.0007047178555,-0.0007712270344,-0.002167953959,-0.000203171075,-0.002371125034,-0.003463587747,-0.0003602992723,-0.003823887019,-0.001517564804,-0.000290456319,-0.001808021123,-0.0008242639441,-0.0007412553279,-0.001565519272,-0.001219341539,-0.0001934883143,-0.001412829853,-9.411450334e-05,-0.0005046791454,-0.0005987936487,-0.001585704188,0.0003260771769,-0.001259627011,-0.0007900582063,-0.0008450974577,-0.001635155664,-0.0006245670669,-8.6121187e-05,-0.0007106882539,-0.0004679302212,0.0001940649423,-0.0002738652789,-0.004020976424,-0.0009195510108,-0.004940527435,-0.001930912539,-0.0005712265073,-0.002502139047,-0.004534037115,-0.0006947407368,-0.005228777852,-0.003006315581,-0.0001984356526,-0.003204751234,-0.001294262334,8.738910296e-05,-0.001206873231,-0.001614071746,-0.0003551164689,-0.001969188215,-0.002044876867,4.050726173e-05,-0.002004369605,-0.003022474398,-0.0003013382084,-0.003323812606,-0.001859793247,0.0004693592416,-0.001390434005,-0.002364196201,0.000368160036,-0.001996036165,-0.0046698231,0.0003504769285,-0.004319346171,-0.004039216037,-8.990081027e-05,-0.004129116847,-0.005383984157,0.0001417401892,-0.005242243967,-0.003823307988,-0.0005965411862,-0.004419849174,-0.0004602187789,0.0001088841871,-0.0003513345918,-0.004754317283,-0.0009077517273,-0.005662069011,-0.0009657222636,-0.0001004892609,-0.001066211525,-0.001466281729,8.657265977e-05,-0.001379709069,-0.002388548763,0.0005378890201,-0.001850659743,-0.001493433458,-1.972266956e-05,-0.001513156127,-0.002751184529,9.96391306e-05,-0.002651545398,-0.003771788135,5.474005724e-05,-0.003717048078,-0.00300282404,-6.593023647e-05,-0.003068754276,-0.003628483666,-2.49388027e-05,-0.003653422468,-0.003155417119,0.0003567895114,-0.002798627607
59.2,-0.001493866503,0.0007051771503,-0.0007886893525,-0.002158441247,-0.0002059459685,-0.002364387215,-0.003463185795,-0.000354668829,-0.003817854624,-0.001508132942,-0.0002869584123,-0.001795091354,-0.0008046407936,-0.0007376635034,-0.001542304297,-0.001187183352,-0.0001998743837,-0.001387057736,-6.557041115e-05,-0.0005067721885,-0.0005723425996,-0.001565466148,0.0003239380756,-0.001241528072,-0.0007443393815,-0.0008483064377,-0.001592645819,-0.0005776230295,-8.97494464e-05,-0.0006673724759,-0.0004173005334,0.0001865429737,-0.0002307575597,-0.003987449461,-0.0009151493652,-0.004902598826,-0.001834951147,-0.0005714225749,-0.002406373722,-0.004511992162,-0.000684252993,-0.005196245155,-0.002920758465,-0.0001835887829,-0.003104347248,-0.001186805364,8.915222365e-05,-0.001097653141,-0.001529443809,-0.0003401574297,-0.001869601239,-0.001975058882,3.985202667e-05,-0.001935206855,-0.002952692214,-0.0003031945066,-0.00325588672,-0.001837782125,0.0004652581536,-0.001372523971,-0.002358576732,0.0003737636546,-0.001984813078,-0.004633723422,0.0003378887133,-0.004295834709,-0.004039607138,-8.258619894e-05,-0.004122193337,-0.005382207764,0.000140900051,-0.005241307713,-0.003762846848,-0.0005894469041,-0.004352293753,-0.0004470297979,0.0001256665795,-0.0003213632184,-0.004617000127,-0.0009224185984,-0.005539418725,-0.000890024658,-9.221698508e-05,-0.0009822416431,-0.001373614723,7.954132364e-05,-0.001294073399,-0.002307339501,0.0005341753337,-0.001773164167,-0.001387038757,-2.310014577e-05,-0.001410138903,-0.002667117055,9.558277781e-05,-0.002571534277,-0.003702576154,6.748869642e-05,-0.003635087458,-0.002929913538,-6.71287273e-05,-0.002997042265,-0.003538594513,-2.334467571e-05,-0.003561939189,-0.003070274688,0.0003570885946,-0.002713186093
59.3,-0.001511436123,0.0007056570001,-0.0008057791229,-0.002149345587,-0.0002088526046,-0.002358198192,-0.003461590134,-0.0003488157613,-0.003810405895,-0.001497639124,-0.0002834251599,-0.001781064284,-0.0007835126537,-0.0007340368588,-0.001517549512,-0.001153965742,-0.0002062515795,-0.001360217322,-3.577220852e-05,-0.0005086378494,-0.0005444100579,-0.001545005199,0.0003217446067,-0.001223260592,-0.0006963489584,-0.0008514333124,-0.001547782271,-0.0005302737586,-9.347951757e-05,-0.0006237532762,-0.0003660400166,0.0001790456213,-0.0001869943953,-0.003951722699,-0.0009101668874,-0.004861889587,-0.001739942053,-0.000571123293,-0.002311065346,-0.004487164045,-0.0006736480689,-0.005160812114,-0.002833277624,-0.0001686361506,-0.003001913775,-0.001077558643,9.074991238e-05,-0.000986808731,-0.001443697101,-0.0003244550528,-0.001768152154,-0.001904529549,3.910924141e-05,-0.001865420307,-0.002882953421,-0.0003049641872,-0.003187917608,-0.001816624069,0.0004609019542,-0.001355722115,-0.002352903206,0.0003792985803,-0.001973604626,-0.004596956127,0.000324599463,-0.004272356664,-0.004038472623,-7.531260482e-05,-0.004113785227,-0.005377933819,0.0001401475467,-0.005237786272,-0.003700535359,-0.0005832815922,-0.004283816951,-0.0004324977095,0.0001420042711,-0.0002904934384,-0.00447951375,-0.0009353225287,-0.005414836279,-0.0008122725383,-8.43164142e-05,-0.0008965889525,-0.001279093595,7.169733109e-05,-0.001207396264,-0.002224291599,0.0005295265262,-0.001694765073,-0.001278749249,-2.673897909e-05,-0.001305488228,-0.002582296736,9.127618507e-05,-0.002491020551,-0.003630794695,7.966405032e-05,-0.003551130645,-0.002856093397,-6.823880019e-05,-0.002924332197,-0.003447766933,-2.133330605e-05,-0.003469100239,-0.00298402741,0.0003579864474,-0.002626040963
59.4,-0.001528526525,0.0007061368892,-0.0008223896354,-0.002140627314,-0.0002118928949,-0.002352520209,-0.003458707796,-0.0003427646005,-0.003801472396,-0.001486021184,-0.0002798579464,-0.00176587913,-0.0007608707535,-0.0007303860465,-0.0014912568,-0.001119715643,-0.0002126113054,-0.001332326949,-4.740044167e-06,-0.0005102688727,-0.0005150089169,-0.001524280208,0.0003194766831,-0.001204803525,-0.0006461825542,-0.00085447889,-0.001500661444,-0.0004826355546,-9.731840072e-05,-0.0005799539553,-0.0003142621886,0.0001715639473,-0.0001426982413,-0.003913811399,-0.0009047035854,-0.004818514985,-0.001646222663,-0.0005702722998,-0.002216494963,-0.004459453555,-0.0006629644992,-0.005122418054,-0.002743892003,-0.0001537019019,-0.002897593904,-0.0009667493986,9.217558481e-05,-0.0008745738138,-0.001356796397,-0.0003081885523,-0.001664984949,-0.001833535685,3.828303247e-05,-0.001795252653,-0.002813497967,-0.0003066599012,-0.003120157868,-0.001796322149,0.0004562852077,-0.001340036942,-0.002347094001,0.0003847460148,-0.001962347986,-0.004559605368,0.0003106628441,-0.004248942524,-0.00403574149,-6.813320786e-05,-0.004103874698,-0.005371240626,0.0001394698429,-0.005231770783,-0.003636329517,-0.0005781263546,-0.004214455871,-0.0004166248149,0.0001578198539,-0.0002588049611,-0.004342175773,-0.000946221308,-0.005288397081,-0.0007326434804,-7.67648688e-05,-0.0008094083492,-0.001182978664,6.307374333e-05,-0.00111990492,-0.002139652995,0.0005239571314,-0.001615695864,-0.001168737711,-3.062285189e-05,-0.001199360563,-0.00249691353,8.670058966e-05,-0.00241021294,-0.003556385952,9.113094206e-05,-0.00346525501,-0.002781582523,-6.929309228e-05,-0.002850875616,-0.003356158599,-1.892822094e-05,-0.00337508682,-0.00289684995,0.0003594826238,-0.002537367327
59.5,-0.00154501981,0.0007065959749,-0.0008384238353,-0.002132261829,-0.0002150670913,-0.002347328921,-0.003454470988,-0.0003365420543,-0.003791013042,-0.001473237379,-0.0002762576084,-0.001749494987,-0.000736728526,-0.0007267229441,-0.00146345147,-0.001084481614,-0.0002189427507,-0.001303424365,2.74869932e-05,-0.0005116591919,-0.0004841721987,-0.001503258324,0.0003171148552,-0.001186143469,-0.0005939573987,-0.0008574456831,-0.001451403082,-0.000434836594,-0.0001012705714,-0.0005361071654,-0.0002620957839,0.0001640901148,-9.800566908e-05,-0.003873780103,-0.0008988562819,-0.004772636385,-0.001554142476,-0.000568815218,-0.002122957694,-0.004428794428,-0.0006522530211,-0.005081047449,-0.002652661894,-0.0001389233615,-0.002791585256,-0.0008546509272,9.342359372e-05,-0.0007612273335,-0.001268732019,-0.0002915490391,-0.001560281058,-0.001762351886,3.737809463e-05,-0.001724973791,-0.002744604458,-0.0003082827037,-0.003052887161,-0.001776885149,0.0004514049601,-0.001325480189,-0.002341078956,0.0003900883261,-0.00195099063,-0.00452176949,0.0002961354759,-0.004225634014,-0.004031364602,-6.109964842e-05,-0.004092464251,-0.005362230771,0.0001388529719,-0.005223377799,-0.003570244367,-0.0005740461319,-0.004144290499,-0.0003994375109,0.0001730410144,-0.0002263964965,-0.004205317189,-0.0009549234402,-0.00516024063,-0.0006513487815,-6.953652365e-05,-0.0007208853052,-0.001085559588,5.371052724e-05,-0.001031849061,-0.002053698091,0.0005174908928,-0.001536207198,-0.001057208152,-3.473096633e-05,-0.001091939119,-0.002411184134,8.183802056e-05,-0.002329346113,-0.003479338666,0.0001017740915,-0.003377564575,-0.002706633606,-7.031903615e-05,-0.002776952642,-0.003263940353,-1.616254794e-05,-0.003280102901,-0.002808944094,0.0003615549279,-0.002447389166
59.6,-0.001560808695,0.0007070134985,-0.000853795197,-0.002124240308,-0.0002183734956,-0.002342613804,-0.003448838131,-0.0003301767156,-0.003779014847,-0.001459267307,-0.0002726242706,-0.001731891578,-0.0007111233719,-0.0007230606361,-0.001434184008,-0.001048334618,-0.0002252329829,-0.0012735676,6.084862579e-05,-0.0005128040596,-0.0004519554338,-0.001481916245,0.0003146407197,-0.001167275525,-0.0005398142585,-0.0008603376836,-0.001400151942,-0.0003870185574,-0.0001053379756,-0.000492356533,-0.0002096868601,0.0001566176934,-5.306916673e-05,-0.003831744784,-0.0008927153877,-0.004724460172,-0.001464059842,-0.0005667022653,-0.002030762107,-0.004395155318,-0.000641576447,-0.005036731765,-0.00255969231,-0.0001244468355,-0.002684139145,-0.0007415828247,9.448953998e-05,-0.0006470932847,-0.001179528446,-0.0002747362544,-0.001454264701,-0.001691279674,3.640010239e-05,-0.001654879571,-0.002676587791,-0.0003098225418,-0.002986410332,-0.001758328221,0.0004462609786,-0.001312067242,-0.002334801166,0.0003953091193,-0.001939492046,-0.00448356231,0.0002810766016,-0.004202485708,-0.004025317045,-5.426168826e-05,-0.004079578734,-0.005351031198,0.0001382824832,-0.005212748715,-0.003502356334,-0.0005710896421,-0.004073445976,-0.0003809866576,0.0001876009154,-0.0001933857422,-0.00406927987,-0.0009612926297,-0.005030572499,-0.000568634434,-6.260215937e-05,-0.0006312365934,-0.000987156507,4.365347374e-05,-0.0009435030333,-0.001966728593,0.0005101593854,-0.001456569208,-0.0009443962084,-3.903921308e-05,-0.0009834354214,-0.002325353211,7.667268989e-05,-0.002248680521,-0.003399692472,0.0001114994653,-0.003288193007,-0.0026315314,-7.13397188e-05,-0.002702871118,-0.003171297972,-1.307784982e-05,-0.003184375822,-0.002720541412,0.0003641597941,-0.002356381617
59.7,-0.001575798443,0.0007073691602,-0.0008684292829,-0.002116571061,-0.0002218080631,-0.002338379124,-0.003441795046,-0.0003236987358,-0.003765493782,-0.001444113074,-0.0002689571833,-0.001713070257,-0.0006841196139,-0.0007194133681,-0.001403532982,-0.001011369317,-0.0002314669786,-0.001242836296,9.525996946e-05,-0.0005137001235,-0.0004184401541,-0.001460241708,0.000312037436,-0.001148204272,-0.000483920336,-0.0008631599862,-0.001347080322,-0.0003393393342,-0.0001095199739,-0.0004488593081,-0.0001572018869,0.0001491420232,-8.059863711e-06,-0.003787874496,-0.0008863628709,-0.004674237367,-0.001376340007,-0.0005638911669,-0.001940231174,-0.004358542629,-0.0006310089518,-0.00498955158,-0.002465135712,-0.0001104243927,-0.002575560105,-0.0006279116077,9.537015677e-05,-0.000532541451,-0.001089253872,-0.0002579553844,-0.001347209257,-0.001620648927,3.535626119e-05,-0.001585292666,-0.00260979678,-0.000311259947,-0.002921056727,-0.001740674111,0.0004408561973,-0.001299817914,-0.002328219266,0.0004003934106,-0.001927825856,-0.004445115037,0.000265548012,-0.004179567025,-0.004017600716,-4.766680992e-05,-0.004065267526,-0.005337793231,0.0001377441259,-0.005200049106,-0.00343280651,-0.0005692894249,-0.004002095935,-0.0003613493773,0.0002014385528,-0.0001599108245,-0.003934419349,-0.0009652486888,-0.004899668038,-0.0004847836791,-5.592872591e-05,-0.000540712405,-0.0008881218024,3.295332078e-05,-0.0008551684816,-0.0018790754,0.0005020008274,-0.001377074573,-0.0008305704514,-4.35214562e-05,-0.0008740919076,-0.002239695454,7.119253024e-05,-0.002168502923,-0.00331754275,0.0001202346692,-0.003197308081,-0.002556590748,-7.237550124e-05,-0.00262896625,-0.003078435969,-9.722388745e-06,-0.003088158358,-0.00263190574,0.0003672321373,-0.002264673603
59.8,-0.001589908994,0.0007076433706,-0.0008822656237,-0.002109281043,-0.0002253639676,-0.002334645011,-0.003433355866,-0.0003171394645,-0.003750495331,-0.001427800406,-0.0002652545867,-0.001693054993,-0.0006558114882,-0.0007157964471,-0.001371607935,-0.0009737054509,-0.0002376275551,-0.001211333006,0.0001306083215,-0.0005143454406,-0.0003837371191,-0.001438234993,0.000309290287,-0.001128944706,-0.0004264714759,-0.0008659182756,-0.001292389751,-0.0002919752832,-0.0001138132047,-0.0004057884879,-0.0001048303037,0.0001416606504,3.683034678e-05,-0.003742392054,-0.0008798711492,-0.004622263204,-0.001291353716,-0.0005603503406,-0.001851704057,-0.004319003226,-0.000620634839,-0.004939638065,-0.00236919406,-9.70116214e-05,-0.002466205681,-0.000514051099,9.606291024e-05,-0.0004179881888,-0.000998028386,-0.0002414145373,-0.001239442923,-0.001550820048,3.425582307e-05,-0.001516564225,-0.002544611162,-0.0003125686241,-0.002857179786,-0.001723954404,0.0004351971778,-0.001288757226,-0.002321309607,0.0004053277875,-0.00191598182,-0.004406577915,0.0002496140916,-0.004156963824,-0.004008246219,-4.135976577e-05,-0.004049605985,-0.005322691874,0.0001372244442,-0.00518546743,-0.003361804802,-0.0005686609248,-0.003930465726,-0.0003406310527,0.0002144989291,-0.0001261321236,-0.003801112197,-0.0009667649507,-0.004767877148,-0.000400119043,-4.947915447e-05,-0.0004495981974,-0.0007888408688,2.166506414e-05,-0.0007671758047,-0.001791099986,0.0004930593345,-0.001298040651,-0.000716033363,-4.815097371e-05,-0.0007641843367,-0.002154517203,6.539048855e-05,-0.002089126714,-0.003233045983,0.0001279290367,-0.003105116947,-0.002482154155,-7.344610394e-05,-0.002555600259,-0.002985581943,-6.149287857e-06,-0.002991731231,-0.002543334829,0.0003706853592,-0.00217264947
59.9,-0.001603076773,0.0007078174483,-0.0008952593242,-0.002102416795,-0.0002290311577,-0.002331447952,-0.003423563162,-0.0003105310342,-0.003734094196,-0.001410379255,-0.0002615135931,-0.001671892848,-0.0006263247383,-0.0007122260505,-0.001338550789,-0.0009354885785,-0.0002436952536,-0.001179183832,0.000166751736,-0.0005147394579,-0.0003479877219,-0.001415910179,0.0003063871868,-0.001109522993,-0.0003676918156,-0.000868618291,-0.001236310107,-0.0002451213169,-0.0001182114487,-0.0003633327657,-5.27847959e-05,0.0001341737502,8.13889543e-05,-0.003695573265,-0.0008733026523,-0.004568875917,-0.001209475492,-0.0005560620376,-0.00176553753,-0.004276625819,-0.0006105469433,-0.004887172763,-0.002272120222,-8.436519646e-05,-0.002356485418,-0.0004004615635,9.656545917e-05,-0.0003038961043,-0.0009060291545,-0.0002253229835,-0.001131352138,-0.001482184775,3.311036846e-05,-0.001449074406,-0.002481437096,-0.0003137184869,-0.002795155583,-0.001708210143,0.0004292943841,-0.001278915759,-0.00231406756,0.0004101004302,-0.00190396713,-0.004368120509,0.0002333418229,-0.004134778686,-0.0039973131,-3.53820442e-05,-0.004032695145,-0.005305923749,0.0001367112588,-0.00516921249,-0.003289633288,-0.0005692004805,-0.003858833769,-0.000318966195,0.0002267331692,-9.223302584e-05,-0.003669765031,-0.0009658636482,-0.00463562868,-0.000315001501,-4.321313036e-05,-0.0003582146314,-0.0006897302498,9.8475696e-06,-0.0006798826802,-0.001703193318,0.0004833844752,-0.001219808843,-0.0006011207838,-5.290181956e-05,-0.0006540226034,-0.002070156167,5.926535267e-05,-0.002010890814,-0.003146424401,0.0001345539199,-0.003011870481,-0.002408588845,-7.457254145e-05,-0.002483161386,-0.002892989691,-2.414907752e-06,-0.002895404599,-0.002455160508,0.0003744123419,-0.002080748166
60.0,-0.001615255609,0.0007078739302,-0.0009073816784,-0.002096043927,-0.0002327959488,-0.002328839876,-0.003412486662,-0.0003039059193,-0.003716392581,-0.001391923338,-0.0002577301057,-0.001649653444,-0.0005958153355,-0.0007087189562,-0.001304534292,-0.0008968894385,-0.0002496482885,-0.001146537727,0.0002035208422,-0.0005148830184,-0.0003113621762,-0.001393295808,0.000303319008,-0.0010899768,-0.000307829354,-0.000871265402,-0.001179094756,-0.000198987346,-0.0001227055997,-0.0003216929457,-1.297809976e-06,0.00012668444,0.00012538663,-0.003647743531,-0.0008667104972,-0.004514454028,-0.001131080326,-0.0005510251214,-0.001682105447,-0.004231539898,-0.0006008448364,-0.004832384735,-0.002174218131,-7.263939617e-05,-0.002246857527,-0.0002876463579,9.687498309e-05,-0.0001907713748,-0.0008134915541,-0.0002098897912,-0.001023381345,-0.00141516366,3.193381717e-05,-0.001383229842,-0.002420700112,-0.0003146787134,-0.002735378826,-0.001693491339,0.0004231622641,-0.001270329075,-0.002306507318,0.0004147010256,-0.001891806293,-0.004329929841,0.000216800706,-0.004113129135,-0.003984887676,-2.977123155e-05,-0.004014658907,-0.005287703302,0.0001361940724,-0.00515150923,-0.003216646524,-0.0005708829731,-0.003787529498,-0.0002965169517,0.000238098923,-5.841802867e-05,-0.00354082108,-0.0009626112988,-0.004503432378,-0.0002298251342,-3.708908538e-05,-0.0002669142195,-0.0005912320333,-2.43640568e-06,-0.000593668439,-0.001615770645,0.0004730307411,-0.001142739904,-0.0004861989714,-5.774977427e-05,-0.0005439487457,-0.001986978171,5.282220746e-05,-0.001934155963,-0.003057967804,0.0001401033759,-0.002917864428,-0.002336282892,-7.577841781e-05,-0.00241206131,-0.002800939811,1.422658271e-06,-0.002799517153,-0.002367746283,0.0003782875459,-0.001989458738
