Time,-0.1,-0.095,-0.09,-0.085,-0.08,-0.075,-0.07,-0.065,-0.06,-0.055,-0.05,-0.045,-0.04,-0.035,-0.03,-0.025,-0.02,-0.015,-0.01,-0.005,0,0.005,0.01,0.015,0.02,0.025,0.03,0.035,0.04,0.045,0.05,0.055,0.06,0.065,0.07,0.075,0.08,0.085,0.09,0.095,0.1,0.105,0.11,0.115,0.12,0.125,0.13,0.135,0.14,0.145,0.15,0.155,0.16,0.165,0.17,0.175,0.18,0.185,0.19,0.195,0.2,0.205,0.21,0.215,0.22,0.225,0.23,0.235,0.24,0.245,0.25,0.255,0.26,0.265,0.27,0.275,0.28,0.285,0.29,0.295,0.3,0.305,0.31,0.315,0.32,0.325,0.33,0.335,0.34,0.345,0.35,0.355,0.36,0.365,0.37,0.375,0.38,0.385,0.39,0.395,0.4,0.405,0.41,0.415,0.42,0.425,0.43,0.435,0.44,0.445,0.45,0.455,0.46,0.465,0.47,0.475,0.48,0.485,0.49,0.495,0.5,0.505,0.51,0.515,0.52,0.525,0.53,0.535,0.54,0.545,0.55,0.555,0.56,0.565,0.57,0.575,0.58,0.585,0.59,0.595,0.6,0.605,0.61,0.615,0.62,0.625,0.63,0.635,0.64,0.645,0.65,0.655,0.66,0.665,0.67,0.675,0.68,0.685,0.69,0.695,0.7,0.705,0.71,0.715,0.72,0.725,0.73,0.735,0.74,0.745,0.75,0.755,0.76,0.765,0.77,0.775,0.78,0.785,0.79,0.795,0.8,0.805,0.81,0.815,0.82,0.825,0.83,0.835,0.84,0.845,0.85,0.855,0.86,0.865,0.87,0.875,0.88,0.885,0.89,0.895,0.9,0.905,0.91,0.915,0.92,0.925,0.93,0.935,0.94,0.945,0.95,0.955,0.96,0.965,0.97,0.975,0.98,0.985,0.99,0.995,1,
FP1,2.197593287e-06,2.680662938e-06,-2.279461400e-06,-6.046606180e-06,-6.745750842e-06,-4.687467385e-06,-3.172187099e-06,-2.482076040e-06,-5.011532215e-07,4.071404216e-06,8.420237882e-06,8.319785190e-06,3.243809685e-06,-2.248116946e-06,-3.075942428e-06,1.009666684e-06,5.356983880e-06,5.365388716e-06,6.367596039e-07,-5.768993804e-06,-1.093140710e-05,-1.385497694e-05,-1.429036123e-05,-1.161955554e-05,-6.057523283e-06,-2.587025913e-07,1.941291668e-06,-7.449538737e-07,-5.085120854e-06,-6.001125119e-06,-1.508214141e-06,5.272853813e-06,9.113170103e-06,7.392457373e-06,1.766039878e-06,-4.285052750e-06,-8.809332320e-06,-1.219164490e-05,-1.532128595e-05,-1.776326092e-05,-1.796865998e-05,-1.498929706e-05,-9.685629732e-06,-4.236807869e-06,-5.302402718e-07,1.092306067e-06,1.743608547e-06,2.765024182e-06,4.500116996e-06,6.187549282e-06,7.034210464e-06,7.262287648e-06,7.794134394e-06,8.713171517e-06,8.321345965e-06,4.405571420e-06,-3.049232105e-06,-1.055936086e-05,-1.326203481e-05,-9.032484847e-06,-7.044944682e-07,6.038782122e-06,7.327298341e-06,3.919763169e-06,-3.896308392e-07,-2.861945822e-06,-4.094810862e-06,-6.362047875e-06,-1.021855605e-05,-1.337757867e-05,-1.319127202e-05,-9.884445971e-06,-6.687903513e-06,-6.437445392e-06,-8.337450074e-06,-8.697015461e-06,-5.096697644e-06,6.147012808e-07,4.066568229e-06,3.091952674e-06,2.626081476e-08,-1.252165783e-06,-1.598927076e-07,-1.894244361e-07,-4.306669093e-06,-1.039736566e-05,-1.282673264e-05,-9.153517808e-06,-4.250716093e-06,-6.065354525e-06,-1.666410834e-05,-2.844798654e-05,-3.062813723e-05,-1.988932558e-05,-4.115244354e-06,4.877409215e-06,2.084575904e-06,-7.268698014e-06,-1.417016651e-05,-1.444311459e-05,-1.085313522e-05,-8.199699769e-06,-8.174539232e-06,-9.335069536e-06,-1.053377237e-05,-1.258233119e-05,-1.636334751e-05,-2.063691945e-05,-2.286213471e-05,-2.200243830e-05,-1.965508694e-05,-1.820634867e-05,-1.854946889e-05,-2.006537604e-05,-2.222492615e-05,-2.513485030e-05,-2.830958261e-05,-2.988914420e-05,-2.811471177e-05,-2.355627690e-05,-1.904671318e-05,-1.694146953e-05,-1.687043225e-05,-1.676719820e-05,-1.588702600e-05,-1.594888093e-05,-1.888599880e-05,-2.405654281e-05,-2.853078204e-05,-3.019886529e-05,-2.986707996e-05,-2.978688873e-05,-3.056093077e-05,-3.035155519e-05,-2.733863797e-05,-2.229293946e-05,-1.810107453e-05,-1.695117192e-05,-1.862683277e-05,-2.160996315e-05,-2.502109907e-05,-2.872260629e-05,-3.189640435e-05,-3.279964620e-05,-3.076657264e-05,-2.798220813e-05,-2.809547765e-05,-3.248373646e-05,-3.833816290e-05,-4.115793463e-05,-3.920772466e-05,-3.505226064e-05,-3.256318495e-05,-3.296719516e-05,-3.435585776e-05,-3.470214342e-05,-3.430244660e-05,-3.470475486e-05,-3.595280009e-05,-3.618693471e-05,-3.444367229e-05,-3.298187356e-05,-3.554208928e-05,-4.285167890e-05,-5.051086745e-05,-5.226089404e-05,-4.574194940e-05,-3.492304342e-05,-2.676837274e-05,-2.555957960e-05,-3.025226008e-05,-3.665817708e-05,-4.148471833e-05,-4.428679652e-05,-4.636914320e-05,-4.871988532e-05,-5.116624326e-05,-5.296995906e-05,-5.370315418e-05,-5.355574950e-05,-5.311552392e-05,-5.294168164e-05,-5.311029483e-05,-5.299296119e-05,-5.164485327e-05,-4.872502722e-05,-4.513160222e-05,-4.255224151e-05,-4.218858964e-05,-4.385279947e-05,-4.626884927e-05,-4.813308536e-05,-4.884679212e-05,-4.848041782e-05,-4.743347865e-05,-4.625882818e-05,-4.550401282e-05,-4.531752692e-05,-4.515042213e-05,-4.411759148e-05,-4.184976850e-05,-3.889253183e-05,-3.610348848e-05,-3.365619162e-05,-3.062486296e-05,-2.524075483e-05,-1.519364391e-05,2.047609415e-06,2.810300726e-05,6.174533040e-05,9.804022378e-05,1.307114604e-04,1.548100003e-04,1.733950009e-04,1.850837192e-04,1.985905563e-04,1.990985649e-04,2.040392123e-04,1.838204292e-04,1.959679994e-04,1.047339458e-04
AFF5,3.105667775e-07,-6.900486015e-08,-4.381874528e-06,-8.049490014e-06,-6.117889120e-06,3.239632765e-07,4.348123732e-06,1.199413682e-06,-5.505309633e-06,-7.219890730e-06,-4.101057022e-07,8.787561670e-06,1.121660289e-05,5.199704623e-06,-1.568189118e-06,-1.176523828e-06,5.117904082e-06,8.445596314e-06,2.867760804e-06,-7.724788152e-06,-1.433645070e-05,-1.310311956e-05,-8.684290105e-06,-7.352703612e-06,-8.985116489e-06,-7.961650528e-06,-1.396344605e-06,6.082056291e-06,7.272825125e-06,1.065924179e-06,-5.840161303e-06,-6.337031831e-06,-6.559716738e-07,4.397967727e-06,3.266194597e-06,-2.845172163e-06,-8.495489618e-06,-1.050973043e-05,-1.047921492e-05,-1.119897781e-05,-1.247623043e-05,-1.165464519e-05,-7.591397707e-06,-2.569085741e-06,2.594627853e-07,4.488301462e-07,3.750416187e-07,2.018103835e-06,4.590986810e-06,5.762030767e-06,4.609702434e-06,2.584844078e-06,1.550111659e-06,1.535082860e-06,8.780229027e-07,-1.613376787e-06,-5.055334460e-06,-7.108167208e-06,-6.055466134e-06,-2.356183328e-06,1.582206812e-06,3.172537401e-06,1.664720709e-06,-1.168172843e-06,-2.527355731e-06,-1.318115078e-06,4.625400278e-07,-4.263365243e-07,-4.756553477e-06,-9.259345408e-06,-9.583121746e-06,-5.132931385e-06,-3.006922870e-07,-2.822901298e-08,-4.190853332e-06,-7.292849807e-06,-4.318327810e-06,3.634934442e-06,1.042624873e-05,1.149506402e-05,8.341480889e-06,5.744510294e-06,5.420370101e-06,4.166817113e-06,-1.133881674e-06,-8.157944026e-06,-1.082292676e-05,-6.729084568e-06,-1.302644153e-06,-2.707276850e-06,-1.251615662e-05,-2.286677172e-05,-2.401124173e-05,-1.435434888e-05,-2.036313692e-06,3.506203393e-06,6.017755111e-07,-4.461326560e-06,-5.253500677e-06,-1.723176046e-06,1.206655042e-06,-3.515892520e-08,-4.268000568e-06,-8.148602020e-06,-1.035623544e-05,-1.204440576e-05,-1.393749251e-05,-1.474450912e-05,-1.313878961e-05,-1.028163155e-05,-9.069712169e-06,-1.083394681e-05,-1.379566389e-05,-1.532131826e-05,-1.501584118e-05,-1.469275324e-05,-1.553331255e-05,-1.646907873e-05,-1.595920513e-05,-1.448032308e-05,-1.394228947e-05,-1.459837273e-05,-1.395263166e-05,-9.956997094e-06,-4.852461425e-06,-4.201397378e-06,-1.107776837e-05,-2.175922354e-05,-2.840365297e-05,-2.646502947e-05,-1.898369886e-05,-1.315620714e-05,-1.306586058e-05,-1.634973682e-05,-1.772823068e-05,-1.478868749e-05,-9.801461027e-06,-6.628287124e-06,-7.052856323e-06,-1.027116047e-05,-1.473693519e-05,-1.924675972e-05,-2.237105291e-05,-2.225320131e-05,-1.820634379e-05,-1.246049364e-05,-9.356043559e-06,-1.197434598e-05,-1.933377298e-05,-2.696352706e-05,-3.027928609e-05,-2.765795912e-05,-2.093877579e-05,-1.372756763e-05,-9.280428610e-06,-9.141643435e-06,-1.270526142e-05,-1.766456586e-05,-2.132623969e-05,-2.220968054e-05,-2.080167704e-05,-1.886928822e-05,-1.802077122e-05,-1.874861890e-05,-2.042701642e-05,-2.182323324e-05,-2.172340594e-05,-1.969853291e-05,-1.672279538e-05,-1.473950465e-05,-1.492468675e-05,-1.624537758e-05,-1.641951060e-05,-1.490862264e-05,-1.452540086e-05,-1.891470602e-05,-2.790312260e-05,-3.615077342e-05,-3.768613113e-05,-3.208767025e-05,-2.531223816e-05,-2.361777404e-05,-2.699600847e-05,-2.953180273e-05,-2.639008553e-05,-1.948383516e-05,-1.538658455e-05,-1.803172428e-05,-2.458647719e-05,-2.884043321e-05,-2.770051456e-05,-2.340477074e-05,-1.983294085e-05,-1.817980101e-05,-1.700460316e-05,-1.549810671e-05,-1.502592997e-05,-1.702848162e-05,-2.050456172e-05,-2.269133693e-05,-2.206972462e-05,-1.978090296e-05,-1.783447684e-05,-1.666649078e-05,-1.502978536e-05,-1.171404173e-05,-6.353735832e-06,1.481517233e-06,1.281297827e-05,2.789423115e-05,4.471613119e-05,6.010860200e-05,7.198361696e-05,8.245615577e-05,9.095391720e-05,9.969160752e-05,9.997808860e-05,9.928977237e-05,8.646146586e-05,8.900945562e-05,4.674752228e-05
AFz,2.237666483e-06,4.756953850e-06,6.604414023e-08,-6.190915807e-06,-9.062569301e-06,-6.667073148e-06,-3.399596298e-06,-2.832240063e-06,-3.599934050e-06,-1.104040701e-06,5.545219203e-06,1.132848405e-05,1.063031690e-05,3.987213640e-06,-2.125981347e-06,-2.383802057e-06,1.756099854e-06,4.237454667e-06,1.357532691e-06,-4.749151061e-06,-9.436040028e-06,-1.078420974e-05,-1.045911881e-05,-1.018674928e-05,-9.226060870e-06,-6.092690111e-06,-1.659210831e-06,1.048400094e-06,4.087529457e-07,-1.536445317e-06,-1.308217073e-06,1.810431573e-06,4.700447230e-06,3.791764410e-06,-1.099285332e-06,-6.855535201e-06,-1.063618671e-05,-1.254988202e-05,-1.451886565e-05,-1.715990137e-05,-1.864420878e-05,-1.678599977e-05,-1.167921612e-05,-5.762533302e-06,-1.417671452e-06,1.017817012e-06,2.761003235e-06,4.625486426e-06,6.114450606e-06,6.461994472e-06,5.990649147e-06,5.850873110e-06,6.377845070e-06,6.202989706e-06,3.526512938e-06,-1.610979415e-06,-6.634058339e-06,-8.395706292e-06,-6.019476283e-06,-1.748621857e-06,1.131014210e-06,1.246982772e-06,5.388236824e-08,-9.348578875e-08,1.380156982e-06,2.610919098e-06,1.290356589e-06,-2.752826794e-06,-7.019541985e-06,-8.456160911e-06,-6.241375869e-06,-2.587607681e-06,-7.217215891e-07,-1.843865275e-06,-3.906287566e-06,-3.485477711e-06,8.758162839e-07,7.031504569e-06,1.100795100e-05,1.056582044e-05,7.015010499e-06,3.469831919e-06,1.529376050e-06,1.090240122e-07,-2.356384803e-06,-5.218126048e-06,-6.080879128e-06,-4.222869499e-06,-2.672485697e-06,-5.622927145e-06,-1.339227745e-05,-2.078054432e-05,-2.152353040e-05,-1.461046115e-05,-5.582400781e-06,-1.122029845e-06,-2.666085081e-06,-5.844755938e-06,-5.935690505e-06,-2.914886461e-06,-6.627531275e-07,-1.961091621e-06,-5.508843269e-06,-8.116591757e-06,-8.774469351e-06,-9.431185477e-06,-1.190094212e-05,-1.517547112e-05,-1.655881184e-05,-1.499227935e-05,-1.233452741e-05,-1.121539194e-05,-1.234871470e-05,-1.442291419e-05,-1.609222380e-05,-1.718399526e-05,-1.792286194e-05,-1.793392107e-05,-1.679925918e-05,-1.524277972e-05,-1.475353786e-05,-1.565094397e-05,-1.619458655e-05,-1.442394269e-05,-1.084070655e-05,-8.545782098e-06,-1.028931618e-05,-1.565850151e-05,-2.152196359e-05,-2.499913125e-05,-2.549871865e-05,-2.400843148e-05,-2.134974722e-05,-1.787107533e-05,-1.442516365e-05,-1.244878577e-05,-1.245825335e-05,-1.305955968e-05,-1.241128577e-05,-1.077366681e-05,-1.076922561e-05,-1.440488791e-05,-2.008746486e-05,-2.342351978e-05,-2.142888073e-05,-1.571763253e-05,-1.119731279e-05,-1.166314432e-05,-1.677259652e-05,-2.294313849e-05,-2.650116693e-05,-2.583890237e-05,-2.145976627e-05,-1.521456917e-05,-9.834146582e-06,-8.210207198e-06,-1.173405114e-05,-1.875442066e-05,-2.514765833e-05,-2.724695192e-05,-2.472001017e-05,-2.068009043e-05,-1.892496753e-05,-2.088316297e-05,-2.482880214e-05,-2.759947017e-05,-2.704153697e-05,-2.334849531e-05,-1.868845938e-05,-1.563426455e-05,-1.544946327e-05,-1.740087120e-05,-1.971715811e-05,-2.145523277e-05,-2.342310508e-05,-2.699208309e-05,-3.193930028e-05,-3.589592110e-05,-3.645077046e-05,-3.381173391e-05,-3.089443989e-05,-3.041006480e-05,-3.204513455e-05,-3.291547958e-05,-3.080784804e-05,-2.655749389e-05,-2.301895413e-05,-2.207765466e-05,-2.319800741e-05,-2.479870346e-05,-2.627349674e-05,-2.806168855e-05,-3.005693617e-05,-3.088980973e-05,-2.933109246e-05,-2.607774409e-05,-2.349050560e-05,-2.335889191e-05,-2.521155343e-05,-2.701321988e-05,-2.726483816e-05,-2.612315328e-05,-2.464335926e-05,-2.340607746e-05,-2.197343929e-05,-1.915672659e-05,-1.334389892e-05,-2.911222927e-06,1.273477601e-05,3.198337144e-05,5.134235781e-05,6.793844150e-05,8.100368304e-05,9.409621619e-05,1.058412825e-04,1.188406106e-04,1.218342069e-04,1.249645675e-04,1.119595730e-04,1.182957668e-04,6.277401219e-05
F1,3.568465519e-06,5.621651916e-06,-3.455657739e-07,-5.853959887e-06,-7.740313727e-06,-4.949426370e-06,-2.632530477e-06,-3.281446647e-06,-4.453863343e-06,-1.265973201e-06,6.196233074e-06,1.203802063e-05,1.082720357e-05,3.914995968e-06,-2.112355288e-06,-2.814838783e-06,-1.478044611e-07,1.010140187e-06,-1.074433777e-06,-3.987510200e-06,-5.559097506e-06,-6.926302245e-06,-1.000762604e-05,-1.330836066e-05,-1.255250869e-05,-6.051717861e-06,2.135293818e-06,5.914107058e-06,3.675554185e-06,-2.784566576e-07,-1.130784439e-06,9.013640215e-07,1.515611763e-06,-1.830485181e-06,-6.719438776e-06,-9.056580266e-06,-8.364803658e-06,-8.281579680e-06,-1.173280907e-05,-1.693276866e-05,-1.913759373e-05,-1.589092229e-05,-9.472226213e-06,-4.023682310e-06,-1.225960336e-06,4.644505048e-07,2.868155800e-06,5.618889877e-06,7.059037700e-06,6.765351643e-06,6.139621302e-06,6.385587813e-06,6.678615157e-06,4.994069187e-06,6.240862935e-07,-4.647203194e-06,-8.064885029e-06,-8.360312550e-06,-6.543682556e-06,-4.499821568e-06,-3.145695309e-06,-1.993382752e-06,-2.096473441e-07,2.163548197e-06,4.016149584e-06,4.064015198e-06,1.992963005e-06,-1.088830462e-06,-3.303703602e-06,-3.357027769e-06,-1.537771702e-06,5.795393843e-07,1.612941128e-06,1.698327690e-06,2.289995385e-06,4.521632580e-06,7.795966153e-06,1.017327413e-05,1.024456779e-05,8.480989716e-06,6.539593288e-06,5.300870939e-06,3.957634198e-06,1.349721378e-06,-1.974636307e-06,-3.667997133e-06,-2.113052284e-06,1.035632767e-06,1.574772405e-06,-3.213960513e-06,-1.112750786e-05,-1.621878507e-05,-1.409447489e-05,-6.222943133e-06,1.332747521e-06,3.724841891e-06,1.756874813e-06,3.586296066e-07,2.876900058e-06,7.429581448e-06,9.172936259e-06,5.737090967e-06,-2.740091394e-07,-4.261285736e-06,-4.429055220e-06,-3.036530366e-06,-3.179676776e-06,-5.267459725e-06,-7.195991321e-06,-7.451131149e-06,-7.018572856e-06,-7.876164661e-06,-1.024328496e-05,-1.212110690e-05,-1.160845545e-05,-9.088985295e-06,-6.777047389e-06,-6.405601417e-06,-7.783872071e-06,-9.470786605e-06,-1.024935220e-05,-9.686992261e-06,-7.790658601e-06,-4.886372855e-06,-1.990068373e-06,-7.283918237e-07,-2.301704489e-06,-6.440135736e-06,-1.156311589e-05,-1.591978324e-05,-1.838404672e-05,-1.835061967e-05,-1.560665281e-05,-1.089055721e-05,-6.264320448e-06,-3.972039574e-06,-4.359230850e-06,-5.316339029e-06,-4.545484815e-06,-2.495110878e-06,-2.359614325e-06,-6.533665377e-06,-1.324949535e-05,-1.747718064e-05,-1.563190966e-05,-9.248022144e-06,-3.703047230e-06,-3.329285649e-06,-7.865569923e-06,-1.334972802e-05,-1.579994419e-05,-1.384817980e-05,-8.644783651e-06,-2.467903782e-06,2.164439662e-06,2.968962440e-06,-1.062195235e-06,-8.436852174e-06,-1.544875889e-05,-1.857785324e-05,-1.714271113e-05,-1.365433963e-05,-1.149569693e-05,-1.216631676e-05,-1.450377083e-05,-1.611950109e-05,-1.536486980e-05,-1.225632027e-05,-8.145157219e-06,-4.785031765e-06,-3.398618503e-06,-4.135530978e-06,-6.252448706e-06,-8.953555720e-06,-1.210968014e-05,-1.600074891e-05,-2.031498591e-05,-2.373288950e-05,-2.491467030e-05,-2.392213079e-05,-2.229654834e-05,-2.148109858e-05,-2.136075547e-05,-2.066990766e-05,-1.873784711e-05,-1.636629048e-05,-1.478761638e-05,-1.417406718e-05,-1.371851347e-05,-1.310770089e-05,-1.322372407e-05,-1.489489951e-05,-1.726630249e-05,-1.814958471e-05,-1.628390312e-05,-1.287507682e-05,-1.049809971e-05,-1.063039801e-05,-1.264722926e-05,-1.511582748e-05,-1.736846465e-05,-1.936926376e-05,-2.054430444e-05,-1.970495082e-05,-1.641749261e-05,-1.176565414e-05,-7.039578330e-06,-1.884036536e-06,5.406890799e-06,1.546581824e-05,2.646217470e-05,3.603821648e-05,4.384587246e-05,5.316479654e-05,6.383260351e-05,7.574447955e-05,7.953943964e-05,7.967628743e-05,6.843669444e-05,6.908271878e-05,3.612383010e-05
FC5,5.375204005e-07,2.624540543e-06,7.079725289e-07,-3.823582015e-06,-5.756102458e-06,-2.951096346e-06,1.101147641e-06,1.891160397e-06,-2.787512785e-07,-1.076633783e-06,1.689531912e-06,4.806672091e-06,3.836378726e-06,-7.850288634e-07,-3.846940400e-06,-1.744971014e-06,2.994948941e-06,4.761305339e-06,1.461901373e-06,-3.603947151e-06,-6.425628401e-06,-6.935671995e-06,-7.734600957e-06,-9.348204836e-06,-9.056618371e-06,-5.078427494e-06,-1.518613768e-07,9.745172015e-07,-2.590286659e-06,-6.331671085e-06,-5.557039098e-06,-1.071345559e-06,1.865762847e-06,3.959958167e-08,-3.950056586e-06,-5.338661007e-06,-3.506452263e-06,-2.845328454e-06,-7.042568815e-06,-1.397820030e-05,-1.764552003e-05,-1.476358713e-05,-8.120295257e-06,-2.958804178e-06,-1.199151151e-06,-3.909586234e-07,2.065326475e-06,5.297042727e-06,6.398403989e-06,4.576331749e-06,2.341531171e-06,2.225006361e-06,3.393509508e-06,2.621735790e-06,-1.529000096e-06,-6.521474638e-06,-8.363444456e-06,-5.849944020e-06,-1.644364920e-06,7.584304334e-07,4.655422318e-07,-6.630129410e-07,-6.736860897e-07,4.337042171e-07,1.281663214e-06,9.433108627e-07,-3.792226365e-07,-2.177416979e-06,-4.325673721e-06,-6.615681230e-06,-8.092062823e-06,-7.537982251e-06,-4.759582106e-06,-9.907071412e-07,2.260043954e-06,4.552000076e-06,6.388787438e-06,7.906482315e-06,8.250034574e-06,6.567160792e-06,3.276880662e-06,-2.044561622e-07,-2.997695294e-06,-5.396367674e-06,-7.566360545e-06,-8.174760379e-06,-5.459789277e-06,-1.649249158e-07,3.440576567e-06,9.249521359e-07,-7.277958085e-06,-1.491662801e-05,-1.519137324e-05,-7.429125929e-06,1.976440596e-06,5.801968476e-06,3.019905866e-06,-8.358089595e-07,-1.607094519e-07,4.656109504e-06,8.133102138e-06,6.099820033e-06,1.595365115e-07,-4.515981430e-06,-4.977374061e-06,-3.118396294e-06,-2.673221356e-06,-4.745740830e-06,-7.122932188e-06,-7.538746735e-06,-6.465147407e-06,-6.210663893e-06,-7.941296185e-06,-1.044403587e-05,-1.179004118e-05,-1.144915604e-05,-1.038196983e-05,-9.577963446e-06,-9.211818123e-06,-9.133082110e-06,-9.346495662e-06,-9.512225300e-06,-8.488248704e-06,-5.305101272e-06,-8.758280824e-07,1.870793952e-06,2.937982532e-07,-5.346677261e-06,-1.179661918e-05,-1.541869743e-05,-1.488246311e-05,-1.157799900e-05,-8.032819820e-06,-6.209279518e-06,-6.695136233e-06,-8.461626546e-06,-9.106545193e-06,-6.304288228e-06,-2.761112101e-07,5.018617722e-06,4.282076159e-06,-4.280930063e-06,-1.627855621e-05,-2.399173892e-05,-2.269537930e-05,-1.449252822e-05,-6.055668744e-06,-2.812076022e-06,-5.250638089e-06,-1.004468154e-05,-1.356936452e-05,-1.399870842e-05,-1.114417148e-05,-5.945722493e-06,-6.778832933e-07,1.436071111e-06,-1.649320558e-06,-8.552050583e-06,-1.498483802e-05,-1.729278501e-05,-1.558871987e-05,-1.314516651e-05,-1.276941208e-05,-1.415229060e-05,-1.480032596e-05,-1.300412542e-05,-9.400547371e-06,-5.903058289e-06,-3.852297761e-06,-3.453787851e-06,-4.377881604e-06,-6.154900845e-06,-8.067619843e-06,-9.449085430e-06,-1.054977770e-05,-1.265732643e-05,-1.661098770e-05,-2.113939792e-05,-2.336287926e-05,-2.151811726e-05,-1.702270695e-05,-1.332751375e-05,-1.261384459e-05,-1.395079200e-05,-1.481388030e-05,-1.396021274e-05,-1.235382337e-05,-1.151405243e-05,-1.170391369e-05,-1.205000297e-05,-1.189226444e-05,-1.131852526e-05,-1.047337014e-05,-9.139496406e-06,-7.440919987e-06,-6.448064175e-06,-7.291723578e-06,-9.634368325e-06,-1.171572778e-05,-1.234542480e-05,-1.238477097e-05,-1.354504733e-05,-1.580785109e-05,-1.689724918e-05,-1.480752254e-05,-1.028554367e-05,-5.915320393e-06,-2.776428738e-06,9.862714396e-07,7.621936680e-06,1.645620661e-05,2.432641208e-05,2.921933620e-05,3.339873984e-05,3.908912608e-05,4.719005360e-05,5.112761253e-05,5.045404212e-05,4.102110091e-05,3.703643266e-05,1.832650770e-05
FC1,2.903963651e-06,5.236764410e-06,3.492642923e-07,-4.812784467e-06,-6.705724693e-06,-4.432669618e-06,-2.846121068e-06,-4.268229276e-06,-5.822454332e-06,-2.469305392e-06,5.489865788e-06,1.164874738e-05,1.030035938e-05,3.058819127e-06,-2.935576026e-06,-2.985171608e-06,6.135725175e-07,2.367351662e-06,2.750334427e-07,-2.917741764e-06,-4.501371990e-06,-5.475769879e-06,-8.181640592e-06,-1.163467816e-05,-1.159761066e-05,-5.956327405e-06,1.553593231e-06,4.645318969e-06,1.327509602e-06,-3.939583573e-06,-5.474755796e-06,-2.752359906e-06,-4.547397206e-07,-2.538428010e-06,-7.694372152e-06,-1.141270032e-05,-1.163483960e-05,-1.092995123e-05,-1.281251355e-05,-1.700120865e-05,-1.939540335e-05,-1.664439705e-05,-9.854003682e-06,-3.324711117e-06,-9.306843908e-08,6.366169300e-07,1.720464603e-06,4.486724791e-06,7.437837737e-06,8.303196224e-06,6.719866667e-06,4.471271431e-06,3.242235598e-06,2.632745888e-06,7.339923701e-07,-3.391469191e-06,-8.161489697e-06,-1.071651305e-05,-9.732589235e-06,-6.755838575e-06,-4.517415530e-06,-4.025425266e-06,-3.688429521e-06,-1.513335197e-06,2.125976765e-06,4.459832305e-06,3.283909184e-06,-3.755576342e-07,-3.034479601e-06,-2.274677508e-06,8.249068462e-07,3.016075424e-06,2.448728594e-06,5.532931905e-07,3.312034386e-07,3.106609227e-06,7.226908014e-06,9.801658663e-06,9.351312349e-06,6.687517734e-06,3.589642006e-06,1.067946031e-06,-1.017841000e-06,-2.967498269e-06,-4.264959620e-06,-3.832257320e-06,-1.384810341e-06,1.476646679e-06,1.874985168e-06,-1.983666486e-06,-8.578238409e-06,-1.343236591e-05,-1.252836452e-05,-6.014548950e-06,1.572960287e-06,5.323772264e-06,4.468861559e-06,2.711435054e-06,3.916053111e-06,7.777312330e-06,1.020633475e-05,7.919400448e-06,2.019438674e-06,-3.327587880e-06,-5.319000444e-06,-4.919196387e-06,-4.906632231e-06,-6.434229727e-06,-8.258177024e-06,-8.996845970e-06,-9.056969639e-06,-9.772559721e-06,-1.123052661e-05,-1.188675806e-05,-1.050797252e-05,-7.854375811e-06,-5.953257143e-06,-5.966596085e-06,-7.253995891e-06,-8.415071520e-06,-8.627120126e-06,-7.744754409e-06,-5.740623792e-06,-2.857646487e-06,-2.915675433e-07,8.756398663e-08,-2.689830200e-06,-7.554493156e-06,-1.224846928e-05,-1.523508441e-05,-1.637494379e-05,-1.585756522e-05,-1.337114796e-05,-9.025328170e-06,-4.604260129e-06,-2.632555859e-06,-3.596503476e-06,-4.851943530e-06,-3.428879232e-06,1.214878368e-08,1.101615908e-06,-3.483565763e-06,-1.152910215e-05,-1.658565971e-05,-1.424191518e-05,-6.691316263e-06,-6.149202291e-07,-7.609502054e-07,-6.016755494e-06,-1.143561280e-05,-1.307861896e-05,-1.044423551e-05,-5.221423737e-06,6.535125395e-07,5.224179004e-06,6.139376545e-06,1.838012603e-06,-6.345282982e-06,-1.412574641e-05,-1.737644041e-05,-1.557771694e-05,-1.195589380e-05,-1.020521566e-05,-1.131662246e-05,-1.348902839e-05,-1.443918672e-05,-1.325234812e-05,-1.034270688e-05,-6.571634701e-06,-2.892542780e-06,-3.767317333e-07,1.804368501e-07,-1.164453179e-06,-3.716610874e-06,-7.087358486e-06,-1.150800955e-05,-1.682190702e-05,-2.148911506e-05,-2.336273419e-05,-2.179381248e-05,-1.856633547e-05,-1.625363510e-05,-1.573939966e-05,-1.579107651e-05,-1.505117427e-05,-1.380398727e-05,-1.331670008e-05,-1.384708578e-05,-1.415494760e-05,-1.321956300e-05,-1.177254189e-05,-1.142736093e-05,-1.244788333e-05,-1.315432793e-05,-1.190895659e-05,-9.245776578e-06,-7.478086742e-06,-8.309218708e-06,-1.134731440e-05,-1.500762558e-05,-1.818603980e-05,-2.050783459e-05,-2.137897870e-05,-1.982633923e-05,-1.569273014e-05,-1.036403240e-05,-5.546699812e-06,-1.428775695e-06,3.239883837e-06,9.097600514e-06,1.502790217e-05,1.988119624e-05,2.454966107e-05,3.237126933e-05,4.316046051e-05,5.497985929e-05,5.943887975e-05,5.864651496e-05,4.882411685e-05,4.678418523e-05,2.368483354e-05
T7,2.291855192e-06,5.606060284e-06,1.658911981e-06,-2.210947296e-06,-1.251503334e-06,2.981147983e-06,3.296908149e-06,-2.570047060e-06,-9.041349715e-06,-9.080709259e-06,-3.187169821e-06,1.422798454e-06,-1.149839273e-08,-3.897364486e-06,-3.192943681e-06,3.335791773e-06,9.338519860e-06,8.579476204e-06,2.120484883e-06,-3.759467997e-06,-5.422193188e-06,-5.072214705e-06,-5.875306058e-06,-6.567306659e-06,-3.351831417e-06,3.576426907e-06,8.314685506e-06,5.586162787e-06,-2.559505490e-06,-8.447789655e-06,-7.219734892e-06,-1.859974902e-06,1.013374342e-06,-1.023882470e-06,-4.351827168e-06,-4.932034889e-06,-3.570408006e-06,-4.177075546e-06,-7.893635478e-06,-1.113077360e-05,-1.006003870e-05,-5.575401229e-06,-2.282791511e-06,-2.872881410e-06,-5.001771666e-06,-4.379661049e-06,1.900091673e-08,4.953806092e-06,6.856597183e-06,5.546998268e-06,3.502075677e-06,2.302307934e-06,9.724373051e-07,-2.056680469e-06,-6.269226530e-06,-9.061822370e-06,-8.244797298e-06,-4.102692575e-06,9.269925582e-07,4.144963519e-06,4.201602324e-06,1.632906875e-06,-1.484506244e-06,-2.673101206e-06,-8.514557754e-07,2.367078759e-06,3.524345679e-06,2.930654162e-07,-6.022512223e-06,-1.127352562e-05,-1.219141035e-05,-9.371155390e-06,-6.330265941e-06,-5.596957643e-06,-6.037065434e-06,-4.309020561e-06,1.161094773e-06,7.998078005e-06,1.181731691e-05,1.021813531e-05,4.733520938e-06,-1.017931511e-06,-4.743067033e-06,-6.847804542e-06,-8.688726288e-06,-1.011705562e-05,-9.379646407e-06,-5.593855331e-06,-8.282738901e-07,1.063515333e-06,-1.820757226e-06,-6.989614450e-06,-9.397698496e-06,-6.173558634e-06,4.528763931e-07,5.154999520e-06,4.535137330e-06,8.569111629e-08,-3.790119051e-06,-4.349549431e-06,-2.783988051e-06,-2.126253741e-06,-3.572868876e-06,-5.423786731e-06,-5.507592881e-06,-3.945462905e-06,-2.979693902e-06,-4.202323558e-06,-6.521794102e-06,-7.242146142e-06,-5.062934579e-06,-1.721467329e-06,-5.214403225e-07,-3.214666367e-06,-8.252496653e-06,-1.199891300e-05,-1.178125023e-05,-8.144452152e-06,-4.434713140e-06,-4.028344117e-06,-7.415849893e-06,-1.156306629e-05,-1.224764149e-05,-7.600526298e-06,9.357183571e-08,5.959433103e-06,6.225787347e-06,9.871945908e-07,-6.145428511e-06,-1.094384895e-05,-1.146304664e-05,-8.796050511e-06,-5.580579315e-06,-3.806548179e-06,-3.581564085e-06,-3.480877686e-06,-1.991684254e-06,1.039306549e-06,4.008138057e-06,4.581896212e-06,1.462624173e-06,-4.483275784e-06,-1.066814603e-05,-1.442360764e-05,-1.451767869e-05,-1.154492919e-05,-7.274738509e-06,-3.690736216e-06,-2.185928243e-06,-2.972978408e-06,-4.883732020e-06,-5.964083124e-06,-4.828377711e-06,-1.846174216e-06,9.536007907e-07,1.340420261e-06,-1.468663862e-06,-6.249388743e-06,-1.056111276e-05,-1.222213039e-05,-1.065769858e-05,-7.468566177e-06,-5.603247713e-06,-7.066395327e-06,-1.061644353e-05,-1.196637285e-05,-7.424959384e-06,1.819381843e-06,9.443961159e-06,9.188268076e-06,9.793755369e-07,-8.516122070e-06,-1.214478697e-05,-9.115997507e-06,-5.174052252e-06,-5.972730159e-06,-1.106643079e-05,-1.507724851e-05,-1.422610605e-05,-1.038301367e-05,-8.177827508e-06,-9.204878664e-06,-1.054145172e-05,-9.021052147e-06,-5.468294954e-06,-3.486354555e-06,-4.626692093e-06,-6.406273426e-06,-5.767445373e-06,-3.349430825e-06,-2.818684114e-06,-5.961713867e-06,-9.899824816e-06,-1.025077292e-05,-6.496167789e-06,-2.886539222e-06,-3.675119324e-06,-8.413450878e-06,-1.278368266e-05,-1.356326571e-05,-1.158736358e-05,-9.650956177e-06,-8.756543686e-06,-7.610250702e-06,-5.383963205e-06,-3.375891078e-06,-3.100558713e-06,-3.626309852e-06,-2.240987189e-06,2.039986552e-06,6.788477077e-06,8.910501939e-06,8.432942218e-06,8.929249088e-06,1.244039895e-05,1.802032655e-05,2.063220525e-05,2.050190151e-05,1.703355413e-05,1.771658815e-05,9.486943243e-06
C3,3.938716578e-06,5.021895112e-06,-2.027823094e-06,-6.230610496e-06,-5.375811895e-06,-7.942377326e-07,4.891528649e-07,-2.971247749e-06,-6.420224099e-06,-4.022650273e-06,2.890505424e-06,7.266094935e-06,4.677240394e-06,-1.283857579e-06,-3.501191269e-06,9.188267403e-08,4.544106773e-06,4.557187874e-06,9.395734766e-07,-1.243118985e-06,1.287229284e-07,1.420002246e-06,-1.505990365e-06,-7.050299343e-06,-9.123303429e-06,-4.657980091e-06,2.048179528e-06,3.843850872e-06,-1.168421986e-06,-7.616338859e-06,-9.200741008e-06,-5.725532482e-06,-2.687532572e-06,-4.409560852e-06,-9.118395509e-06,-1.153926906e-05,-9.492268843e-06,-6.528513170e-06,-7.615490671e-06,-1.299491179e-05,-1.729713727e-05,-1.500898504e-05,-6.403491321e-06,2.421274484e-06,5.468921042e-06,2.598748162e-06,-7.829451428e-07,3.506001403e-07,5.377964291e-06,8.960573634e-06,7.075664190e-06,1.512957533e-06,-2.166595414e-06,-9.461253841e-07,2.217026888e-06,1.829997372e-06,-3.724676738e-06,-1.020497072e-05,-1.222474554e-05,-9.102615664e-06,-5.054513561e-06,-3.835173660e-06,-4.548444327e-06,-3.612002666e-06,-4.126871033e-08,2.877869213e-06,1.730854710e-06,-2.373881722e-06,-4.701154544e-06,-2.439348611e-06,1.859287288e-06,3.177497598e-06,-1.894595562e-07,-4.751058045e-06,-5.751320639e-06,-2.099965739e-06,3.073283867e-06,6.065551119e-06,5.831646451e-06,3.713139125e-06,1.141690774e-06,-1.525694538e-06,-4.280616456e-06,-6.574061258e-06,-7.524884324e-06,-6.637157083e-06,-4.113620196e-06,-9.074909635e-07,1.209383793e-06,2.663646569e-07,-4.090728718e-06,-9.140406840e-06,-1.046622187e-05,-5.949269245e-06,1.611773040e-06,6.770979413e-06,6.790345398e-06,4.210358401e-06,3.544009237e-06,5.877127169e-06,7.758844047e-06,5.590139161e-06,4.090153547e-08,-4.812285869e-06,-6.247231276e-06,-5.534541338e-06,-5.561001806e-06,-7.031666926e-06,-8.194390890e-06,-7.870833534e-06,-7.210434700e-06,-7.786464796e-06,-9.036511645e-06,-8.945810053e-06,-7.109772395e-06,-5.711041919e-06,-6.747860932e-06,-9.222374335e-06,-1.030983706e-05,-9.077127624e-06,-7.605352762e-06,-7.799424596e-06,-8.282209119e-06,-6.030320252e-06,-1.019219647e-06,2.400568742e-06,-1.066769837e-07,-7.737351926e-06,-1.505343238e-05,-1.759239882e-05,-1.580224757e-05,-1.297297203e-05,-1.061820434e-05,-7.541425066e-06,-3.192383409e-06,1.690810471e-07,9.603346654e-08,-2.233583717e-06,-2.918122959e-06,-5.883549094e-07,8.926322475e-07,-3.281443230e-06,-1.218070309e-05,-1.858613465e-05,-1.620386712e-05,-6.738122790e-06,1.394817387e-06,1.405590025e-06,-5.628852911e-06,-1.282425510e-05,-1.451855381e-05,-1.041684923e-05,-3.826260332e-06,2.086938013e-06,5.506946781e-06,5.065167970e-06,5.255115977e-08,-7.824613643e-06,-1.426277953e-05,-1.550504264e-05,-1.193160951e-05,-7.845293114e-06,-7.334642384e-06,-1.060235688e-05,-1.441736800e-05,-1.556673619e-05,-1.335744270e-05,-9.223889770e-06,-4.979224155e-06,-1.851849676e-06,-4.590835358e-07,-7.749358374e-07,-2.121584885e-06,-3.885797122e-06,-6.460923973e-06,-1.084415091e-05,-1.676911106e-05,-2.170761110e-05,-2.269812904e-05,-1.942290098e-05,-1.478596691e-05,-1.191376574e-05,-1.105195583e-05,-1.020740500e-05,-8.619361702e-06,-8.296445335e-06,-1.127043790e-05,-1.604694957e-05,-1.825657129e-05,-1.532061672e-05,-9.572009092e-06,-5.838253867e-06,-6.263202143e-06,-8.526829913e-06,-9.285179328e-06,-8.235783641e-06,-7.889187647e-06,-9.951170116e-06,-1.332608385e-05,-1.600975576e-05,-1.770352226e-05,-1.937722541e-05,-2.074885986e-05,-1.979626407e-05,-1.541302260e-05,-9.462886869e-06,-4.904099584e-06,-2.142024808e-06,1.334383234e-06,7.184287288e-06,1.339433053e-05,1.678077889e-05,1.769636551e-05,2.136113074e-05,3.040815924e-05,4.283050575e-05,4.862447052e-05,4.695166899e-05,3.640821921e-05,3.379302236e-05,1.784811944e-05
Cz,8.206021779e-07,4.809160661e-06,6.427212149e-06,6.106632005e-06,5.744228777e-06,4.829462871e-06,1.268049549e-06,-4.363287041e-06,-7.433042298e-06,-3.955016996e-06,3.885585519e-06,8.808023929e-06,5.977840832e-06,-1.621064953e-06,-6.562676738e-06,-5.319682661e-06,-1.708883891e-06,-1.561358686e-06,-5.403576540e-06,-8.082045957e-06,-5.425733885e-06,5.732505260e-07,4.356788354e-06,3.595016640e-06,1.609348881e-06,2.684497542e-06,6.451251436e-06,8.339738128e-06,5.254445496e-06,-7.382028627e-07,-5.055583167e-06,-5.952261072e-06,-5.994553664e-06,-8.344164917e-06,-1.291429956e-05,-1.701233750e-05,-1.898719750e-05,-1.977895080e-05,-2.052719713e-05,-1.988960819e-05,-1.517353885e-05,-6.244289363e-06,2.852584618e-06,7.230710097e-06,6.097378349e-06,3.630609965e-06,4.542107185e-06,9.100925234e-06,1.305359362e-05,1.242025745e-05,7.779233943e-06,3.361930046e-06,2.127079015e-06,2.397244259e-06,-1.698521372e-07,-7.397879752e-06,-1.584299025e-05,-1.954808893e-05,-1.557165297e-05,-6.723177798e-06,1.110828323e-06,4.184382283e-06,3.510333769e-06,2.741162722e-06,4.015422856e-06,6.118334583e-06,6.425014402e-06,4.110084392e-06,1.151816222e-06,3.095912529e-07,2.361838903e-06,5.352557764e-06,6.387805279e-06,4.170519364e-06,9.011968258e-08,-2.849120313e-06,-2.259189286e-06,1.928811310e-06,7.436773752e-06,1.121493332e-05,1.143236280e-05,8.445491991e-06,4.188975780e-06,7.323945702e-07,-7.620023647e-07,-2.083956473e-07,1.605599316e-06,3.142058266e-06,2.551423544e-06,-1.078969356e-06,-6.413882070e-06,-1.021113692e-05,-9.821503261e-06,-5.735504375e-06,-1.258312629e-06,8.729920683e-07,1.458316551e-06,3.816459771e-06,9.483363462e-06,1.538179230e-05,1.608116132e-05,9.214366135e-06,-1.677832273e-06,-1.010289067e-05,-1.241571540e-05,-1.052276812e-05,-9.040948216e-06,-1.036293191e-05,-1.287203803e-05,-1.364555166e-05,-1.213890674e-05,-1.077616569e-05,-1.211512415e-05,-1.582098593e-05,-1.854980549e-05,-1.677355083e-05,-9.943058613e-06,-1.307858830e-06,4.290910774e-06,4.022073343e-06,-7.109138392e-07,-5.366885964e-06,-6.068496184e-06,-2.961571545e-06,1.126533802e-08,-1.111974564e-06,-6.586868618e-06,-1.297356358e-05,-1.670220957e-05,-1.727005627e-05,-1.679354069e-05,-1.691737455e-05,-1.693022357e-05,-1.506384756e-05,-1.090912598e-05,-5.795232373e-06,-1.018737005e-06,3.271269153e-06,6.890085116e-06,8.114829141e-06,4.762992146e-06,-2.681000819e-06,-9.846758587e-06,-1.163086484e-05,-7.028565856e-06,-4.063660447e-07,2.461295666e-06,-4.735572154e-07,-6.442230398e-06,-1.131963672e-05,-1.327394659e-05,-1.283566227e-05,-1.044694531e-05,-5.421197006e-06,2.188100909e-06,9.574345740e-06,1.234143601e-05,8.304004494e-06,-7.379296150e-08,-7.449616425e-06,-1.002539123e-05,-8.389082672e-06,-6.308747334e-06,-6.970211326e-06,-1.021337262e-05,-1.295415115e-05,-1.206355330e-05,-7.163882902e-06,-1.135198871e-06,2.040424590e-06,4.342198465e-07,-4.239867910e-06,-8.067791134e-06,-8.303932560e-06,-5.692653856e-06,-3.600361369e-06,-4.829036942e-06,-9.191163221e-06,-1.399501724e-05,-1.658091252e-05,-1.626109970e-05,-1.416113814e-05,-1.181507568e-05,-1.017903396e-05,-9.567371057e-06,-9.869160209e-06,-1.066482802e-05,-1.157425627e-05,-1.284528270e-05,-1.529377416e-05,-1.904533327e-05,-2.225335737e-05,-2.177993822e-05,-1.599696488e-05,-7.084614099e-06,-3.869788143e-08,1.154499688e-06,-3.442162863e-06,-1.035246430e-05,-1.599082204e-05,-1.905316576e-05,-2.000569421e-05,-1.920111934e-05,-1.627659703e-05,-1.124348363e-05,-5.352052035e-06,-3.652748167e-07,2.814310307e-06,4.497208382e-06,5.537192793e-06,7.009396264e-06,1.061658996e-05,1.807691238e-05,2.996464683e-05,4.220775897e-05,5.076881727e-05,5.012452694e-05,4.556740636e-05,3.670806775e-05,3.626267236e-05,1.872228014e-05
CP5,3.229688693e-06,7.991576966e-06,4.046518042e-06,-1.014867928e-06,-1.935458817e-06,1.454060760e-06,2.275926568e-06,-2.520509279e-06,-8.490727696e-06,-8.824935830e-06,-3.590687049e-06,4.555315463e-07,-1.264510850e-06,-5.036840335e-06,-3.759214600e-06,3.470328488e-06,9.625739042e-06,8.236880469e-06,1.223404497e-06,-3.802022299e-06,-2.970485911e-06,-1.183201537e-07,-6.256149325e-07,-3.775740034e-06,-3.885448392e-06,1.395616424e-06,6.795806222e-06,5.171755604e-06,-3.684031313e-06,-1.222282589e-05,-1.342617814e-05,-8.204280375e-06,-3.395105510e-06,-3.496152858e-06,-6.307405391e-06,-6.995895242e-06,-4.646819333e-06,-3.098868711e-06,-5.648190190e-06,-1.064207133e-05,-1.325369772e-05,-1.091452557e-05,-5.869335324e-06,-2.278594737e-06,-1.667698862e-06,-1.823026122e-06,1.657647467e-07,4.455136828e-06,8.181845330e-06,8.294150040e-06,4.423700411e-06,-9.012286910e-07,-4.669037882e-06,-5.987217358e-06,-6.387167222e-06,-7.630214374e-06,-9.403749458e-06,-9.546988465e-06,-6.727180190e-06,-2.510141377e-06,-1.103909947e-07,-9.059654210e-07,-2.765937203e-06,-2.461722106e-06,4.218675800e-07,2.751381207e-06,1.374487157e-06,-3.161601681e-06,-7.130956789e-06,-7.751867947e-06,-5.993472261e-06,-4.901137457e-06,-5.770362553e-06,-6.844207338e-06,-5.741808764e-06,-2.274808420e-06,1.643209861e-06,4.259665758e-06,5.255148265e-06,4.869970879e-06,2.846285508e-06,-1.024426183e-06,-5.754850258e-06,-9.471626374e-06,-1.100445867e-05,-1.055705241e-05,-8.638297423e-06,-5.199819932e-06,-6.882849562e-07,2.565205762e-06,1.607055967e-06,-3.576859688e-06,-8.576634773e-06,-8.158786104e-06,-1.822118970e-06,5.114239109e-06,6.777993221e-06,2.750938491e-06,-1.981545948e-06,-2.937057903e-06,-8.815222875e-07,-9.002123335e-08,-2.773649349e-06,-6.635159109e-06,-8.128362951e-06,-6.853789305e-06,-5.596151098e-06,-6.424168570e-06,-8.109269644e-06,-7.948711472e-06,-5.318073584e-06,-2.457497022e-06,-1.905994452e-06,-4.018384275e-06,-7.192987254e-06,-9.703356882e-06,-1.066503317e-05,-9.819117735e-06,-7.587214459e-06,-5.576397727e-06,-5.892998108e-06,-8.830860368e-06,-1.150671445e-05,-1.006577257e-05,-3.974546857e-06,2.404107186e-06,3.416657083e-06,-2.487333137e-06,-1.127297282e-05,-1.716584638e-05,-1.748918634e-05,-1.370729682e-05,-8.750316917e-06,-4.467262183e-06,-1.534204889e-06,-3.280991678e-07,-6.548808824e-07,-1.060807596e-06,1.005736382e-07,2.254489337e-06,2.164508381e-06,-2.815245572e-06,-1.092725276e-05,-1.647971713e-05,-1.499306700e-05,-7.756876240e-06,-7.156518417e-07,1.203532696e-06,-1.726709765e-06,-5.364775003e-06,-6.297649528e-06,-4.457003200e-06,-1.747172462e-06,5.110370479e-07,2.026000397e-06,2.206436585e-06,-1.282374897e-07,-5.019299785e-06,-9.983833832e-06,-1.150968015e-05,-8.523040436e-06,-4.104294989e-06,-3.092283158e-06,-7.444541063e-06,-1.380589142e-05,-1.594942551e-05,-1.027104600e-05,5.042839589e-07,9.003806139e-06,9.233433776e-06,1.774821273e-06,-6.740785157e-06,-9.721874978e-06,-6.630732139e-06,-2.997003888e-06,-4.374889305e-06,-1.052474190e-05,-1.595250777e-05,-1.602737882e-05,-1.175221426e-05,-7.981777183e-06,-7.579337494e-06,-8.586296579e-06,-7.493654835e-06,-4.129278097e-06,-1.909748256e-06,-3.334039820e-06,-6.706083862e-06,-8.346834374e-06,-7.314071724e-06,-6.384619286e-06,-8.041678469e-06,-1.087569139e-05,-1.131737729e-05,-8.523674342e-06,-5.907439629e-06,-7.083874493e-06,-1.137986105e-05,-1.475017173e-05,-1.492711044e-05,-1.405820847e-05,-1.537513287e-05,-1.834929160e-05,-1.888424545e-05,-1.449881008e-05,-7.777717091e-06,-3.458308519e-06,-2.772862207e-06,-2.279998350e-06,1.387834260e-06,7.101706891e-06,1.088487403e-05,1.116048607e-05,1.116463024e-05,1.376845890e-05,1.879133463e-05,2.074803050e-05,1.981191417e-05,1.570877386e-05,1.764931813e-05,1.038033076e-05
CP1,5.393511141e-06,9.039397085e-06,3.478023054e-06,-1.733542682e-07,-7.655085725e-07,1.559434711e-06,8.056589755e-07,-3.766559559e-06,-7.926816532e-06,-6.568563755e-06,-1.330699346e-06,1.204702706e-06,-2.553433550e-06,-8.284900236e-06,-8.583668285e-06,-1.757680941e-06,6.125023211e-06,8.310304486e-06,4.766297385e-06,1.158789936e-06,1.395177052e-06,3.400400238e-06,2.979387869e-06,6.493635253e-08,-1.040486543e-06,2.348358682e-06,7.022050323e-06,7.011965351e-06,4.076589190e-07,-8.426789144e-06,-1.372458720e-05,-1.423775747e-05,-1.340681994e-05,-1.433392794e-05,-1.611921856e-05,-1.573480383e-05,-1.249499889e-05,-9.285459246e-06,-9.114929586e-06,-1.134924064e-05,-1.220493027e-05,-8.906443451e-06,-2.725162569e-06,2.423463081e-06,4.104861729e-06,3.642388852e-06,4.193880726e-06,6.876373531e-06,9.236788448e-06,7.843546877e-06,2.320610940e-06,-3.600572493e-06,-5.504626543e-06,-2.871930307e-06,1.170093817e-07,-1.214088196e-06,-7.033125282e-06,-1.260750308e-05,-1.313640193e-05,-8.643837410e-06,-3.589645688e-06,-1.767533365e-06,-2.381863835e-06,-1.699367003e-06,1.930140211e-06,5.784667597e-06,5.901362480e-06,1.802715072e-06,-2.773646582e-06,-3.835262064e-06,-1.061974596e-06,2.560628688e-06,4.366168821e-06,4.424720387e-06,4.470123819e-06,5.432764868e-06,6.706083701e-06,7.379713055e-06,7.229848361e-06,6.282490617e-06,4.185479398e-06,7.640176315e-07,-2.981145310e-06,-5.190477792e-06,-4.813669138e-06,-2.684016825e-06,-6.996368695e-07,-1.979866060e-07,-1.371741784e-06,-3.805855963e-06,-6.713233365e-06,-8.498516102e-06,-7.102169011e-06,-1.921114836e-06,4.614436675e-06,8.437943985e-06,7.599524476e-06,4.287616968e-06,2.342472256e-06,2.759475604e-06,2.490540498e-06,-1.810037549e-06,-9.474285462e-06,-1.618848462e-05,-1.866491226e-05,-1.800425774e-05,-1.780477832e-05,-1.954469700e-05,-2.095594168e-05,-1.917326180e-05,-1.454100549e-05,-1.040842357e-05,-9.385494498e-06,-1.067828415e-05,-1.139802712e-05,-9.852142438e-06,-6.976527264e-06,-4.897191972e-06,-4.880212560e-06,-6.751814271e-06,-9.478256099e-06,-1.168217276e-05,-1.209460804e-05,-1.055909010e-05,-8.869205217e-06,-9.783185833e-06,-1.433674446e-05,-2.022537048e-05,-2.356144948e-05,-2.249519802e-05,-1.868360523e-05,-1.497345949e-05,-1.224960809e-05,-9.293779023e-06,-5.441388160e-06,-2.126895118e-06,-1.066383063e-06,-1.648856610e-06,-1.474914912e-06,2.429985654e-07,9.666804960e-07,-2.360305966e-06,-9.050805766e-06,-1.444365315e-05,-1.456983434e-05,-1.044719876e-05,-6.889949253e-06,-7.186963239e-06,-9.832113885e-06,-1.080914212e-05,-8.253603103e-06,-3.926099744e-06,-3.938723437e-07,1.898773954e-06,3.993267267e-06,5.655191994e-06,4.751318413e-06,-1.253485684e-08,-6.498995057e-06,-1.040598180e-05,-9.489383303e-06,-6.121265956e-06,-5.206676321e-06,-9.451025027e-06,-1.663701868e-05,-2.138267118e-05,-1.958304340e-05,-1.165864650e-05,-2.164668660e-06,3.654560632e-06,3.615579217e-06,-1.948136329e-07,-3.666290938e-06,-4.466330712e-06,-3.967853605e-06,-5.417645913e-06,-1.014601191e-05,-1.580111744e-05,-1.856430350e-05,-1.695693591e-05,-1.308308322e-05,-1.014871838e-05,-9.348646662e-06,-9.605925793e-06,-9.856875667e-06,-1.052069218e-05,-1.231660534e-05,-1.445154182e-05,-1.508764066e-05,-1.369383214e-05,-1.198036277e-05,-1.179225165e-05,-1.254719280e-05,-1.179261247e-05,-8.536072843e-06,-5.167014316e-06,-5.260203575e-06,-9.705344502e-06,-1.581992364e-05,-2.042113545e-05,-2.291696024e-05,-2.467621275e-05,-2.591555910e-05,-2.454438350e-05,-1.867460040e-05,-9.522782587e-06,-8.081391121e-07,4.738601567e-06,7.505302238e-06,9.479053276e-06,1.155418389e-05,1.331974525e-05,1.490925508e-05,1.831540423e-05,2.393709618e-05,3.072749182e-05,3.339738408e-05,3.287426530e-05,2.742477276e-05,2.671099475e-05,1.345798973e-05
P7,2.903944900e-06,6.131823737e-06,2.750322727e-06,-8.436033656e-08,5.633913873e-07,3.555860658e-06,2.748910175e-06,-3.471967936e-06,-1.037156087e-05,-1.181121436e-05,-7.855514690e-06,-3.989386268e-06,-3.809600977e-06,-4.556145748e-06,-1.359907996e-06,5.599598574e-06,1.058365182e-05,9.175223368e-06,3.632986420e-06,-7.743262136e-08,5.010526926e-07,2.179750078e-06,1.367130211e-06,-7.346722577e-07,-2.826277877e-08,4.138557647e-06,6.910020514e-06,3.345051913e-06,-5.258535319e-06,-1.211913050e-05,-1.209736976e-05,-6.814217629e-06,-2.105615675e-06,-1.395741248e-06,-2.839776072e-06,-2.820367097e-06,-7.952103914e-07,3.267009464e-07,-1.885458977e-06,-6.242238275e-06,-9.110719495e-06,-8.191969376e-06,-4.619374225e-06,-1.435095428e-06,-3.906507308e-07,-3.608716661e-07,1.203536493e-06,5.232099151e-06,9.331359054e-06,9.380170227e-06,3.434819789e-06,-5.675081934e-06,-1.213482893e-05,-1.225799181e-05,-7.966258630e-06,-4.731636570e-06,-5.857027032e-06,-9.245341770e-06,-1.022370884e-05,-7.065563666e-06,-2.729692384e-06,-9.904691274e-07,-1.958540629e-06,-2.516673620e-06,-7.894761647e-07,1.358790809e-06,1.052044837e-06,-1.390458846e-06,-2.555346195e-06,-4.574041803e-07,2.397507939e-06,1.687981742e-06,-3.317516661e-06,-8.276649512e-06,-8.177098386e-06,-2.529183832e-06,4.447016831e-06,8.286374425e-06,7.968920425e-06,5.285345334e-06,1.911236371e-06,-1.781970370e-06,-5.474798277e-06,-7.898203656e-06,-7.798690916e-06,-5.356917304e-06,-1.958053745e-06,1.195200300e-06,3.540686139e-06,4.387004613e-06,2.842466950e-06,-6.910240503e-07,-3.583320157e-06,-2.883363806e-06,1.347879595e-06,5.401941248e-06,5.480184367e-06,1.703211681e-06,-2.193853575e-06,-3.223939133e-06,-2.327759685e-06,-2.605617885e-06,-5.043067948e-06,-7.230395941e-06,-6.622878024e-06,-4.048368062e-06,-2.903067251e-06,-4.998831095e-06,-8.234395400e-06,-8.930983181e-06,-5.985564803e-06,-2.028380233e-06,-5.602704026e-07,-2.540710391e-06,-5.918493213e-06,-7.920810555e-06,-7.363731461e-06,-5.158890735e-06,-3.362598110e-06,-3.793897334e-06,-6.736346669e-06,-1.028494926e-05,-1.130994055e-05,-8.040959963e-06,-2.174507466e-06,1.997971708e-06,1.173992841e-06,-4.090035554e-06,-1.016267864e-05,-1.374861321e-05,-1.417219628e-05,-1.256484047e-05,-9.850725088e-06,-6.344823633e-06,-2.886585224e-06,-1.024586142e-06,-1.328769478e-06,-2.155443277e-06,-1.219714448e-06,1.410742363e-06,2.796695763e-06,3.765120219e-07,-4.589735294e-06,-7.755621547e-06,-6.212098340e-06,-1.725449206e-06,1.114626985e-06,-2.238633340e-07,-3.776515329e-06,-5.562897242e-06,-3.847025593e-06,-4.538276641e-07,1.728702727e-06,1.669074866e-06,3.659856067e-07,-1.139138945e-06,-2.962374472e-06,-5.423282158e-06,-7.605157367e-06,-7.714738091e-06,-5.160582912e-06,-1.929205270e-06,-1.280982693e-06,-4.569370768e-06,-9.234715676e-06,-1.038454602e-05,-5.159812288e-06,3.929812886e-06,1.028752805e-05,8.741185959e-06,4.724422212e-07,-7.676596903e-06,-9.420719788e-06,-4.855311520e-06,9.900368461e-08,1.046533198e-07,-4.200708628e-06,-7.588495045e-06,-6.500736330e-06,-2.823274315e-06,-1.009444379e-06,-2.441231856e-06,-4.030342720e-06,-2.511534183e-06,1.273675637e-06,3.549276658e-06,2.481413195e-06,2.560375566e-07,-3.022449455e-07,1.163725979e-07,-1.839365671e-06,-7.248060042e-06,-1.251206088e-05,-1.309483580e-05,-8.995920736e-06,-5.012984285e-06,-5.284886358e-06,-8.847276919e-06,-1.157813385e-05,-1.171084485e-05,-1.166199987e-05,-1.397457533e-05,-1.702080739e-05,-1.644268241e-05,-1.069571941e-05,-3.499379655e-06,1.827059844e-07,-2.804770732e-07,-9.711653037e-07,1.351554004e-06,5.310544978e-06,7.079781287e-06,5.412347004e-06,3.333306015e-06,3.524413883e-06,5.856525462e-06,6.521532640e-06,6.072034007e-06,4.980916794e-06,9.007627522e-06,6.487712296e-06
P3,4.300117668e-06,8.370291634e-06,4.122414192e-06,3.223959511e-07,-7.681314879e-07,1.134441915e-06,6.166833330e-07,-3.907626185e-06,-8.989311044e-06,-9.357879219e-06,-5.093210527e-06,-1.407643630e-06,-2.264022738e-06,-5.381823777e-06,-5.176489743e-06,1.537050722e-07,6.315014904e-06,8.115401010e-06,5.457474234e-06,2.762189302e-06,3.084388849e-06,4.729564181e-06,4.412093815e-06,2.248334711e-06,1.677884613e-06,4.388440651e-06,7.129815300e-06,4.997055692e-06,-2.617072018e-06,-1.082762299e-05,-1.446767183e-05,-1.349383555e-05,-1.223538588e-05,-1.370361377e-05,-1.601439497e-05,-1.510830326e-05,-1.021300703e-05,-5.319757026e-06,-4.874141081e-06,-8.725574302e-06,-1.213313897e-05,-1.076279738e-05,-5.094923385e-06,4.413105960e-07,2.374594606e-06,1.676927404e-06,2.191151052e-06,5.935219703e-06,1.048078139e-05,1.126847759e-05,6.404064020e-06,-1.172249270e-06,-6.472663054e-06,-7.268187569e-06,-5.855999133e-06,-6.060180259e-06,-8.923745171e-06,-1.183624276e-05,-1.180627194e-05,-8.879326022e-06,-5.763720275e-06,-4.406204956e-06,-3.861769394e-06,-1.997354249e-06,1.315222718e-06,3.697838319e-06,3.144139728e-06,6.078627866e-07,-1.040512045e-06,-4.356214126e-07,7.420178043e-07,2.775343430e-09,-2.737672073e-06,-4.887415664e-06,-4.067831382e-06,-6.480312384e-07,2.843936273e-06,4.315886537e-06,3.593189295e-06,1.631915516e-06,-8.488318965e-07,-3.551649679e-06,-5.981324355e-06,-7.406824094e-06,-7.490271882e-06,-6.452778803e-06,-4.505981197e-06,-1.724742437e-06,1.059895240e-06,1.813436184e-06,-1.083077298e-06,-6.320339306e-06,-9.606616187e-06,-7.306257071e-06,-3.955516566e-07,5.909540382e-06,7.037499521e-06,3.343959422e-06,-8.894846766e-07,-2.433121684e-06,-2.286218088e-06,-3.688762115e-06,-7.817111814e-06,-1.241694636e-05,-1.461642693e-05,-1.408962863e-05,-1.282973504e-05,-1.237608816e-05,-1.227789888e-05,-1.142006554e-05,-9.956951078e-06,-9.148144943e-06,-9.541067122e-06,-1.013595803e-05,-9.624056340e-06,-7.951898854e-06,-6.254200386e-06,-5.560439142e-06,-6.101796471e-06,-7.734624207e-06,-1.024789395e-05,-1.284631800e-05,-1.394651214e-05,-1.244364074e-05,-9.365826571e-06,-7.574605921e-06,-9.196443460e-06,-1.346708121e-05,-1.751745179e-05,-1.916663047e-05,-1.842933452e-05,-1.631209385e-05,-1.306979911e-05,-8.521205551e-06,-3.733910764e-06,-1.062139952e-06,-1.686784933e-06,-3.699298062e-06,-3.810454429e-06,-1.260018456e-06,8.457757884e-07,-1.066316627e-06,-6.563430291e-06,-1.107592375e-05,-1.063516535e-05,-6.188194606e-06,-2.546560264e-06,-3.199882439e-06,-6.833564346e-06,-9.140905200e-06,-7.425949863e-06,-2.830344610e-06,1.599534836e-06,4.017552186e-06,4.542792011e-06,3.734452441e-06,1.524004671e-06,-1.948750741e-06,-5.184101375e-06,-6.051238300e-06,-4.067124817e-06,-1.567586282e-06,-1.956060529e-06,-6.350939872e-06,-1.191468769e-05,-1.381582270e-05,-9.406759192e-06,-9.559609898e-07,5.741217994e-06,6.013410636e-06,2.598146285e-07,-6.490555660e-06,-9.201413990e-06,-7.320955304e-06,-4.748185923e-06,-5.390227377e-06,-9.059836120e-06,-1.207260253e-05,-1.163528244e-05,-8.854497017e-06,-6.963745872e-06,-7.155938679e-06,-7.245626374e-06,-4.773947964e-06,-5.757724324e-07,1.748581360e-06,-1.553668703e-07,-4.863294655e-06,-9.103913317e-06,-1.146260825e-05,-1.314437199e-05,-1.521423389e-05,-1.643865751e-05,-1.487843110e-05,-1.109090229e-05,-8.385006447e-06,-9.398594682e-06,-1.326532243e-05,-1.700875536e-05,-1.925044335e-05,-2.123663225e-05,-2.385540469e-05,-2.493343752e-05,-2.102626651e-05,-1.192806914e-05,-2.058282866e-06,3.607918588e-06,4.505867541e-06,4.409814478e-06,6.516702000e-06,9.812587195e-06,1.105974283e-05,9.364192480e-06,7.874151476e-06,9.085248625e-06,1.301950059e-05,1.518922994e-05,1.602880827e-05,1.434621612e-05,1.729541307e-05,9.967906737e-06
Pz,6.126494119e-06,1.108170355e-05,5.608849759e-06,1.431710215e-06,-2.071949455e-07,1.427299050e-06,6.065527597e-07,-3.870803757e-06,-8.692104519e-06,-8.631873802e-06,-3.907111716e-06,1.771894233e-07,-7.355187394e-07,-4.945682946e-06,-6.961690398e-06,-3.998074248e-06,1.257642321e-06,4.446261560e-06,4.562608690e-06,4.037206163e-06,4.652703615e-06,5.291872975e-06,4.383883316e-06,3.135382167e-06,4.504618682e-06,8.848761510e-06,1.213010035e-05,9.696178119e-06,1.498539997e-06,-7.576770762e-06,-1.283733223e-05,-1.437001272e-05,-1.583799946e-05,-1.929799210e-05,-2.249051246e-05,-2.177465656e-05,-1.692723183e-05,-1.186163173e-05,-1.033429565e-05,-1.168401262e-05,-1.157052755e-05,-6.874079428e-06,7.691206592e-07,6.669821794e-06,8.026647552e-06,6.646867642e-06,6.581059862e-06,9.400165143e-06,1.232247419e-05,1.122656431e-05,5.261826483e-06,-1.965707779e-06,-5.955235609e-06,-5.794662927e-06,-4.740363203e-06,-6.349860103e-06,-1.050835630e-05,-1.371431356e-05,-1.311478016e-05,-9.568397119e-06,-6.307796829e-06,-5.025399941e-06,-4.164283279e-06,-1.371284482e-06,3.057203162e-06,6.080403033e-06,5.342486332e-06,1.959187900e-06,-7.025366321e-07,-7.493630969e-07,4.185276685e-07,1.467448862e-07,-2.210964828e-06,-4.586310539e-06,-4.516041984e-06,-1.585400738e-06,2.472823814e-06,5.473099035e-06,6.150268952e-06,4.364885130e-06,9.152929265e-07,-2.562497106e-06,-4.226953524e-06,-3.407011485e-06,-1.381461481e-06,-2.272650756e-07,-6.845395348e-07,-1.616844821e-06,-1.902027289e-06,-2.294735578e-06,-4.462745192e-06,-8.047837221e-06,-9.715634464e-06,-6.234637113e-06,1.497923236e-06,8.433353504e-06,1.000167778e-05,6.457457476e-06,2.064607320e-06,1.485792446e-07,-2.405661253e-07,-2.448986229e-06,-7.769055688e-06,-1.380220498e-05,-1.723487138e-05,-1.733363094e-05,-1.608947195e-05,-1.540191928e-05,-1.509018612e-05,-1.389360359e-05,-1.164283831e-05,-9.632372904e-06,-8.930435537e-06,-9.006523979e-06,-8.379013274e-06,-6.322930467e-06,-3.617553784e-06,-1.791632422e-06,-1.978261170e-06,-4.352375664e-06,-8.078105449e-06,-1.153032207e-05,-1.309055035e-05,-1.248730826e-05,-1.147077671e-05,-1.256910382e-05,-1.664363993e-05,-2.175193599e-05,-2.477648910e-05,-2.418729499e-05,-2.095621138e-05,-1.689029152e-05,-1.273961051e-05,-8.380188059e-06,-4.323934223e-06,-1.949136869e-06,-1.794807545e-06,-2.347388830e-06,-1.515226156e-06,6.266768893e-07,1.434013156e-06,-1.313259675e-06,-6.386035870e-06,-9.934465998e-06,-9.587140021e-06,-7.122070647e-06,-6.469108830e-06,-9.256441011e-06,-1.297818886e-05,-1.372858170e-05,-1.019814605e-05,-4.521679381e-06,4.181918322e-07,3.644937219e-06,5.812562359e-06,7.095275780e-06,6.425506650e-06,3.113896852e-06,-1.433491987e-06,-4.437761232e-06,-4.439973920e-06,-2.987139959e-06,-3.265676711e-06,-6.870326327e-06,-1.188018458e-05,-1.419898554e-05,-1.106597671e-05,-3.656392080e-06,3.558436467e-06,6.251902071e-06,3.579702832e-06,-1.497023400e-06,-5.148082288e-06,-6.054832745e-06,-5.996728486e-06,-7.293249049e-06,-1.006240789e-05,-1.232314695e-05,-1.258195705e-05,-1.160836625e-05,-1.119287129e-05,-1.154092886e-05,-1.078114147e-05,-7.433983781e-06,-2.817594793e-06,-2.272114244e-07,-1.657939854e-06,-5.923196019e-06,-1.029753975e-05,-1.344908878e-05,-1.602146185e-05,-1.851512436e-05,-1.972081123e-05,-1.810343956e-05,-1.437424562e-05,-1.162740854e-05,-1.244507747e-05,-1.635549932e-05,-2.066411508e-05,-2.341213921e-05,-2.465322323e-05,-2.475136329e-05,-2.255475832e-05,-1.644141254e-05,-7.104704835e-06,1.857937851e-06,6.978871689e-06,8.252357189e-06,8.729014001e-06,1.081022815e-05,1.370685919e-05,1.497320116e-05,1.374608684e-05,1.202591989e-05,1.138032171e-05,1.230605380e-05,1.226281360e-05,1.267800072e-05,1.211799035e-05,1.551082506e-05,8.880186940e-06
POz,3.939866649e-06,8.640358111e-06,5.820891650e-06,2.692513720e-06,1.248943286e-06,1.963830783e-06,4.749192792e-07,-4.308526276e-06,-9.263683179e-06,-9.766715969e-06,-5.746512038e-06,-1.619754433e-06,-1.183787427e-06,-3.424144852e-06,-4.340547692e-06,-1.989990338e-06,1.660811018e-06,3.828165868e-06,4.336281260e-06,4.979635765e-06,6.356128582e-06,7.004327058e-06,6.041939208e-06,5.252926158e-06,7.118913124e-06,1.098924789e-05,1.264230577e-05,8.497921504e-06,-3.001614926e-07,-8.916780584e-06,-1.384500322e-05,-1.598837564e-05,-1.836551858e-05,-2.158752188e-05,-2.280781928e-05,-1.939669441e-05,-1.276955381e-05,-7.605226024e-06,-7.145254580e-06,-9.800967900e-06,-1.080780957e-05,-7.124116169e-06,-4.106599897e-07,4.857986047e-06,5.987363190e-06,4.573312944e-06,4.443919398e-06,7.263987969e-06,1.042748466e-05,9.582216140e-06,3.342985009e-06,-4.729851496e-06,-9.222136927e-06,-8.067044636e-06,-4.446177483e-06,-3.312393219e-06,-6.248244981e-06,-1.019565232e-05,-1.121637525e-05,-8.779277402e-06,-5.714307070e-06,-4.329519002e-06,-3.731165779e-06,-1.598814053e-06,2.122087720e-06,4.589711689e-06,3.468517264e-06,2.815859529e-08,-2.156490042e-06,-1.439579282e-06,-1.843542861e-08,-1.097176792e-06,-4.752032546e-06,-7.509769579e-06,-6.071350122e-06,-7.574018793e-07,5.036894018e-06,8.191590502e-06,8.046104663e-06,5.704011650e-06,2.379147794e-06,-1.009907198e-06,-3.399901900e-06,-3.947509089e-06,-3.071002088e-06,-2.359721198e-06,-2.893014575e-06,-4.068123448e-06,-4.737490430e-06,-5.211760954e-06,-7.040174862e-06,-1.030535146e-05,-1.204438982e-05,-8.743531519e-06,-7.185732048e-07,6.976222595e-06,8.986651956e-06,4.894833826e-06,-6.853455703e-07,-3.319007572e-06,-3.280859217e-06,-4.369324253e-06,-8.823047042e-06,-1.455076998e-05,-1.770324664e-05,-1.710602491e-05,-1.521881438e-05,-1.489094864e-05,-1.615910364e-05,-1.673439871e-05,-1.504087575e-05,-1.189472581e-05,-9.152945470e-06,-7.476715868e-06,-5.985856496e-06,-3.839585536e-06,-1.541817801e-06,-5.343211060e-07,-1.827866144e-06,-5.179531448e-06,-9.297830844e-06,-1.257570884e-05,-1.391560553e-05,-1.344874500e-05,-1.265272502e-05,-1.334652898e-05,-1.608054253e-05,-1.948636250e-05,-2.146256592e-05,-2.102253576e-05,-1.877929925e-05,-1.571673898e-05,-1.206394496e-05,-7.798734510e-06,-3.846265708e-06,-1.821349596e-06,-2.141005349e-06,-2.976704476e-06,-1.972124857e-06,8.800629513e-07,2.800542667e-06,1.238566066e-06,-2.983097282e-06,-6.274345915e-06,-6.197833801e-06,-4.173992809e-06,-3.717701225e-06,-6.232000103e-06,-9.287528818e-06,-9.337763129e-06,-5.599169257e-06,-6.417419778e-07,2.682950996e-06,4.108256728e-06,5.362963731e-06,7.268747760e-06,8.353650680e-06,6.705372797e-06,2.698926058e-06,-8.716142983e-07,-1.646993760e-06,-3.751059604e-07,-2.737081586e-07,-3.513357026e-06,-8.445291505e-06,-1.065294196e-05,-7.134212160e-06,3.422013518e-07,6.159853415e-06,5.550156310e-06,-1.179707064e-06,-8.920659329e-06,-1.234765383e-05,-1.041653078e-05,-6.522122897e-06,-4.574562894e-06,-5.373786004e-06,-6.916158973e-06,-7.568891138e-06,-7.908139233e-06,-9.102864506e-06,-1.034831885e-05,-9.143110365e-06,-4.452328966e-06,1.222003298e-06,3.822095178e-06,1.723509751e-06,-2.962019658e-06,-7.230991964e-06,-1.050969099e-05,-1.433166745e-05,-1.909356062e-05,-2.248216801e-05,-2.196048395e-05,-1.822387321e-05,-1.499933513e-05,-1.512979640e-05,-1.770024143e-05,-1.968244359e-05,-1.978837155e-05,-1.945283688e-05,-1.980545815e-05,-1.898582589e-05,-1.388092075e-05,-4.475621290e-06,4.847971785e-06,9.294654766e-06,8.542211219e-06,6.753360179e-06,7.678265838e-06,1.061659231e-05,1.177153213e-05,8.845881596e-06,3.726955679e-06,-4.860994177e-07,-1.592681598e-06,-1.093960323e-06,1.649860269e-06,4.498635754e-06,1.047069341e-05,7.008798228e-06
O1,3.405099968e-06,7.568884787e-06,5.184782203e-06,2.701488803e-06,1.817233764e-06,2.444423654e-06,3.542227476e-07,-5.283192846e-06,-1.106040219e-05,-1.225813908e-05,-8.612382899e-06,-4.225158411e-06,-2.672535321e-06,-3.099647894e-06,-2.055298985e-06,1.717727050e-06,5.715956690e-06,6.974275993e-06,5.640391869e-06,4.325923852e-06,4.544814784e-06,5.154541238e-06,4.594090984e-06,3.438705152e-06,3.527168632e-06,4.832714360e-06,4.576224447e-06,2.711462021e-07,-6.878348240e-06,-1.260619944e-05,-1.380359430e-05,-1.150299870e-05,-9.274174200e-06,-9.101200487e-06,-9.578834773e-06,-8.271811155e-06,-5.167518203e-06,-3.082733045e-06,-4.583984495e-06,-8.943377782e-06,-1.252270546e-05,-1.220764159e-05,-8.316436877e-06,-4.027426847e-06,-1.991997435e-06,-1.693331156e-06,-3.822035312e-07,3.302356102e-06,6.952614650e-06,6.223270417e-06,-5.614729967e-07,-9.850750803e-06,-1.555441691e-05,-1.467333566e-05,-1.006786838e-05,-7.310565195e-06,-8.955115281e-06,-1.240435297e-05,-1.343623194e-05,-1.102816595e-05,-7.932557814e-06,-6.825850478e-06,-7.126674947e-06,-6.340953802e-06,-3.819873216e-06,-1.801104753e-06,-2.340945846e-06,-4.280894489e-06,-4.462870049e-06,-1.857159572e-06,7.054593251e-07,-3.177514086e-07,-4.794433879e-06,-8.614223206e-06,-7.922917189e-06,-3.032551186e-06,2.204531697e-06,4.347573860e-06,3.045553227e-06,1.261239512e-07,-2.842247281e-06,-5.466430424e-06,-7.658489469e-06,-8.948619339e-06,-8.945972820e-06,-7.865150094e-06,-6.150222323e-06,-3.986170620e-06,-1.774708492e-06,-8.267034067e-07,-2.568058075e-06,-6.516573223e-06,-9.690564518e-06,-9.092043745e-06,-5.024532779e-06,-1.248101070e-06,-1.269373612e-06,-4.769199291e-06,-8.284453854e-06,-9.282835058e-06,-8.736328441e-06,-9.280195307e-06,-1.154696658e-05,-1.336061134e-05,-1.265333975e-05,-1.023724757e-05,-8.905546264e-06,-1.008948445e-05,-1.228038359e-05,-1.300957864e-05,-1.173808465e-05,-1.016255171e-05,-9.903334729e-06,-1.062379732e-05,-1.068534744e-05,-9.185386048e-06,-6.909797690e-06,-5.485269019e-06,-6.046676019e-06,-8.627022345e-06,-1.218486759e-05,-1.488491508e-05,-1.490917876e-05,-1.188144965e-05,-7.717079717e-06,-5.480750657e-06,-6.815242187e-06,-1.051483682e-05,-1.390095845e-05,-1.545244825e-05,-1.564566849e-05,-1.529107758e-05,-1.392073204e-05,-1.060903887e-05,-6.098402468e-06,-2.971666498e-06,-3.007034912e-06,-4.829647000e-06,-5.135593246e-06,-2.452745776e-06,1.021698255e-06,1.909353642e-06,-3.862448577e-07,-2.999992299e-06,-3.035146076e-06,-9.513269507e-07,1.354284053e-07,-1.706758865e-06,-4.886221434e-06,-6.115835157e-06,-4.071278764e-06,-6.230581172e-07,1.454998013e-06,1.323662866e-06,3.136803718e-07,-1.578516050e-07,-1.328036641e-07,-4.239538011e-07,-9.994536175e-07,-7.783952325e-07,7.956991045e-07,2.404523892e-06,1.661607461e-06,-2.378622219e-06,-7.534735041e-06,-9.697117134e-06,-6.307681283e-06,8.952368397e-07,6.667039849e-06,6.386912857e-06,6.601972835e-08,-7.536071762e-06,-1.101947891e-05,-8.887226194e-06,-4.216138863e-06,-1.082300643e-06,-7.048662394e-07,-1.242884410e-06,-8.301410916e-07,1.413801727e-07,1.095113266e-07,-1.022251522e-06,-1.401460808e-06,3.966589581e-07,3.296794406e-06,4.758121669e-06,3.600767287e-06,9.416976007e-07,-1.845231938e-06,-5.134440087e-06,-1.004447250e-05,-1.573059606e-05,-1.901924395e-05,-1.761268370e-05,-1.314137857e-05,-9.938423250e-06,-1.055445481e-05,-1.329168684e-05,-1.472125785e-05,-1.396643612e-05,-1.334032003e-05,-1.465937814e-05,-1.618688452e-05,-1.440189144e-05,-8.532176051e-06,-2.071369068e-06,8.364446024e-07,-1.613929568e-07,-1.682691767e-06,-8.894733978e-07,1.348402562e-06,2.022177258e-06,-2.058216637e-07,-3.455086173e-06,-5.627221847e-06,-5.849814294e-06,-5.654473947e-06,-3.822878774e-06,-8.965003364e-07,5.712159769e-06,5.097138161e-06
FP2,4.804887589e-06,1.690034215e-05,1.059150001e-05,-5.668544462e-06,-1.616743534e-05,-1.309406935e-05,-5.383128463e-06,-4.170054689e-06,-9.061283929e-06,-9.363245453e-06,3.775999431e-07,1.215141819e-05,1.397488921e-05,5.107224791e-06,-2.585038091e-06,8.031437699e-07,1.074178862e-05,1.333832682e-05,1.816350112e-06,-1.529435971e-05,-2.337293638e-05,-1.679394230e-05,-2.892118028e-06,7.522465100e-06,1.026133731e-05,7.862908836e-06,3.269483475e-06,-2.699691590e-06,-7.896242045e-06,-7.086108661e-06,2.930955834e-06,1.716684511e-05,2.467303356e-05,1.875121875e-05,3.963357373e-06,-8.504691970e-06,-1.204883413e-05,-9.775641210e-06,-8.598890300e-06,-1.046217272e-05,-1.123030400e-05,-7.335042655e-06,-7.878438122e-07,3.667651190e-06,4.740785139e-06,5.595243283e-06,8.650792408e-06,1.171524072e-05,1.107706881e-05,7.463400672e-06,6.314455083e-06,1.097123754e-05,1.714497892e-05,1.654056988e-05,6.541409287e-06,-5.291899041e-06,-8.057766419e-06,1.094093699e-06,1.345108974e-05,1.717463989e-05,8.840097828e-06,-3.788027884e-06,-9.895448042e-06,-5.676032872e-06,3.454323691e-06,9.167539307e-06,7.585980063e-06,1.026388618e-06,-5.616683668e-06,-8.982152320e-06,-8.530358933e-06,-5.625468151e-06,-2.351519724e-06,-5.558885394e-07,-7.409437799e-07,-1.447104229e-06,-3.565375253e-07,3.331567087e-06,7.723961049e-06,9.887443971e-06,8.703984365e-06,5.668105813e-06,2.795107838e-06,4.183992299e-07,-2.286923080e-06,-4.997974023e-06,-5.756504179e-06,-3.618602055e-06,-1.166335856e-06,-2.880304878e-06,-1.018338632e-05,-1.870152489e-05,-2.167719103e-05,-1.665325256e-05,-8.359573684e-06,-4.386554655e-06,-7.908827683e-06,-1.485150732e-05,-1.809311372e-05,-1.414985705e-05,-5.937394773e-06,1.686149011e-07,-5.817284077e-07,-8.384456239e-06,-1.933349543e-05,-2.787915189e-05,-2.978762256e-05,-2.463126891e-05,-1.647537514e-05,-1.148011603e-05,-1.337372992e-05,-2.047292431e-05,-2.736341899e-05,-2.993589256e-05,-2.877014294e-05,-2.747574478e-05,-2.812110158e-05,-2.901651938e-05,-2.716635856e-05,-2.221184185e-05,-1.717324661e-05,-1.533119174e-05,-1.706827262e-05,-2.010905742e-05,-2.231727735e-05,-2.352474553e-05,-2.470321006e-05,-2.623197857e-05,-2.761290127e-05,-2.854123691e-05,-2.945161562e-05,-3.076791415e-05,-3.209185962e-05,-3.250224332e-05,-3.137173269e-05,-2.851926063e-05,-2.397620126e-05,-1.858054659e-05,-1.504010490e-05,-1.716645535e-05,-2.633395316e-05,-3.829384748e-05,-4.494763117e-05,-4.116666562e-05,-3.041425531e-05,-2.260751337e-05,-2.519506714e-05,-3.608112580e-05,-4.578356667e-05,-4.671193495e-05,-3.996642885e-05,-3.297974826e-05,-3.131187048e-05,-3.371278324e-05,-3.506703956e-05,-3.282864786e-05,-2.942979439e-05,-2.872050567e-05,-3.144454213e-05,-3.502434142e-05,-3.712101684e-05,-3.813690873e-05,-3.985474889e-05,-4.247979924e-05,-4.399392786e-05,-4.244898150e-05,-3.823811568e-05,-3.379782387e-05,-3.145709916e-05,-3.191080405e-05,-3.439434118e-05,-3.759556816e-05,-4.026184635e-05,-4.163830493e-05,-4.200717891e-05,-4.262108255e-05,-4.440985714e-05,-4.661442978e-05,-4.740237829e-05,-4.640398579e-05,-4.609614623e-05,-4.947029702e-05,-5.589700137e-05,-6.026983938e-05,-5.756349924e-05,-4.842422273e-05,-3.927212248e-05,-3.616195774e-05,-3.905545701e-05,-4.302695347e-05,-4.475229507e-05,-4.612965839e-05,-5.041725698e-05,-5.594784641e-05,-5.618286842e-05,-4.727644102e-05,-3.430370869e-05,-2.765953576e-05,-3.245009348e-05,-4.270544013e-05,-4.750276721e-05,-4.249992722e-05,-3.389115515e-05,-3.040251039e-05,-3.269239625e-05,-3.223924217e-05,-2.051044766e-05,2.485399501e-06,2.963952841e-05,5.534306117e-05,8.051983137e-05,1.089575640e-04,1.388992380e-04,1.665511643e-04,1.817864508e-04,1.925653423e-04,1.908477729e-04,1.996623782e-04,1.863150089e-04,2.016629672e-04,1.066285002e-04
AFF6,1.371864866e-06,3.563536867e-06,6.749245749e-07,-4.100761574e-06,-6.598144350e-06,-5.122737874e-06,-3.188173363e-06,-3.949691087e-06,-5.463720368e-06,-2.383855456e-06,6.235639745e-06,1.345335627e-05,1.089745669e-05,-1.185365774e-06,-1.243541349e-05,-1.240985759e-05,-1.475898757e-06,9.650880432e-06,1.111606339e-05,3.247650694e-06,-5.732636955e-06,-9.531607224e-06,-9.214419570e-06,-9.091989155e-06,-9.871022277e-06,-8.142403047e-06,-2.098842063e-06,4.732973305e-06,6.906661765e-06,3.254833671e-06,-1.942497711e-06,-4.030415553e-06,-2.816768335e-06,-1.600133338e-06,-2.452176658e-06,-4.066280503e-06,-4.405740816e-06,-3.990487480e-06,-5.296595013e-06,-9.245308120e-06,-1.349300378e-05,-1.461850912e-05,-1.133685437e-05,-5.112652756e-06,1.669615533e-06,7.118003778e-06,9.689382524e-06,8.265450979e-06,3.649593298e-06,-5.111661111e-07,-5.114045351e-09,5.662500285e-06,1.173794813e-05,1.213944529e-05,5.449261590e-06,-3.320590218e-06,-7.329084417e-06,-4.240556459e-06,2.056599929e-06,5.636870004e-06,3.991549659e-06,-4.302449754e-07,-3.223327629e-06,-2.057434828e-06,1.728747907e-06,4.578313981e-06,3.579736612e-06,-1.241044465e-06,-6.640730097e-06,-8.402194204e-06,-4.869902264e-06,1.199853698e-06,4.795752980e-06,3.410673461e-06,-3.053756065e-07,-1.212340761e-06,2.777969083e-06,8.345592699e-06,1.044578230e-05,7.956814422e-06,4.719627745e-06,4.713965891e-06,7.183772582e-06,7.697628112e-06,3.897076562e-06,-1.249767745e-06,-3.003468615e-06,-1.070462050e-06,-6.367722947e-07,-6.329266551e-06,-1.592789076e-05,-2.152677035e-05,-1.745700998e-05,-6.363618106e-06,3.275010484e-06,5.384272618e-06,1.370877090e-06,-2.816808275e-06,-3.446981405e-06,-1.888049260e-06,-1.347171419e-06,-2.423380082e-06,-2.967817492e-06,-1.751649045e-06,-7.593081972e-07,-3.045735356e-06,-8.850540713e-06,-1.478111831e-05,-1.706612569e-05,-1.511124202e-05,-1.155105648e-05,-9.245087450e-06,-8.850910850e-06,-9.270906629e-06,-9.673530289e-06,-1.040939845e-05,-1.209001720e-05,-1.440423750e-05,-1.615845702e-05,-1.623932429e-05,-1.429346696e-05,-1.071990048e-05,-6.505508654e-06,-3.140221226e-06,-2.138701216e-06,-4.030203585e-06,-7.736552482e-06,-1.131196106e-05,-1.354076205e-05,-1.469827607e-05,-1.564232726e-05,-1.643738614e-05,-1.628568040e-05,-1.477881911e-05,-1.265704631e-05,-1.089398615e-05,-9.323823629e-06,-6.940100915e-06,-3.880626778e-06,-2.513924113e-06,-5.549133810e-06,-1.263633018e-05,-1.936382423e-05,-2.054028743e-05,-1.501708523e-05,-7.217906164e-06,-3.594229440e-06,-7.273949777e-06,-1.582730887e-05,-2.378339219e-05,-2.700765927e-05,-2.494392358e-05,-1.957489274e-05,-1.319549573e-05,-7.404255613e-06,-3.521564944e-06,-2.901738448e-06,-6.165571786e-06,-1.215897759e-05,-1.813675835e-05,-2.147550842e-05,-2.153880687e-05,-1.997601212e-05,-1.911575704e-05,-1.987801007e-05,-2.109840969e-05,-2.085717974e-05,-1.849062615e-05,-1.527857454e-05,-1.312268690e-05,-1.264555842e-05,-1.282985356e-05,-1.264899570e-05,-1.278313846e-05,-1.519292163e-05,-2.069671069e-05,-2.724201899e-05,-3.119337820e-05,-3.071138950e-05,-2.770441456e-05,-2.604326063e-05,-2.768784226e-05,-3.073774560e-05,-3.144080523e-05,-2.800632813e-05,-2.228744992e-05,-1.787513606e-05,-1.692589760e-05,-1.894397732e-05,-2.213545024e-05,-2.520658686e-05,-2.763899023e-05,-2.884403813e-05,-2.797461988e-05,-2.495504320e-05,-2.132202090e-05,-1.940642353e-05,-2.034792968e-05,-2.295533345e-05,-2.466397526e-05,-2.368482542e-05,-2.033121709e-05,-1.647548865e-05,-1.385211998e-05,-1.268564143e-05,-1.151539532e-05,-8.104134134e-06,-7.782081854e-07,1.056127347e-05,2.437783464e-05,3.849775862e-05,5.152578607e-05,6.266440060e-05,7.308243066e-05,8.021315225e-05,8.669185851e-05,8.642825094e-05,8.971803185e-05,8.332546594e-05,9.179220740e-05,4.910930835e-05
F2,2.527618485e-06,3.606494275e-06,-8.288735721e-07,-4.166919302e-06,-4.667294138e-06,-2.551430811e-06,-1.834047816e-06,-3.437277310e-06,-4.404502245e-06,-9.172173190e-07,5.992941256e-06,1.067668322e-05,8.596987214e-06,1.441567644e-06,-4.488793045e-06,-4.752016483e-06,-8.148949844e-07,2.369005798e-06,1.730618164e-06,-1.792491041e-06,-5.769560286e-06,-9.209730608e-06,-1.223160035e-05,-1.392135905e-05,-1.230442562e-05,-7.010579094e-06,-9.136966645e-07,2.117094141e-06,1.153390788e-06,-9.421461644e-07,-9.866729118e-07,8.057988029e-07,1.289594613e-06,-1.642816676e-06,-6.477240394e-06,-9.920202189e-06,-1.073068104e-05,-1.081180781e-05,-1.238729379e-05,-1.490227748e-05,-1.546925733e-05,-1.224516576e-05,-6.642709893e-06,-1.843330412e-06,4.793163769e-07,1.431095411e-06,3.015589244e-06,5.640622701e-06,7.905945572e-06,8.545377717e-06,7.889177385e-06,7.115445017e-06,6.458822830e-06,4.796661437e-06,1.230465049e-06,-3.253253964e-06,-6.180072588e-06,-5.843476569e-06,-3.049730925e-06,-4.243262644e-07,9.747814951e-08,-9.408289790e-07,-1.251624492e-06,6.997870425e-07,3.956968496e-06,5.838450391e-06,4.467319049e-06,6.066040163e-07,-2.963415363e-06,-3.905059277e-06,-2.267734249e-06,-1.242121329e-07,6.272233208e-07,7.494561128e-08,-2.388801162e-08,1.740606285e-06,4.845022850e-06,7.312914042e-06,7.722242904e-06,6.586931909e-06,5.629425359e-06,5.756708127e-06,6.025283700e-06,4.833727475e-06,2.037504553e-06,-5.526353194e-07,-1.152971385e-06,-4.046844111e-07,-1.252304652e-06,-5.894106525e-06,-1.281216635e-05,-1.731548989e-05,-1.557977804e-05,-8.325333207e-06,-3.290076824e-07,3.869034694e-06,3.770560595e-06,2.517553394e-06,3.043105827e-06,5.025721161e-06,5.705065931e-06,3.268397311e-06,-1.089194573e-06,-4.515022036e-06,-5.485445289e-06,-5.117665458e-06,-5.656262363e-06,-8.056535272e-06,-1.120361050e-05,-1.322884712e-05,-1.327228936e-05,-1.200342828e-05,-1.076027259e-05,-1.037083003e-05,-1.064864130e-05,-1.077774670e-05,-1.017647268e-05,-9.153894681e-06,-8.733254231e-06,-9.598578616e-06,-1.106656802e-05,-1.132142984e-05,-9.076845755e-06,-5.147482181e-06,-2.131139621e-06,-2.262178211e-06,-5.577904261e-06,-1.027985921e-05,-1.465511153e-05,-1.816618053e-05,-2.060186170e-05,-2.091140863e-05,-1.787611488e-05,-1.215370225e-05,-6.833756732e-06,-4.968110505e-06,-6.414810240e-06,-7.851537048e-06,-6.495362094e-06,-3.499004866e-06,-2.869584218e-06,-6.753197941e-06,-1.238272948e-05,-1.444168339e-05,-1.056042364e-05,-4.029828845e-06,-7.992591289e-07,-3.970200235e-06,-1.135783035e-05,-1.799634685e-05,-2.034519884e-05,-1.807633302e-05,-1.284190771e-05,-6.567775840e-06,-1.149930765e-06,1.280598854e-06,-8.308144238e-07,-6.883730173e-06,-1.381246794e-05,-1.803291510e-05,-1.805362630e-05,-1.529796825e-05,-1.255254164e-05,-1.174398678e-05,-1.293974433e-05,-1.484593712e-05,-1.583711490e-05,-1.478511675e-05,-1.163327851e-05,-7.613748916e-06,-4.678091854e-06,-4.197531124e-06,-5.994239872e-06,-8.775193467e-06,-1.158677201e-05,-1.462867444e-05,-1.843252178e-05,-2.243978676e-05,-2.489861623e-05,-2.448077643e-05,-2.184707476e-05,-1.925304944e-05,-1.846290824e-05,-1.917295193e-05,-1.956997667e-05,-1.830267484e-05,-1.575859791e-05,-1.352443677e-05,-1.288538783e-05,-1.393230074e-05,-1.584722663e-05,-1.768611471e-05,-1.882889607e-05,-1.898295928e-05,-1.810609569e-05,-1.645333793e-05,-1.462638573e-05,-1.346411716e-05,-1.372893551e-05,-1.564303159e-05,-1.848721174e-05,-2.070069630e-05,-2.076167889e-05,-1.834518055e-05,-1.459485759e-05,-1.091729795e-05,-7.329707780e-06,-2.236785316e-06,5.832485333e-06,1.634217992e-05,2.702724861e-05,3.634076037e-05,4.471432860e-05,5.491134746e-05,6.557048450e-05,7.639040525e-05,7.933463137e-05,8.002977914e-05,7.014902235e-05,7.092602485e-05,3.639621161e-05
FC2,4.654749681e-06,8.223031286e-06,2.619606959e-06,-2.430572017e-06,-4.629584238e-06,-3.095116811e-06,-2.800140665e-06,-4.991865784e-06,-6.532216534e-06,-2.933209799e-06,4.617883852e-06,9.776036544e-06,7.715189169e-06,6.634668042e-07,-4.581683381e-06,-4.046986638e-06,-1.872458731e-07,1.919986503e-06,4.299899021e-07,-2.368928465e-06,-4.100935210e-06,-5.202597191e-06,-7.037186946e-06,-8.581993928e-06,-6.948419405e-06,-1.443069889e-06,4.398885931e-06,6.096843976e-06,3.172740643e-06,-3.598972487e-07,-7.188404561e-07,1.383017135e-06,1.973695688e-06,-1.196236865e-06,-6.089134426e-06,-9.113662033e-06,-9.459547979e-06,-9.645717184e-06,-1.184953421e-05,-1.475962910e-05,-1.483592298e-05,-1.039533532e-05,-3.667700567e-06,1.443511065e-06,3.179725453e-06,3.129861027e-06,3.908517290e-06,6.254942907e-06,8.642217483e-06,9.336664655e-06,8.268455708e-06,6.721645211e-06,5.526683706e-06,4.017256519e-06,9.726171996e-07,-3.531581133e-06,-7.510218918e-06,-8.591015130e-06,-6.289292699e-06,-2.678298367e-06,-5.541586017e-07,-7.838870433e-07,-1.562217541e-06,-4.846282147e-07,2.651843797e-06,5.364137902e-06,4.999477970e-06,1.645332214e-06,-1.750022792e-06,-2.278533277e-06,7.042314622e-08,2.633807488e-06,3.052693645e-06,1.726457614e-06,1.170852721e-06,3.147585258e-06,6.740241352e-06,9.315826380e-06,9.142131011e-06,6.859457230e-06,4.502212773e-06,3.401231071e-06,3.216283077e-06,2.846283360e-06,1.919276404e-06,1.121732345e-06,1.068657328e-06,1.094405123e-06,-4.757541243e-07,-4.542570776e-06,-9.655907857e-06,-1.250924344e-05,-1.051892580e-05,-4.278918042e-06,2.586470255e-06,6.350613288e-06,6.266333104e-06,4.814387394e-06,4.874434885e-06,6.714338993e-06,7.883584123e-06,6.012988780e-06,1.452819282e-06,-3.044552932e-06,-5.134928644e-06,-5.102604293e-06,-5.223669772e-06,-7.172390363e-06,-1.033515544e-05,-1.266393897e-05,-1.290749299e-05,-1.177879026e-05,-1.099101361e-05,-1.136893430e-05,-1.204137909e-05,-1.146104369e-05,-9.152035433e-06,-6.415064205e-06,-5.227428390e-06,-6.292223257e-06,-8.102693436e-06,-8.104435153e-06,-5.094304407e-06,-6.249089567e-07,2.092702732e-06,8.987167541e-07,-3.588231670e-06,-8.871117793e-06,-1.297164727e-05,-1.565530243e-05,-1.737075679e-05,-1.764085477e-05,-1.528266408e-05,-1.034443801e-05,-5.111874437e-06,-2.358582191e-06,-2.498090575e-06,-3.110502197e-06,-1.826135898e-06,5.888186238e-07,7.816499918e-07,-3.194405063e-06,-8.883219317e-06,-1.117562096e-05,-7.390589388e-06,-3.897629691e-07,3.704797173e-06,1.013092353e-06,-6.758010505e-06,-1.405601312e-05,-1.614178040e-05,-1.221887182e-05,-4.922756425e-06,2.228355457e-06,6.713328134e-06,7.331977838e-06,3.997845848e-06,-2.120324374e-06,-8.578511159e-06,-1.262313340e-05,-1.287106161e-05,-1.029401541e-05,-7.462058184e-06,-6.557456391e-06,-7.790794523e-06,-9.469583991e-06,-9.537772333e-06,-7.246887181e-06,-3.638909532e-06,-5.831278065e-07,6.927176099e-07,2.860689112e-07,-9.695802921e-07,-2.614209566e-06,-4.973037254e-06,-8.466487567e-06,-1.266533373e-05,-1.624522697e-05,-1.797651978e-05,-1.770305414e-05,-1.629334486e-05,-1.472561112e-05,-1.337094381e-05,-1.213744775e-05,-1.103804245e-05,-1.035317625e-05,-1.026347315e-05,-1.058239010e-05,-1.101882748e-05,-1.158865478e-05,-1.255131815e-05,-1.389855523e-05,-1.506391298e-05,-1.527798176e-05,-1.420530124e-05,-1.221977634e-05,-1.017666332e-05,-9.035292124e-06,-9.535408250e-06,-1.180122435e-05,-1.494704911e-05,-1.724016975e-05,-1.714502690e-05,-1.451205413e-05,-1.061170605e-05,-6.750091425e-06,-2.903079649e-06,1.991217173e-06,8.350238116e-06,1.499529600e-05,2.036244398e-05,2.465194729e-05,2.975494059e-05,3.802414034e-05,4.725890429e-05,5.577263470e-05,5.750468751e-05,5.759661429e-05,5.081773228e-05,5.203183568e-05,2.658850900e-05
FC6,-2.836622701e-07,2.567079637e-06,3.559403514e-06,1.314352538e-06,-1.893254684e-07,1.877530600e-07,3.986257458e-07,-1.918297872e-06,-4.921325610e-06,-4.609046895e-06,-9.358662277e-08,4.341670396e-06,4.022437934e-06,-4.050087573e-07,-3.545736781e-06,-1.685678062e-06,2.779481551e-06,4.304537193e-06,7.876267741e-07,-4.212417370e-06,-5.914851729e-06,-3.588376518e-06,-4.735518395e-07,6.782685420e-07,3.851071959e-07,5.194796259e-07,1.113293713e-06,4.571970896e-07,-1.984962828e-06,-4.284849050e-06,-4.366267803e-06,-2.749675440e-06,-1.906731122e-06,-3.075655657e-06,-4.867038970e-06,-5.493726384e-06,-5.448105519e-06,-6.804411616e-06,-9.963798603e-06,-1.230675383e-05,-1.088151487e-05,-5.943866259e-06,-8.729142379e-07,1.529998445e-06,1.847557006e-06,2.660009156e-06,4.936537710e-06,6.786309940e-06,5.987477401e-06,2.987572431e-06,6.305306329e-07,9.683706422e-07,2.936900237e-06,3.482512897e-06,7.667809522e-07,-3.943447329e-06,-7.369716349e-06,-6.973659848e-06,-2.911851876e-06,2.143790590e-06,4.963504729e-06,4.084804961e-06,8.612426339e-07,-1.726353081e-06,-1.745318896e-06,-8.768072159e-08,5.963337949e-07,-1.065061666e-06,-3.446071529e-06,-3.675444736e-06,-1.063401790e-06,1.841581196e-06,2.079211091e-06,-1.642877466e-07,-1.563421109e-06,5.610965106e-07,5.054117296e-06,8.147217431e-06,7.689210480e-06,5.390802882e-06,4.520332794e-06,5.975746873e-06,7.491486053e-06,6.748812427e-06,4.357368474e-06,2.968975871e-06,3.699238317e-06,4.410930594e-06,2.130310443e-06,-3.193708953e-06,-8.056983669e-06,-8.735948446e-06,-4.931161681e-06,1.258801259e-07,2.922627152e-06,2.688031894e-06,1.375618469e-06,1.259014520e-06,2.874732920e-06,4.971800552e-06,5.857376049e-06,4.634208181e-06,1.585661963e-06,-2.144696327e-06,-5.263098982e-06,-7.122198843e-06,-8.049462608e-06,-8.749747497e-06,-9.263102348e-06,-8.765715089e-06,-6.792828127e-06,-4.597950524e-06,-4.661817597e-06,-8.217182070e-06,-1.329195923e-05,-1.585545485e-05,-1.349229628e-05,-7.945689168e-06,-3.643862559e-06,-3.497040752e-06,-6.265433332e-06,-8.156094446e-06,-6.771162583e-06,-3.191700070e-06,-3.519393722e-07,2.479920078e-09,-1.631121807e-06,-4.009300611e-06,-6.721063293e-06,-9.813815545e-06,-1.242264206e-05,-1.281406219e-05,-1.025644917e-05,-6.365316186e-06,-3.836795040e-06,-3.677985357e-06,-4.178267016e-06,-3.047449313e-06,-3.702029074e-07,1.135904899e-06,-9.361383315e-07,-5.755971188e-06,-9.658361510e-06,-9.545891702e-06,-5.780752244e-06,-1.775728011e-06,-9.964077333e-07,-4.376829795e-06,-1.011480940e-05,-1.525885321e-05,-1.735699491e-05,-1.530972082e-05,-9.662225177e-06,-2.523182296e-06,3.214796585e-06,5.352338402e-06,3.627016289e-06,-3.410707989e-07,-4.336615477e-06,-6.888396702e-06,-7.683023214e-06,-7.201411212e-06,-6.278978710e-06,-5.789644248e-06,-6.167512159e-06,-6.903470285e-06,-6.753787333e-06,-4.909577067e-06,-2.080199426e-06,-1.205756751e-07,-3.256606694e-07,-2.212002460e-06,-4.237378509e-06,-5.645458660e-06,-7.191334070e-06,-9.826866525e-06,-1.300667325e-05,-1.487406765e-05,-1.431072453e-05,-1.242839754e-05,-1.158500481e-05,-1.291146716e-05,-1.513062487e-05,-1.596061300e-05,-1.444506749e-05,-1.166165450e-05,-9.327756743e-06,-8.179124047e-06,-7.890271465e-06,-8.169309707e-06,-9.332789342e-06,-1.163818447e-05,-1.443499965e-05,-1.643480268e-05,-1.689688537e-05,-1.631183958e-05,-1.574949334e-05,-1.562651321e-05,-1.527378779e-05,-1.372797118e-05,-1.084430789e-05,-7.597733906e-06,-5.341625105e-06,-4.735113073e-06,-5.201314343e-06,-5.258395655e-06,-3.446412457e-06,7.739978405e-07,6.752719064e-06,1.318562712e-05,1.900771832e-05,2.393910507e-05,2.800482839e-05,3.181203501e-05,3.445636837e-05,3.727504988e-05,3.803457826e-05,4.040049385e-05,3.803184708e-05,3.984763883e-05,2.009417265e-05
C4,3.121841254e-06,7.040560780e-06,4.559138742e-06,2.082373606e-06,1.590153989e-06,2.542978352e-06,4.985676037e-07,-4.913596249e-06,-9.294677877e-06,-7.677637727e-06,-1.051164911e-06,4.349824067e-06,3.681381793e-06,-1.377794151e-06,-4.954187610e-06,-3.621899409e-06,4.434628779e-07,2.793480982e-06,1.778121643e-06,-5.732330835e-07,-1.866802843e-06,-1.942960738e-06,-1.791847659e-06,-1.190973638e-06,1.119531680e-06,4.914721068e-06,7.426780964e-06,5.808662435e-06,4.385105607e-07,-5.051815862e-06,-7.332525046e-06,-6.557866190e-06,-5.708765313e-06,-7.112584879e-06,-1.017319730e-05,-1.256522325e-05,-1.306987709e-05,-1.267074623e-05,-1.291368642e-05,-1.372479893e-05,-1.328040704e-05,-1.002564317e-05,-4.535631843e-06,8.461932605e-07,4.213717077e-06,5.788016747e-06,7.270416725e-06,9.559373209e-06,1.139543930e-05,1.062549829e-05,6.846210529e-06,2.366160984e-06,4.098038563e-08,1.531143820e-07,1.028537643e-08,-2.875537076e-06,-7.456462990e-06,-9.735586310e-06,-7.059880273e-06,-1.382034535e-06,2.479185988e-06,1.913198638e-06,-7.801269458e-07,-1.235996803e-06,1.810152369e-06,5.036990614e-06,4.476311151e-06,2.868317863e-07,-3.195311448e-06,-2.184939950e-06,2.440458972e-06,6.190988291e-06,5.811284539e-06,2.522518085e-06,4.082351526e-07,2.077314211e-06,6.245373988e-06,9.307797668e-06,8.813607223e-06,5.407918663e-06,1.899200880e-06,7.948839318e-07,2.488182884e-06,5.281083664e-06,6.946801229e-06,6.501088091e-06,4.714203325e-06,2.903041238e-06,1.253697990e-06,-1.314859792e-06,-5.260298493e-06,-8.614854969e-06,-7.929656530e-06,-1.754924638e-06,6.944472118e-06,1.265927773e-05,1.223144370e-05,7.784859076e-06,4.378003808e-06,4.723640204e-06,6.631053064e-06,5.834610453e-06,8.894934774e-07,-5.315902882e-06,-8.848240935e-06,-8.844604125e-06,-7.898940881e-06,-8.707304184e-06,-1.109882380e-05,-1.268405029e-05,-1.194822390e-05,-1.001266273e-05,-9.200401820e-06,-1.030535282e-05,-1.171281128e-05,-1.120689294e-05,-8.376826486e-06,-5.115289092e-06,-3.832588878e-06,-5.212546061e-06,-7.571514138e-06,-8.300269228e-06,-6.094598056e-06,-2.116507053e-06,8.373015301e-07,4.429468780e-07,-3.509757928e-06,-9.205758615e-06,-1.428588980e-05,-1.721822650e-05,-1.752523907e-05,-1.530269965e-05,-1.111481000e-05,-6.373991376e-06,-3.120992410e-06,-2.591819535e-06,-3.800894394e-06,-4.116419396e-06,-1.922100486e-06,1.246535809e-06,1.804821029e-06,-2.101302663e-06,-7.987296049e-06,-1.076582882e-05,-7.590923070e-06,-1.039632694e-06,2.801301233e-06,-2.526757096e-07,-8.675460589e-06,-1.650866430e-05,-1.828422010e-05,-1.298524332e-05,-3.927772036e-06,4.438744025e-06,9.415186053e-06,1.049042949e-05,8.133448416e-06,3.023551737e-06,-3.541437900e-06,-9.263213271e-06,-1.180064814e-05,-1.058631762e-05,-7.549994204e-06,-5.576811214e-06,-5.903861280e-06,-7.028625220e-06,-6.352638448e-06,-2.973918052e-06,1.233985638e-06,3.375215069e-06,2.262363368e-06,-7.019016752e-07,-3.240292650e-06,-4.481314506e-06,-5.385119450e-06,-7.175002686e-06,-9.811786148e-06,-1.217409640e-05,-1.339258827e-05,-1.355727462e-05,-1.313379038e-05,-1.218882311e-05,-1.058536067e-05,-8.737410503e-06,-7.601769916e-06,-7.666877011e-06,-8.274675274e-06,-8.388249664e-06,-8.013284175e-06,-8.411259033e-06,-1.061605614e-05,-1.395780677e-05,-1.646267655e-05,-1.678638123e-05,-1.546929497e-05,-1.414037793e-05,-1.376895653e-05,-1.404703674e-05,-1.433489867e-05,-1.460550383e-05,-1.506973722e-05,-1.518869668e-05,-1.372866606e-05,-1.006511759e-05,-5.088918425e-06,-4.174450454e-07,3.209354246e-06,6.367987244e-06,9.779473464e-06,1.323061778e-05,1.612690150e-05,1.888742479e-05,2.276984261e-05,2.866590284e-05,3.422150191e-05,3.754474594e-05,3.558821241e-05,3.280873822e-05,2.774498047e-05,2.860560493e-05,1.475829381e-05
T8,-5.743555526e-07,2.258344977e-06,2.375525448e-06,-3.238575359e-07,4.880890206e-07,4.604316251e-06,6.299107849e-06,1.240588151e-06,-6.227515074e-06,-8.056981550e-06,-2.471288063e-06,3.135616354e-06,1.232056127e-06,-6.271058885e-06,-1.000890841e-05,-4.536479939e-06,4.989786109e-06,8.994316132e-06,4.716241660e-06,-1.177394445e-06,-1.109553812e-06,4.779122668e-06,1.001589782e-05,1.023998464e-05,7.639114784e-06,6.675547719e-06,7.809622770e-06,7.513627131e-06,3.717445232e-06,-1.189183075e-06,-3.663030397e-06,-3.709153486e-06,-4.513944855e-06,-7.738714177e-06,-1.101674401e-05,-1.098298313e-05,-7.697693542e-06,-4.667774469e-06,-4.618124685e-06,-6.499709937e-06,-7.163384857e-06,-5.038150404e-06,-1.199696198e-06,2.697720927e-06,6.137860594e-06,8.946186463e-06,9.918708857e-06,7.621326459e-06,2.648725669e-06,-1.922626256e-06,-3.078178921e-06,-6.847438982e-07,2.612944860e-06,4.116571096e-06,3.268563148e-06,1.347231123e-06,-1.918616281e-07,-6.271995482e-07,1.958636174e-07,2.009780651e-06,3.916380501e-06,4.684469452e-06,3.822141642e-06,2.206898852e-06,1.222866301e-06,1.287979865e-06,1.600728878e-06,1.358585767e-06,7.322812713e-07,3.465673351e-07,2.712902420e-07,2.237783320e-07,6.773661910e-07,2.853535519e-06,6.978847434e-06,1.102761961e-05,1.221128703e-05,1.002688732e-05,7.152508417e-06,6.665446219e-06,8.630241536e-06,1.017957275e-05,9.075929198e-06,6.437996570e-06,5.337165529e-06,7.064386387e-06,9.627239393e-06,1.012123818e-05,7.907177870e-06,4.911992960e-06,3.200455413e-06,3.060215786e-06,3.550690319e-06,4.104418101e-06,4.894716574e-06,5.930871380e-06,6.609118285e-06,6.390361774e-06,5.395269792e-06,3.971660360e-06,2.123645249e-06,-1.608856489e-08,-1.397830864e-06,-7.426489513e-07,1.470172068e-06,2.436685941e-06,-3.838588184e-07,-5.888998141e-06,-9.478807692e-06,-7.497364253e-06,-1.418925697e-06,3.167755506e-06,2.084768717e-06,-3.296301247e-06,-7.716308937e-06,-7.441840367e-06,-3.533876261e-06,-7.599101684e-09,3.501494193e-07,-2.051230216e-06,-5.018819301e-06,-6.825660119e-06,-6.918555572e-06,-5.404429847e-06,-2.808755233e-06,-2.596855983e-07,9.106965086e-07,2.340730106e-07,-1.438736695e-06,-2.833379170e-06,-3.427397783e-06,-3.464491623e-06,-3.073278673e-06,-2.014597035e-06,-4.721663009e-07,5.416597941e-07,2.169077834e-07,-8.174928842e-07,-1.070196492e-06,-2.527676418e-07,-6.168513692e-08,-2.111578799e-06,-5.304883787e-06,-6.311107487e-06,-3.307312318e-06,1.250183231e-06,2.512472914e-06,-1.869835517e-06,-9.232745470e-06,-1.456162866e-05,-1.520377386e-05,-1.241622993e-05,-8.644342576e-06,-4.461817687e-06,1.058501443e-06,7.521229009e-06,1.206233286e-05,1.173693509e-05,6.740950716e-06,6.278459840e-07,-2.838218383e-06,-2.832368567e-06,-1.513915051e-06,-1.340217288e-06,-2.621016354e-06,-3.546112875e-06,-2.264934966e-06,1.140206551e-06,4.533735881e-06,5.483742525e-06,3.348549725e-06,-2.038656851e-07,-2.831169105e-06,-3.780030252e-06,-4.381853502e-06,-6.120108235e-06,-8.483239306e-06,-9.387935024e-06,-7.978768843e-06,-6.362045424e-06,-7.637380093e-06,-1.209417018e-05,-1.618050782e-05,-1.593993485e-05,-1.117401801e-05,-5.464606396e-06,-2.148822940e-06,-1.276142277e-06,-1.098221954e-06,-1.560701114e-06,-4.638078327e-06,-1.084621957e-05,-1.694981488e-05,-1.880343885e-05,-1.632773858e-05,-1.402328705e-05,-1.559443646e-05,-1.904120672e-05,-1.865369477e-05,-1.193517483e-05,-3.016755031e-06,1.821613838e-06,1.129506265e-06,-7.403986073e-07,4.654724687e-07,3.887742780e-06,5.706824696e-06,5.147294113e-06,5.942307641e-06,1.103493793e-05,1.760852348e-05,1.957008143e-05,1.488349669e-05,8.744571737e-06,7.531618403e-06,1.195399448e-05,1.552472655e-05,1.400555680e-05,8.001196538e-06,5.576353497e-06,3.569560419e-06
CP2,5.440236342e-06,1.033268300e-05,6.161999121e-06,2.864233206e-06,1.383764997e-06,2.306035898e-06,7.973952777e-07,-3.689263438e-06,-7.711564688e-06,-6.704051056e-06,-1.629485813e-06,1.898987388e-06,-1.847740000e-07,-5.617439697e-06,-8.457893764e-06,-5.773847809e-06,-3.958100066e-07,3.005151914e-06,3.135126338e-06,2.358667030e-06,2.661969309e-06,3.202650758e-06,2.491054688e-06,1.595796986e-06,3.374173882e-06,8.320287781e-06,1.260635491e-05,1.149695558e-05,4.493839334e-06,-3.932724049e-06,-9.038204450e-06,-1.049519120e-05,-1.178473471e-05,-1.538896247e-05,-1.969358851e-05,-2.110760704e-05,-1.853527985e-05,-1.471734474e-05,-1.294688146e-05,-1.319197615e-05,-1.221143266e-05,-7.461363762e-06,-2.239407737e-07,5.608906957e-06,7.662066008e-06,7.443552781e-06,8.334402400e-06,1.150882132e-05,1.438551966e-05,1.340389342e-05,8.090332832e-06,1.863633136e-06,-1.438331849e-06,-1.548710399e-06,-1.812749598e-06,-5.139738791e-06,-1.037813457e-05,-1.329113142e-05,-1.116883714e-05,-5.907247054e-06,-2.009550091e-06,-1.723461890e-06,-2.821505499e-06,-1.505108644e-06,2.971883726e-06,7.284198583e-06,7.716080416e-06,4.263583063e-06,5.599522380e-07,-8.077489435e-08,2.051511265e-06,3.897283216e-06,3.249555339e-06,1.026616067e-06,2.889040634e-08,1.934219532e-06,5.718304465e-06,8.690239701e-06,8.733332463e-06,5.758940904e-06,1.577636007e-06,-1.397481154e-06,-1.740034559e-06,7.228833659e-08,2.156989599e-06,2.895422953e-06,2.263909589e-06,1.378714614e-06,7.414097083e-07,-5.626578796e-07,-3.375859100e-06,-6.349968940e-06,-6.236016824e-06,-1.087807359e-06,6.942804720e-06,1.281317600e-05,1.312756103e-05,9.279707633e-06,5.677332413e-06,4.944335714e-06,5.403835820e-06,3.481368070e-06,-1.953098851e-06,-8.277496574e-06,-1.204844365e-05,-1.251740982e-05,-1.179771624e-05,-1.196527276e-05,-1.280019561e-05,-1.263205316e-05,-1.082679452e-05,-8.709261555e-06,-7.930767326e-06,-8.416208268e-06,-8.366184266e-06,-6.279630122e-06,-2.738066674e-06,-8.747643449e-08,-3.789079611e-07,-3.527372144e-06,-7.297962403e-06,-9.094963636e-06,-8.088113770e-06,-5.940874891e-06,-5.469249937e-06,-8.273498825e-06,-1.338500291e-05,-1.815670380e-05,-2.049624807e-05,-2.021597857e-05,-1.833302443e-05,-1.550921961e-05,-1.168675267e-05,-7.213415085e-06,-3.579053165e-06,-2.247292745e-06,-2.744273420e-06,-2.673726543e-06,-3.110821763e-07,2.975765226e-06,3.647157234e-06,-2.078087978e-07,-6.281010773e-06,-9.850066178e-06,-8.388599959e-06,-4.128400163e-06,-1.810996846e-06,-4.014778877e-06,-8.870037521e-06,-1.216259814e-05,-1.120496619e-05,-6.544130548e-06,-5.155312768e-07,4.980013430e-06,9.034471520e-06,1.084226940e-05,9.373287725e-06,4.499608668e-06,-1.861795317e-06,-6.503752201e-06,-7.430252106e-06,-5.733226436e-06,-4.705196933e-06,-6.689711069e-06,-1.057445803e-05,-1.248870404e-05,-9.315646884e-06,-1.831620781e-06,5.575023145e-06,8.500646381e-06,6.110413230e-06,1.344651386e-06,-2.267355053e-06,-3.823082803e-06,-5.098787593e-06,-7.790587969e-06,-1.129835846e-05,-1.351807930e-05,-1.344242418e-05,-1.228898381e-05,-1.182233796e-05,-1.205608974e-05,-1.126278890e-05,-8.298844201e-06,-4.345700446e-06,-1.906316419e-06,-2.292067249e-06,-4.595027699e-06,-7.143053679e-06,-9.354414577e-06,-1.168638878e-05,-1.409776933e-05,-1.541647950e-05,-1.465872611e-05,-1.258086017e-05,-1.130837222e-05,-1.234504553e-05,-1.531300159e-05,-1.872159037e-05,-2.144422539e-05,-2.294304951e-05,-2.238206320e-05,-1.853335848e-05,-1.121668355e-05,-2.477332440e-06,4.525777866e-06,8.196037793e-06,9.767797360e-06,1.161981592e-05,1.460949595e-05,1.756532676e-05,1.932415364e-05,2.031192875e-05,2.214638644e-05,2.436052695e-05,2.595301031e-05,2.418094915e-05,2.206780399e-05,1.872522917e-05,2.045852113e-05,1.097134098e-05
CP6,4.540208119e-06,1.168386474e-05,1.030944178e-05,6.553322485e-06,2.610304301e-06,7.010429087e-07,-1.849081752e-06,-6.040496075e-06,-1.044808755e-05,-1.200518353e-05,-1.012243593e-05,-6.915777059e-06,-4.601102145e-06,-3.288705592e-06,-1.882325172e-06,-1.048789916e-07,1.438651637e-06,2.836795893e-06,5.083299138e-06,8.092455393e-06,9.568972787e-06,7.339279646e-06,2.867234616e-06,9.827602703e-07,4.850655939e-06,1.153205342e-05,1.389049751e-05,7.647791367e-06,-3.913375356e-06,-1.295284336e-05,-1.465557414e-05,-1.126786602e-05,-8.658334028e-06,-9.792492986e-06,-1.236417617e-05,-1.247571274e-05,-9.440052958e-06,-6.224808245e-06,-5.648290948e-06,-7.167840913e-06,-7.827467527e-06,-5.836482651e-06,-2.461271197e-06,-2.349297342e-07,2.070509575e-07,9.412702866e-07,4.241636285e-06,9.468852020e-06,1.286567731e-05,1.086752124e-05,3.836434842e-06,-3.646740760e-06,-6.647663532e-06,-4.380715127e-06,-8.021560578e-07,-4.419925938e-07,-3.621956931e-06,-6.166180641e-06,-4.112468399e-06,1.609193652e-06,5.816884471e-06,4.551015997e-06,-6.415502547e-07,-4.502736256e-06,-3.976107181e-06,-1.459804971e-06,-1.573053828e-06,-5.137191851e-06,-7.503850483e-06,-3.532166057e-06,6.157252375e-06,1.478708459e-05,1.575230620e-05,9.190059981e-06,1.946945296e-06,9.659882228e-07,6.760251977e-06,1.326498323e-05,1.383752493e-05,7.400880213e-06,-8.907833058e-07,-4.609480230e-06,-1.748407620e-06,3.938022955e-06,6.803276370e-06,4.573477404e-06,1.277449350e-07,-1.751937128e-06,6.029179762e-07,4.048685750e-06,4.142002042e-06,3.317282284e-07,-2.847695987e-06,-3.701269457e-07,7.440773800e-06,1.429172304e-05,1.381184571e-05,6.085823343e-06,-2.227299410e-06,-4.647304416e-06,-1.476364854e-06,7.865105662e-07,-3.444982570e-06,-1.286895932e-05,-2.069750537e-05,-2.155280715e-05,-1.629031519e-05,-1.004798497e-05,-6.517896922e-06,-5.070898244e-06,-3.265539174e-06,-8.171887177e-07,5.013587955e-08,-2.055059664e-06,-5.282341357e-06,-6.375596070e-06,-4.621070164e-06,-3.000155337e-06,-4.919225301e-06,-1.019609980e-05,-1.493632988e-05,-1.547586505e-05,-1.201326003e-05,-8.106694871e-06,-6.952025096e-06,-8.666502192e-06,-1.113223031e-05,-1.272432807e-05,-1.351292482e-05,-1.395394136e-05,-1.333673167e-05,-1.036261908e-05,-5.280597253e-06,-7.572721740e-07,1.178609083e-07,-3.031884414e-06,-6.940749518e-06,-7.352375490e-06,-3.042045327e-06,2.592200699e-06,4.136468534e-06,-1.085577224e-06,-1.029786611e-05,-1.721773727e-05,-1.723243679e-05,-1.132717648e-05,-5.145010679e-06,-3.882438175e-06,-7.674289179e-06,-1.177444381e-05,-1.123598009e-05,-5.403857427e-06,2.069369991e-06,7.152682231e-06,8.793423866e-06,8.399442350e-06,6.945249343e-06,3.789148194e-06,-1.414073200e-06,-6.740462330e-06,-9.295929439e-06,-8.657460335e-06,-7.846524267e-06,-9.725414765e-06,-1.265582985e-05,-1.114344942e-05,-1.842206574e-06,1.142937558e-05,1.982924247e-05,1.734992391e-05,6.387368137e-06,-4.787821632e-06,-9.826624795e-06,-9.210067343e-06,-7.872218722e-06,-9.198673128e-06,-1.218148572e-05,-1.389505005e-05,-1.332608532e-05,-1.202003711e-05,-1.163360198e-05,-1.198225141e-05,-1.170132095e-05,-1.001884495e-05,-7.270536618e-06,-4.133428734e-06,-1.251821498e-06,3.007311591e-07,-8.618385429e-07,-5.004980269e-06,-1.018377309e-05,-1.349908409e-05,-1.389211493e-05,-1.326835557e-05,-1.432386197e-05,-1.744286180e-05,-2.035184092e-05,-2.089853701e-05,-1.944852719e-05,-1.793944775e-05,-1.695877337e-05,-1.476148387e-05,-9.587713258e-06,-2.286597008e-06,4.230651388e-06,8.132990644e-06,1.048015826e-05,1.345492295e-05,1.732822391e-05,2.003657409e-05,1.985599089e-05,1.768624796e-05,1.599726475e-05,1.581167594e-05,1.547279673e-05,1.294687629e-05,8.367257130e-06,4.294765733e-06,2.350238261e-06,2.149614059e-06,8.702912068e-07
P4,5.560344028e-06,1.125095053e-05,8.277888929e-06,6.364084456e-06,5.683740227e-06,6.249998444e-06,3.573692839e-06,-2.099066316e-06,-7.181323996e-06,-7.748929574e-06,-5.021661056e-06,-3.581492220e-06,-5.999286061e-06,-9.828780103e-06,-1.070897277e-05,-7.349418516e-06,-2.353916900e-06,1.442495571e-06,3.939495262e-06,6.538569577e-06,9.224601456e-06,1.047630771e-05,1.005412165e-05,1.026109793e-05,1.317587100e-05,1.714134393e-05,1.749616697e-05,1.144566091e-05,1.469245046e-06,-7.016814469e-06,-1.121779701e-05,-1.331033010e-05,-1.698756127e-05,-2.248861785e-05,-2.603278881e-05,-2.419831205e-05,-1.800497062e-05,-1.199878169e-05,-9.505678020e-06,-9.413735942e-06,-7.838028457e-06,-2.547628796e-06,4.700727741e-06,1.016005667e-05,1.197648599e-05,1.178120827e-05,1.248272677e-05,1.476530052e-05,1.606596569e-05,1.320623769e-05,6.025073782e-06,-1.832037763e-06,-6.039772879e-06,-5.615355588e-06,-3.666033151e-06,-3.969730257e-06,-6.955695324e-06,-9.402613943e-06,-8.150481319e-06,-3.656717975e-06,5.823226521e-07,1.967018941e-06,1.468022219e-06,1.997060523e-06,4.573822934e-06,6.961402862e-06,6.397841074e-06,3.100474967e-06,3.033314700e-07,7.312892460e-07,3.587300669e-06,5.469927212e-06,4.117797109e-06,8.418479703e-07,-8.126325819e-07,1.448239773e-06,6.563459258e-06,1.110892425e-05,1.208347326e-05,9.019467662e-06,4.037690754e-06,1.623737346e-07,-7.891744878e-07,7.005037797e-07,2.568055876e-06,3.121630169e-06,2.423028201e-06,1.669385317e-06,1.291160062e-06,1.794935607e-07,-2.657446156e-06,-5.824404373e-06,-5.832208725e-06,-5.004411530e-07,7.964991942e-06,1.406722846e-05,1.382286957e-05,8.433893756e-06,2.826315358e-06,5.365092700e-07,4.298940509e-07,-1.366364324e-06,-6.740704474e-06,-1.339393260e-05,-1.734009806e-05,-1.700299075e-05,-1.437631374e-05,-1.239162909e-05,-1.183506766e-05,-1.117748974e-05,-9.019001870e-06,-5.992514112e-06,-3.984810598e-06,-3.810080262e-06,-4.155284629e-06,-3.032783302e-06,-1.508732715e-07,2.378761132e-06,1.852795736e-06,-2.388534157e-06,-8.060873511e-06,-1.173326597e-05,-1.175623332e-05,-9.637690782e-06,-8.582394674e-06,-1.057524167e-05,-1.475365608e-05,-1.847510030e-05,-1.976654131e-05,-1.861105989e-05,-1.608094488e-05,-1.281405424e-05,-8.821875807e-06,-4.597867813e-06,-1.598675006e-06,-9.421835650e-07,-1.747520211e-06,-1.532293446e-06,1.154241467e-06,4.667064644e-06,5.473083900e-06,1.797109640e-06,-4.155959546e-06,-8.050280899e-06,-7.611834342e-06,-4.766788287e-06,-3.463008812e-06,-5.533319322e-06,-8.947868613e-06,-1.007269927e-05,-7.272273495e-06,-2.069927419e-06,2.922644327e-06,6.575704208e-06,9.441605468e-06,1.180806233e-05,1.240074339e-05,9.618821890e-06,3.936183761e-06,-1.616979529e-06,-3.994087188e-06,-3.210778706e-06,-2.418909218e-06,-4.446183636e-06,-8.300870756e-06,-9.637004418e-06,-5.163207424e-06,3.435888761e-06,1.037145761e-05,1.083913676e-05,5.239743147e-06,-1.687642383e-06,-5.644739708e-06,-6.312815800e-06,-6.299404788e-06,-7.444213659e-06,-9.034229489e-06,-9.584276327e-06,-9.291754390e-06,-9.726234302e-06,-1.123640462e-05,-1.175581617e-05,-8.976358867e-06,-3.407625178e-06,1.569183969e-06,2.959355823e-06,9.288804783e-07,-2.093335302e-06,-4.599746258e-06,-7.361572942e-06,-1.141796800e-05,-1.564069872e-05,-1.739579106e-05,-1.572795532e-05,-1.302537594e-05,-1.281935296e-05,-1.613697096e-05,-2.061552757e-05,-2.318465384e-05,-2.291203177e-05,-2.082230065e-05,-1.759697802e-05,-1.258872216e-05,-5.409652765e-06,2.385167911e-06,8.214169917e-06,1.110652409e-05,1.265689731e-05,1.490616337e-05,1.773725648e-05,1.908252044e-05,1.766738987e-05,1.466874014e-05,1.246372755e-05,1.137335038e-05,1.029434175e-05,7.487736971e-06,5.305942510e-06,4.451235682e-06,7.775751755e-06,5.139174733e-06
P8,3.730392979e-06,9.117876616e-06,7.994446503e-06,6.390177004e-06,5.859171475e-06,6.816061314e-06,5.418284620e-06,5.898003125e-07,-5.196921947e-06,-8.002899152e-06,-7.363517059e-06,-6.219618469e-06,-7.020419041e-06,-8.761271745e-06,-8.665960800e-06,-5.866586386e-06,-2.188997952e-06,5.922166839e-07,2.949100560e-06,6.306985075e-06,1.042122539e-05,1.340800282e-05,1.446973056e-05,1.525876631e-05,1.747748926e-05,1.968278782e-05,1.795617017e-05,1.037213128e-05,-2.756414425e-08,-7.773598367e-06,-1.044499862e-05,-1.074854448e-05,-1.278068965e-05,-1.695195614e-05,-1.956113412e-05,-1.737778501e-05,-1.170423378e-05,-7.172076781e-06,-6.760631823e-06,-8.720400604e-06,-8.649151336e-06,-4.162554892e-06,2.902096738e-06,8.693888971e-06,1.117497280e-05,1.154215638e-05,1.220472522e-05,1.383500488e-05,1.457632499e-05,1.203336235e-05,5.910628602e-06,-1.319412915e-06,-6.355291479e-06,-7.756328898e-06,-6.836161227e-06,-5.986879351e-06,-6.228794390e-06,-6.524399282e-06,-5.442999936e-06,-3.137707563e-06,-1.266756850e-06,-9.579294296e-07,-1.334235494e-06,-5.326943546e-07,1.894426543e-06,4.149349202e-06,4.136026863e-06,2.017006903e-06,2.939614496e-07,1.126654099e-06,3.879730662e-06,5.749987718e-06,4.870528775e-06,2.488869527e-06,1.828041306e-06,4.812675090e-06,1.001600378e-05,1.379887592e-05,1.341916754e-05,9.203784092e-06,4.035327684e-06,8.943415539e-07,6.815575652e-07,2.020137127e-06,2.935054696e-06,2.729213694e-06,2.284801139e-06,2.569482101e-06,3.047207696e-06,1.998122603e-06,-1.249237267e-06,-4.611315183e-06,-4.483111624e-06,7.113738339e-07,8.235361411e-06,1.286349597e-05,1.145080089e-05,5.698614557e-06,2.147150992e-07,-2.077381684e-06,-2.314716911e-06,-3.552684858e-06,-6.835786961e-06,-9.999950646e-06,-1.035670522e-05,-7.924654172e-06,-5.432085186e-06,-5.212547623e-06,-6.667464810e-06,-7.150049326e-06,-5.135227317e-06,-2.045223398e-06,-7.693278485e-07,-2.595139707e-06,-5.853563799e-06,-7.593334251e-06,-6.460096369e-06,-3.927018039e-06,-2.837970928e-06,-4.790160694e-06,-8.762200978e-06,-1.206634576e-05,-1.262536304e-05,-1.056483032e-05,-7.874947803e-06,-6.625721698e-06,-7.380863588e-06,-9.085430306e-06,-1.023572821e-05,-1.004284597e-05,-8.613630646e-06,-6.396012990e-06,-3.813438526e-06,-1.425981754e-06,-6.610316532e-09,3.253537907e-08,-6.411194670e-07,-5.383982613e-07,1.217091383e-06,3.651134449e-06,4.489471379e-06,2.326579806e-06,-1.708813441e-06,-4.710374840e-06,-4.672995146e-06,-2.459821939e-06,-9.889911981e-07,-2.379057344e-06,-5.896997653e-06,-8.714658279e-06,-8.580081614e-06,-5.638620153e-06,-1.730271319e-06,1.734264175e-06,4.834190154e-06,8.112042368e-06,1.099071661e-05,1.182206883e-05,9.710699656e-06,5.911113970e-06,2.859141514e-06,1.676876291e-06,1.059581719e-06,-8.938310675e-07,-3.845097477e-06,-4.867283047e-06,-1.482985217e-06,5.053262684e-06,1.010105186e-05,9.681019704e-06,4.105493443e-06,-2.608505718e-06,-6.734715571e-06,-7.814784313e-06,-7.728820959e-06,-7.668896840e-06,-6.969960562e-06,-4.922855187e-06,-2.679836536e-06,-2.335930315e-06,-4.187388720e-06,-5.849054968e-06,-4.737218863e-06,-1.087880328e-06,2.198721040e-06,2.745858609e-06,1.035197022e-06,-8.436934441e-07,-2.181882596e-06,-4.405603852e-06,-8.682470836e-06,-1.368181828e-05,-1.665153247e-05,-1.661802237e-05,-1.561798937e-05,-1.626415076e-05,-1.859839454e-05,-2.009421685e-05,-1.866846701e-05,-1.484874017e-05,-1.055507007e-05,-6.468737447e-06,-1.677769558e-06,4.013706504e-06,8.569075968e-06,9.577843446e-06,7.461834259e-06,5.744043158e-06,7.455717759e-06,1.168152753e-05,1.441372667e-05,1.284534618e-05,8.090973362e-06,3.524685258e-06,6.763881642e-07,-1.344431077e-06,-4.077432117e-06,-5.762171502e-06,-4.805656457e-06,2.374488024e-07,2.095490667e-06
O2,4.574392754e-06,1.059687180e-05,9.179619870e-06,7.811976686e-06,7.305506041e-06,7.669136477e-06,4.678261641e-06,-2.015707035e-06,-8.930885308e-06,-1.135633899e-05,-8.940166383e-06,-5.448351022e-06,-4.431761061e-06,-5.708906723e-06,-6.634146898e-06,-5.665401677e-06,-3.506598541e-06,-1.092363918e-06,2.004629373e-06,6.341387923e-06,1.069829014e-05,1.285773465e-05,1.248046790e-05,1.201021899e-05,1.371824600e-05,1.627754989e-05,1.550265366e-05,8.970539712e-06,-8.108051992e-07,-8.648296983e-06,-1.190383575e-05,-1.270739443e-05,-1.472433359e-05,-1.847308266e-05,-2.072594900e-05,-1.853744328e-05,-1.302890572e-05,-8.491271808e-06,-7.846581795e-06,-9.561058483e-06,-9.345616782e-06,-4.719226792e-06,2.408818401e-06,7.699055420e-06,8.690889395e-06,7.000294183e-06,6.252309348e-06,7.980902196e-06,9.800160569e-06,7.859733798e-06,1.149149491e-06,-6.879255356e-06,-1.129757967e-05,-1.038485815e-05,-7.127729404e-06,-5.930907583e-06,-8.087419180e-06,-1.086709452e-05,-1.096741544e-05,-8.186972959e-06,-5.184628401e-06,-3.999395367e-06,-3.774962606e-06,-2.358960662e-06,5.236977001e-07,2.720142727e-06,2.426214539e-06,6.503353633e-07,8.885773926e-08,1.734264398e-06,3.485752388e-06,2.605534650e-06,-8.676146452e-07,-3.792347344e-06,-3.038251154e-06,1.475976809e-06,6.886474936e-06,9.990974961e-06,9.437572891e-06,5.895246779e-06,1.060228835e-06,-3.190576578e-06,-5.421233986e-06,-5.389051261e-06,-4.335949712e-06,-3.962487488e-06,-4.754735180e-06,-5.635258146e-06,-5.599689548e-06,-5.304884487e-06,-6.237943894e-06,-8.178274539e-06,-8.385286084e-06,-4.311359072e-06,2.880362652e-06,8.416923227e-06,8.217202533e-06,2.887146214e-06,-3.101603649e-06,-6.137254269e-06,-6.741714815e-06,-7.940424538e-06,-1.113149043e-05,-1.452545921e-05,-1.569079801e-05,-1.465812103e-05,-1.368052723e-05,-1.421007223e-05,-1.508630585e-05,-1.415926108e-05,-1.114897642e-05,-8.114554719e-06,-7.031653326e-06,-7.506282446e-06,-7.313245645e-06,-4.992985145e-06,-1.527850724e-06,5.273383639e-07,-7.390689643e-07,-5.213068913e-06,-1.102854433e-05,-1.577391845e-05,-1.771658944e-05,-1.663252664e-05,-1.393028147e-05,-1.174091973e-05,-1.134017681e-05,-1.220409506e-05,-1.270604865e-05,-1.179224783e-05,-9.828158771e-06,-7.777398780e-06,-5.909666058e-06,-3.738005447e-06,-1.153105438e-06,9.714330387e-07,1.738591164e-06,1.545356647e-06,1.808806170e-06,3.133914973e-06,4.199888887e-06,3.065244453e-06,-3.865998364e-07,-3.827031590e-06,-4.719679592e-06,-3.021665249e-06,-1.217957773e-06,-1.563972741e-06,-3.648123165e-06,-4.998980589e-06,-3.897933060e-06,-1.072105422e-06,1.558290990e-06,3.314802972e-06,5.299495872e-06,8.438624685e-06,1.161647041e-05,1.244315947e-05,9.939587538e-06,5.901435992e-06,3.098623130e-06,2.253786555e-06,1.407749643e-06,-1.373645254e-06,-5.040336460e-06,-6.065318855e-06,-2.307505947e-06,3.947014632e-06,7.443463853e-06,4.784628958e-06,-2.332064100e-06,-8.854626800e-06,-1.115272089e-05,-9.770822798e-06,-7.653784936e-06,-6.476803250e-06,-5.445019802e-06,-3.464452841e-06,-1.358942380e-06,-1.018313374e-06,-2.583160125e-06,-3.543560687e-06,-1.339270061e-06,3.471397483e-06,7.391113561e-06,7.484387986e-06,4.141288262e-06,-1.900675833e-08,-3.480961701e-06,-7.163026598e-06,-1.227013609e-05,-1.773249743e-05,-2.080117792e-05,-2.021794479e-05,-1.792500585e-05,-1.700288702e-05,-1.825581180e-05,-1.956742476e-05,-1.866482155e-05,-1.573169347e-05,-1.269779459e-05,-1.040317270e-05,-7.501443011e-06,-2.557895343e-06,3.472500839e-06,7.769404437e-06,8.698882480e-06,7.619140267e-06,7.169724954e-06,8.129743907e-06,8.624448780e-06,6.479679432e-06,1.657716593e-06,-3.672019384e-06,-7.828151235e-06,-9.815643161e-06,-1.017240406e-05,-7.184178970e-06,-2.233177149e-06,5.524003468e-06,4.962537607e-06
HEOG,-2.447697088e-06,-3.060192700e-06,5.254109680e-06,8.519269609e-07,-4.706354447e-06,5.753650496e-06,1.573003541e-06,3.066838487e-06,-2.493014230e-06,7.967098530e-08,4.943386673e-06,1.081275982e-06,-8.667826958e-06,2.761949399e-06,1.045750214e-05,6.618024146e-06,-9.731152576e-06,-8.196497674e-06,7.702062144e-07,-3.106703183e-06,-4.588660236e-06,-2.676941054e-06,9.455819131e-06,8.628659156e-06,-8.325042990e-06,-8.686817728e-07,8.200556528e-06,9.020796446e-06,-5.321555926e-06,-6.053713713e-06,2.840778456e-06,-3.696511674e-06,-7.000277832e-06,-4.277075129e-07,9.174678598e-07,3.121325492e-06,-4.007247998e-06,-1.161181512e-05,1.432190541e-06,-2.066435658e-06,-6.241235535e-06,-2.639843143e-07,9.170149970e-07,2.327581716e-07,-1.807544478e-05,-9.238217414e-06,3.577281796e-06,-1.951862859e-05,-1.580225263e-05,-8.299561566e-06,2.898141008e-06,-4.291129957e-06,-1.893631506e-05,-1.135679563e-05,-5.460994068e-06,-6.824394175e-06,-2.310158215e-05,-8.978676595e-06,-3.701815194e-06,-8.345399048e-06,-4.252242889e-06,-2.932854156e-06,-2.434586905e-06,-4.947351606e-06,-2.504945188e-06,-5.137082245e-06,-2.597986802e-06,-4.925439448e-06,-9.302848519e-06,-1.111024139e-05,-1.471672553e-06,-9.722536669e-06,-1.202631876e-05,-1.023972178e-05,-4.971902732e-06,-6.459247655e-06,-1.062013173e-05,-8.482455345e-06,3.088840818e-06,2.977589176e-06,-9.493474470e-06,-7.880378091e-06,-1.712427000e-06,-8.355142016e-06,-1.507354518e-05,-1.068303190e-05,-3.726247830e-06,-9.865733455e-06,-1.459365702e-05,-3.681745111e-06,4.649801487e-06,-5.001160921e-06,-8.895306323e-06,-9.487178037e-06,2.709378142e-06,-3.602122392e-06,-1.358945583e-05,-7.971569686e-06,4.226820266e-07,6.915465598e-07,-1.073556869e-05,2.835312568e-06,8.529696039e-06,4.325821241e-07,-2.462987473e-06,-7.242653699e-06,4.326173671e-06,2.171675652e-06,-5.161725392e-06,6.650334766e-06,9.745112148e-06,1.379952092e-06,-8.472831779e-07,-3.068376937e-07,-2.998510621e-06,-3.829707764e-06,-3.166601213e-06,-3.068940785e-06,-8.838219793e-06,-1.308443998e-05,-2.538092728e-06,-7.226299548e-06,-4.085864890e-06,-3.134840839e-06,-1.742086525e-05,-1.231408028e-05,-1.039573808e-07,-5.506616258e-06,-1.627950081e-05,-1.426928986e-05,3.327911549e-07,-3.214786540e-06,-1.961535560e-05,-1.265384724e-05,-6.102868535e-06,-5.838109609e-06,-1.823177171e-05,-4.454552737e-06,7.760199085e-07,-7.868381618e-06,-7.958592871e-06,-9.090871701e-06,2.432573830e-06,-1.115814473e-05,-2.443392049e-05,-1.444815785e-05,-5.959956370e-06,3.019091889e-07,-1.115468037e-05,-2.533231078e-06,4.912097357e-06,-1.517812907e-06,-1.321905516e-05,-1.209908701e-05,-1.501812598e-06,-7.093846520e-06,-2.473041246e-05,-2.093141073e-05,-9.598907209e-06,-8.003687478e-06,-1.179214464e-05,-8.568994408e-06,4.607102222e-07,-1.637649763e-05,-2.263105359e-05,-1.237821002e-05,-4.436702331e-07,-7.618075606e-06,-1.210483278e-05,-2.234495802e-06,-2.839105646e-06,-3.566527799e-06,-2.080917349e-05,-1.214056003e-05,-1.511911508e-06,-1.147834652e-06,-1.144619265e-05,-1.757414061e-05,5.456512237e-07,-6.548663993e-06,-1.318571915e-05,-7.141961536e-06,-9.240553093e-06,7.752060381e-08,3.808008782e-07,8.166062103e-06,4.762901464e-06,6.337306388e-06,-5.526052680e-07,2.057376423e-06,1.107677962e-05,4.322177776e-06,-2.835164537e-06,6.034511510e-06,1.414036923e-05,1.064722602e-05,-5.454497740e-06,5.137840303e-06,9.557647565e-06,1.013547516e-05,-6.646997060e-06,-3.704210901e-06,2.977543937e-06,2.557563178e-06,-7.827343115e-06,-1.682982056e-06,6.558997488e-06,2.750107084e-06,-1.258417197e-05,-1.010415502e-05,4.931313227e-06,4.016786058e-06,-1.395745436e-05,-1.385464876e-05,7.076014548e-07,7.103605127e-06,-8.943158222e-06,-1.466586646e-05,1.973506068e-06,-1.226363555e-05,-7.205264791e-06
VEOG,5.457907744e-06,8.578495294e-06,4.479597820e-06,-5.623008531e-06,-1.464784336e-05,-1.060931430e-05,-2.582474042e-06,1.864971152e-06,-2.028489261e-06,-8.549620784e-06,1.037792393e-05,2.137351443e-05,1.902696406e-06,-4.624164776e-06,4.298700211e-07,5.415876696e-06,1.658065014e-05,4.033013377e-06,-6.032894684e-06,-1.524734153e-05,-1.575728878e-05,2.457308978e-06,6.731712304e-06,2.041745014e-05,2.390080780e-05,-5.084290734e-06,-6.632406818e-08,3.302877989e-06,-1.236535041e-05,-1.430389927e-05,1.049476273e-05,2.909402775e-05,9.457478068e-06,2.953966451e-06,1.038843867e-05,-6.184183284e-07,6.704619451e-06,-1.351612652e-05,-3.961614672e-06,1.162779115e-05,9.635463542e-06,-5.711762567e-06,2.080143188e-05,1.136113498e-05,1.339097261e-05,8.112246108e-06,6.689208399e-06,1.867423712e-05,3.555449925e-06,5.925045486e-06,5.302272904e-06,1.524733648e-05,2.568632663e-05,6.758250418e-07,-1.004636226e-05,2.551640145e-07,7.301417716e-06,1.208537338e-06,5.661429488e-06,4.320373003e-05,-3.326826590e-09,-8.582262543e-06,-5.553293609e-06,6.273299292e-07,7.553843017e-06,1.998735233e-05,2.514533551e-05,1.839132851e-05,1.860797861e-05,2.838576619e-05,3.026736523e-05,1.908832615e-05,1.941623617e-05,3.421427508e-05,3.283128914e-05,2.552377794e-05,2.729344253e-05,1.728044949e-05,2.605957060e-05,2.773009026e-05,3.170563874e-05,2.553222428e-05,1.481065600e-05,2.283327572e-05,2.387067832e-05,1.874455320e-05,1.654507683e-05,2.497335767e-05,2.596574892e-05,2.031724068e-05,2.602800703e-05,2.478832408e-05,1.745926125e-05,1.710300653e-05,3.005985254e-05,3.383251017e-05,2.105113118e-05,8.900164407e-06,2.294002824e-05,3.638995909e-05,4.083193659e-05,3.554295191e-05,3.523634889e-05,5.631957824e-05,2.084627837e-05,3.165381061e-06,1.669519518e-05,1.672145361e-05,2.422971449e-05,3.110304718e-05,2.777721797e-05,1.665534583e-05,1.143853804e-05,1.358877758e-05,2.369559299e-05,1.552780739e-05,2.955812153e-05,3.336831351e-05,1.927931462e-05,2.285899175e-05,1.981159215e-05,1.493632646e-05,2.624081789e-05,3.293107813e-05,4.025856481e-06,-4.384658955e-06,2.183094817e-05,2.149234528e-05,1.011797680e-05,4.280069813e-06,2.685050324e-05,2.536311427e-05,5.919831218e-07,7.303138632e-06,1.795299204e-05,9.139995367e-06,2.312915948e-05,2.152138401e-05,2.615653696e-05,2.672679284e-05,1.806615301e-05,1.406748988e-05,6.653349725e-06,1.452111136e-05,2.915316606e-05,2.879659479e-05,2.098974545e-05,1.397447179e-05,1.186262386e-05,2.083393989e-05,2.531944017e-05,3.361075529e-05,2.373698662e-05,1.969939294e-05,1.519115595e-05,2.259367339e-05,2.567253730e-05,2.007653527e-05,1.893465364e-05,2.421383524e-05,4.185825785e-05,5.541335265e-06,1.360188661e-05,2.970698216e-05,1.021542142e-05,2.572052668e-05,1.240946890e-05,1.752714246e-05,2.462943502e-05,1.281196705e-05,1.835878346e-05,2.040445448e-05,3.773268837e-06,1.585605694e-05,2.209936007e-05,2.051606637e-05,1.926663515e-05,9.651868779e-06,1.161684715e-05,1.776197602e-05,2.321046196e-05,2.796708324e-06,2.173401202e-05,7.534706511e-06,1.017112976e-05,1.197369111e-05,1.358144317e-05,2.104240483e-05,8.214975015e-06,1.768638777e-05,1.600605805e-05,3.590147927e-06,9.350643427e-06,7.173247639e-06,-6.591129345e-06,2.438340840e-05,1.361604695e-05,1.530437110e-05,4.365872770e-05,1.913811209e-05,3.629635998e-06,7.477127520e-06,4.337451073e-05,3.117615547e-05,3.011296817e-05,6.678891037e-05,1.114520020e-04,1.026780629e-04,1.367520211e-04,1.829214685e-04,2.326582778e-04,2.726505685e-04,3.353052695e-04,3.840557691e-04,3.867668411e-04,4.205641621e-04,4.125665356e-04,4.455226095e-04,4.107979059e-04,4.334559145e-04,2.462028810e-04
